# Si-Si bond lengths (Angstrom)
# Total count: 10800
3.012333
3.134994
3.032447
3.088232
3.102225
3.080711
3.041129
3.102098
3.025127
3.116634
3.053761
3.033260
3.087874
3.075913
3.073573
3.087519
3.025657
3.092624
3.050675
3.055264
3.094091
3.080443
3.031186
3.197401
3.025750
3.049434
3.193215
3.014743
3.062660
3.129716
3.070428
3.203718
3.033550
3.046048
3.140735
3.105966
3.093472
3.016289
3.070302
3.061559
3.059398
3.098039
3.046066
3.211988
3.093741
2.964086
3.055950
3.063742
3.034370
3.069981
3.157062
3.052557
3.049971
3.152235
3.060227
3.066826
3.037785
3.146557
3.150029
3.030835
3.096424
3.096842
3.066990
3.000375
3.157905
3.069877
3.136960
3.077142
3.079531
3.053382
3.065842
3.172547
3.036159
3.099196
3.103494
3.007835
3.146182
3.122329
3.181408
3.073490
2.984121
3.098893
3.149462
3.139193
3.073188
3.028983
3.048670
3.037446
3.160236
3.025381
3.045960
3.094910
3.034142
3.053935
3.042489
3.076743
3.148703
3.072840
3.065782
3.037656
3.081316
3.123238
3.061546
3.132012
3.032051
3.155279
3.030320
2.993572
3.081920
3.047506
3.078834
3.010573
3.060097
3.037236
3.029974
3.037441
3.002779
3.058634
3.029828
3.035500
3.047840
3.007991
3.163160
3.035301
3.110875
3.143932
3.121024
3.026139
3.085524
3.093895
3.108478
3.081773
3.118158
3.183171
3.041160
3.016356
3.200584
3.068727
3.069986
3.125325
3.071465
3.067593
3.115033
3.028043
3.128805
3.095305
3.052834
3.029929
3.074995
3.043808
3.067897
3.093535
3.108019
3.026764
3.008384
3.169609
3.008374
3.160896
2.998825
3.159935
3.033140
3.050841
3.062222
3.041601
3.076148
3.039283
3.131753
3.007665
3.034923
3.009546
3.134497
3.082970
3.012689
3.090084
3.036652
3.129412
3.047348
3.027096
3.128597
3.091310
3.110044
3.056012
3.188968
3.067246
3.023604
3.035720
3.042791
3.046487
3.134293
3.096186
2.999387
3.145364
3.145200
3.040873
3.072781
3.096299
3.041479
3.007066
3.059561
3.073626
3.080033
3.047426
3.124690
3.043172
3.082086
3.074857
3.001291
2.975447
3.076937
3.177751
3.045044
3.112403
3.002145
3.020873
3.124777
3.062292
3.011711
3.100331
3.033105
3.004038
3.088013
3.186355
3.152005
3.006528
3.098979
3.080455
3.002950
3.037688
3.002204
3.201923
3.197735
3.089783
3.121568
3.083508
3.019806
3.083208
3.037670
3.068329
3.061591
3.010184
3.105598
3.122101
3.134657
3.141142
3.056764
3.024455
3.170665
3.000732
3.032513
3.004024
3.085607
3.088642
3.041858
3.164025
3.046878
3.077896
3.071761
3.026325
3.039376
3.051628
3.147697
3.029074
3.114664
3.014227
2.999928
3.013500
3.094175
3.026446
3.081956
3.063044
3.022020
3.038834
3.095415
3.078934
3.155576
3.111580
3.014205
3.034018
3.105432
3.051511
3.189542
3.003280
3.119256
3.071494
3.056536
3.033585
3.015514
3.113874
3.067839
3.067595
3.137158
2.994743
3.073624
3.160386
3.089919
3.021614
3.124185
3.047172
3.157267
3.055193
3.057559
3.033263
3.110230
3.148585
3.019046
2.997739
3.155971
3.053369
3.047392
3.035259
3.030561
3.086716
3.036835
3.044281
3.086362
3.138283
3.036052
3.061272
3.052448
3.058900
3.073062
3.003707
3.057537
3.072966
3.164579
2.960736
3.024130
3.053074
2.982975
3.127750
3.008731
3.081824
3.071760
3.176724
3.163379
3.062927
3.057789
3.015205
3.044086
3.050263
3.030164
3.189264
3.126238
3.021739
3.105039
3.111664
3.014923
3.088367
3.124613
3.054458
3.142845
3.040467
3.187355
3.071408
3.059313
3.047912
3.165710
3.079622
3.045228
3.138623
3.141145
3.009973
3.043842
3.059742
3.077439
3.069117
3.103072
3.114039
3.046155
3.065668
3.008294
3.063454
3.096223
3.059733
3.055003
3.125991
3.075543
3.058368
3.092934
3.031387
3.021923
3.086657
3.044952
3.150573
3.036324
3.084620
3.105330
2.996310
3.081509
3.045285
3.083897
3.077239
3.098809
3.139533
3.059156
2.972757
3.068069
3.105282
3.092248
3.096192
3.025588
3.049036
3.155948
3.142238
3.023036
3.019104
3.039864
3.019973
3.006791
3.012461
3.106280
3.087109
3.052511
3.137841
3.075028
3.026540
3.019007
3.114344
3.091272
3.149010
3.061358
3.098872
3.027179
3.105066
3.140169
3.088785
3.047274
3.048978
3.121016
3.015444
3.156671
3.027741
3.095021
3.158000
3.108581
3.028426
3.020648
3.040884
3.055209
3.082565
3.113048
3.089787
3.088144
3.074749
3.039130
3.125446
3.095504
3.014844
3.116922
3.039523
3.079853
3.068868
3.189181
3.019376
3.159663
3.018133
3.050883
3.092937
2.995785
3.152796
3.071670
3.106334
3.012792
3.117789
3.033726
3.175193
3.056902
3.064527
3.110311
3.222862
2.945612
3.053014
3.021327
3.025273
3.044617
3.099434
2.996616
3.176694
3.126247
3.011231
3.084296
3.037067
3.036842
3.066839
3.053294
3.071195
3.027754
3.085585
3.043747
3.052558
3.022740
3.060303
3.047080
3.096314
3.072202
3.065316
3.180900
3.065603
3.152190
3.102528
3.091855
3.040657
3.026718
2.999483
3.033594
3.120260
3.044839
3.078978
3.070020
3.049259
3.162190
3.033401
3.108746
3.059226
2.954481
3.036862
3.128973
3.101422
3.196375
3.026871
3.103809
3.020783
3.080487
3.099836
3.133432
3.063871
3.006604
3.090237
3.109194
3.077596
3.019589
3.069810
3.089981
3.175418
3.017004
3.132067
3.021101
3.105291
3.121991
3.046211
3.109541
3.140149
3.081634
2.987923
3.122458
3.002024
3.074754
3.091666
3.065842
3.138543
3.043399
3.124777
3.062047
3.071857
3.055272
3.011213
3.079422
3.096318
3.047086
3.028833
3.132810
3.102721
3.039490
3.135218
3.055868
3.032713
3.074394
3.054649
3.176216
3.034525
3.058043
3.009104
3.075130
3.087020
3.069780
3.190529
3.032706
3.108160
3.061738
3.080944
3.088232
3.214404
3.022538
3.034851
3.058653
3.023969
3.065602
3.123968
3.025836
3.084760
3.096823
3.057711
3.027276
3.050793
3.044949
3.091921
3.130439
3.031937
3.141303
3.126741
3.060209
3.084900
3.051227
3.032346
3.035624
3.095260
3.032536
3.037028
3.130523
3.156095
3.022324
3.134419
3.128955
3.053937
3.218480
3.101441
3.052685
3.065768
3.114676
3.051282
3.054083
3.091389
3.059134
3.075944
3.046446
3.086360
3.103079
3.042608
3.012942
3.140706
3.077581
3.092719
3.075992
3.048698
3.023920
3.012764
3.109833
3.039607
3.050377
3.030664
2.962272
3.098797
3.047492
3.027806
3.042278
3.070677
3.070100
3.061284
3.019189
3.107143
3.076089
3.094997
3.113764
3.087748
3.009791
3.041331
3.041433
3.024058
3.037981
3.041552
3.110308
3.025165
3.085151
3.086393
3.082473
2.990820
3.046333
3.125548
3.036785
3.139055
3.070663
3.049456
3.019168
3.036727
3.066448
3.036950
3.002199
3.043117
3.147904
3.081475
2.998161
3.098089
3.085281
3.074532
3.055431
3.088345
3.114966
3.068295
3.044133
3.088891
3.024528
3.039192
3.225719
3.046222
3.059156
3.015974
3.140820
3.108294
2.940698
3.109448
3.084369
3.108561
3.042720
3.070581
2.998480
3.065820
3.052988
3.093236
3.134923
3.039455
3.093496
3.038304
3.129730
3.053941
3.142932
3.089889
3.069006
3.155910
3.046792
3.065483
3.163791
3.089279
3.029271
3.045259
3.048725
3.067143
3.033125
3.107225
3.077673
3.046371
3.076070
3.059550
3.139666
3.055166
3.216284
3.006943
3.100664
3.088992
3.090127
3.044069
3.161327
3.143171
3.057173
3.071529
3.095067
3.059463
3.085211
3.179326
3.067063
3.166248
3.059744
3.050353
3.102009
3.095104
3.139347
3.076377
3.109226
3.190684
3.021936
3.007742
3.038259
3.132685
3.059634
3.018841
3.024545
3.218121
3.052785
3.126111
3.067973
3.051688
3.053906
3.013458
3.149890
3.034292
3.045424
3.038955
3.069097
3.085562
3.136131
3.002143
3.104221
3.095597
3.057601
3.023007
3.106677
3.070600
3.047904
3.038847
2.999158
3.177030
3.031660
2.989351
3.045541
3.126655
3.212854
3.036663
3.077407
3.149860
3.061786
3.082011
3.043574
3.071491
3.158875
3.100678
3.029937
2.988585
3.124470
3.021662
3.053606
3.045256
3.069310
3.133018
3.130634
3.035830
3.044082
3.042063
3.050564
3.041210
3.111313
3.077316
3.118987
3.097319
3.080539
3.030373
3.188900
3.072079
3.023910
3.126948
3.102027
3.133437
2.992609
3.067868
3.038215
3.139107
3.114542
3.053278
3.133262
3.100382
3.124342
3.009481
3.103369
2.999166
3.089004
3.062112
3.135991
3.110419
3.146091
3.038301
3.038484
3.063109
3.122187
3.011838
3.105058
3.074590
3.029544
3.156443
3.097965
3.074235
3.015582
3.006564
3.102085
3.050148
3.031347
3.081681
3.026761
3.140084
2.989264
3.075058
3.047917
3.059179
3.106813
3.076990
3.024897
3.078467
3.053246
3.160567
3.063873
3.119061
3.135987
3.052753
3.065345
3.218205
2.979234
3.076012
3.025724
3.042557
3.175463
3.062002
3.108249
3.016594
3.082928
3.158238
3.040206
3.111402
3.084057
3.043303
3.075043
3.029501
3.094985
3.090851
3.076049
3.021888
3.151022
3.107164
3.103508
3.033761
3.020665
3.081739
3.202819
3.070832
3.093665
3.093685
3.053825
3.133712
3.135908
3.159686
3.003594
3.071768
3.040155
3.090560
3.037977
3.037426
3.105170
3.012266
3.119084
3.162207
3.123414
3.115786
3.030736
2.975025
3.014991
3.058209
3.030798
2.991950
3.060290
3.165085
3.000003
3.060342
3.081778
3.175227
3.064301
3.096164
3.024251
3.051539
3.043838
3.044319
3.046303
3.035267
3.064553
3.181071
3.121915
3.062157
3.070537
3.040303
3.117158
2.999541
3.054825
3.138886
3.122590
3.029673
3.070215
3.040642
3.031390
2.996263
3.153181
3.028639
3.070580
3.037685
3.102696
3.048881
3.099424
3.131131
3.047962
3.147497
2.999141
3.076384
3.052814
3.020115
3.083581
3.257480
3.042061
3.093844
3.125608
3.032766
3.069479
3.091766
3.050439
2.994471
3.069120
3.085384
3.004441
3.042829
3.062347
3.177918
3.021537
3.138327
3.014872
3.141746
3.049063
3.036224
3.146214
3.142149
3.115790
3.083748
3.035547
3.047319
3.049000
3.072302
3.052672
3.008351
3.147992
3.066806
3.139501
3.055801
3.073212
3.086358
3.029066
3.072640
3.105640
3.071267
3.071408
3.061330
3.063105
3.121870
3.190698
3.059936
3.091884
3.089689
3.181878
3.023255
3.064849
3.074158
3.049832
2.977643
3.127432
3.006817
3.090045
3.056203
3.071259
3.102987
3.061404
3.090966
2.993517
3.133556
3.088101
3.054451
3.130465
3.170460
3.059340
3.120421
3.089482
3.051673
3.078112
3.040050
2.971741
3.152068
3.082438
3.120356
3.210277
3.025707
3.317440
3.025282
3.115260
3.012758
3.060736
3.087206
3.138959
3.071694
3.086271
3.046021
3.138187
3.065790
3.102302
3.054130
3.040928
3.111142
3.122704
3.054339
3.014589
3.061869
3.046738
3.021967
3.125232
3.147704
3.080699
3.033412
3.158565
3.039843
3.059250
3.026935
3.093853
3.000170
3.101741
3.042896
3.102239
3.025084
3.181488
3.090275
3.106710
3.116162
3.105299
3.003891
3.043490
3.040908
3.097615
3.080688
3.054483
3.168117
2.977378
3.084325
3.016737
3.111689
3.146360
3.073377
2.995747
3.021379
3.137078
3.047737
3.124510
3.025401
3.042247
3.064924
3.001343
3.066786
3.051674
2.993942
3.101010
3.192174
3.021300
3.011250
3.122080
3.133429
3.062825
3.053842
3.052879
3.049044
3.058407
3.104505
3.124552
3.112121
3.090624
3.046206
3.029538
3.065503
3.087838
3.144230
3.043271
3.038648
3.075296
3.144111
3.056048
3.024386
3.065716
3.073664
3.025058
3.141543
3.055570
3.005440
3.084454
3.026635
3.071889
3.136037
3.071014
3.051229
3.061308
3.064738
3.068023
3.036591
3.014716
2.972087
3.058421
3.110294
3.034412
3.012850
3.168339
3.107152
3.119784
3.016761
2.994442
3.020719
3.172292
3.019327
3.054136
3.067326
3.048027
3.094691
3.134911
3.009919
3.040298
3.073713
3.028553
3.088074
3.124582
3.110317
3.044004
3.186994
3.087465
3.127269
2.990056
3.260610
3.041983
3.177137
3.157160
3.037916
3.041057
3.062675
2.981037
3.107068
3.025054
3.107795
3.073516
3.045800
3.112598
3.054395
3.020321
3.078039
3.033887
3.019145
3.017611
3.090138
3.126642
3.065552
3.120767
3.027576
3.028473
3.034264
3.022574
3.144508
3.018610
3.036048
3.214439
3.146198
3.017999
3.034973
3.037245
3.054723
3.142599
3.033025
2.975209
3.118944
3.085176
3.062466
2.995471
3.062683
3.162935
3.062675
3.177458
3.074727
2.981857
3.155724
2.983626
3.170673
3.092697
3.041107
3.050281
3.020575
3.102592
3.073901
3.127152
2.992429
3.097620
3.075347
3.068021
3.096959
3.119850
3.007101
3.094528
3.215201
3.074991
3.073061
3.068961
3.142749
3.008706
3.188440
3.004557
2.931877
3.140852
3.095047
3.037519
3.015424
3.082234
3.037357
3.129007
3.057359
3.085449
3.083711
3.145461
3.058063
3.080184
3.101001
3.122597
3.006813
2.991272
3.095968
3.049839
3.072849
3.148681
3.152797
3.001813
3.066685
3.028952
3.027290
3.079057
3.042756
3.250988
2.980196
3.146268
2.997123
3.149435
3.068114
3.022465
3.092770
3.053858
3.140484
3.079532
3.018596
2.996061
3.128555
3.126316
3.108844
3.089558
3.013272
3.054151
3.086920
3.079659
2.994196
3.102168
3.017196
3.066573
3.006003
3.063181
2.983109
3.198968
3.153570
3.076314
3.033563
3.058882
3.136302
3.100201
3.099224
2.987439
3.058495
3.221211
3.177100
3.138345
3.064148
3.049589
3.034496
3.121505
3.024970
3.054458
3.173284
3.076763
3.081964
3.020756
3.004319
3.214973
3.007819
3.035713
3.088503
3.178333
3.031131
3.113491
3.050929
3.020859
3.090482
3.098385
3.061578
2.998905
3.039458
3.059169
3.028208
3.126196
3.098353
3.107061
3.089154
3.065740
3.051019
3.045931
3.114912
3.138298
3.037780
3.025419
3.113989
3.040201
3.050080
3.042384
3.166187
3.016990
3.015850
3.026744
3.189217
3.053024
3.140654
3.096734
3.075820
3.105549
3.049017
3.018884
3.086811
3.110390
3.057838
3.058864
3.089229
3.172570
3.056269
3.071505
3.058313
3.069168
3.059995
3.124853
3.084509
3.149844
2.990373
3.076276
3.116969
3.120850
3.071479
3.026273
3.041171
3.156385
3.050119
3.000142
3.054158
3.059712
3.030218
3.153920
3.059702
3.102281
3.130287
3.026638
3.173856
3.044494
3.120612
3.087994
3.002917
3.106826
3.080730
3.023808
3.015329
3.177958
3.078868
3.105882
3.002609
3.123433
3.194077
3.126305
3.037388
3.073898
3.001087
3.004243
3.028422
3.123218
3.071379
3.133291
3.039458
3.144869
3.058038
3.065604
3.020614
3.143762
3.069833
3.059914
2.991064
3.129382
3.130148
3.023233
3.212637
3.062384
3.124620
3.037923
3.017999
3.073459
3.167872
3.066879
3.124831
2.999737
3.144824
3.175596
3.044577
3.141467
3.052587
3.054734
3.085139
3.127932
3.127047
3.059664
3.099054
3.094509
3.137084
3.029118
3.166166
3.136142
3.085968
3.050354
3.052827
3.029005
3.065818
3.070289
3.083663
3.072574
3.057042
3.077698
2.993750
3.051606
3.004055
3.068941
3.056639
3.200580
3.011440
3.023547
3.097595
3.105436
3.042826
3.067466
3.104042
3.120320
3.075225
2.962872
3.046185
3.061647
3.029404
3.018369
3.185142
3.206922
3.043602
3.021101
3.032753
3.056996
3.016068
3.079733
3.065327
3.115829
3.081873
3.051678
3.032673
3.155286
3.120829
3.026577
3.085589
3.226607
3.110947
3.137505
2.983800
3.150687
2.995066
2.996138
3.139193
3.048859
3.239441
3.084927
3.038349
3.065339
3.124367
3.118324
3.012392
3.022400
3.136918
3.069881
3.055477
3.069927
3.084515
2.979821
3.091589
3.128446
3.197096
3.044312
3.029759
3.026478
3.082840
3.085115
3.073679
3.045236
3.093720
3.083813
3.081899
3.092915
3.194867
3.058266
3.163582
3.051077
3.132144
3.047849
3.023702
3.119831
2.998653
3.098803
3.066995
3.002809
3.097296
3.027452
3.033786
3.087504
3.087882
3.036368
3.047971
2.984474
3.045911
3.142366
3.158996
3.064428
3.188117
3.072566
3.056992
3.109276
3.066189
3.145643
3.066689
3.112488
3.063557
3.112170
3.027473
3.041050
3.028998
3.083401
3.062086
3.037537
3.077771
3.054156
3.072130
3.037062
3.041816
3.207778
3.089494
3.054050
3.066326
3.038059
3.044694
3.071517
3.067890
3.111765
3.060131
2.995905
2.998565
3.050550
3.015212
3.242711
3.026739
3.039569
3.041448
3.000965
3.165080
3.056920
3.046168
3.140294
3.065633
3.037677
3.121828
3.145335
3.050600
3.163645
3.012556
3.053152
3.126140
3.013170
3.114977
3.067842
3.050723
3.180574
3.035629
3.042118
3.149055
3.046800
3.042384
3.093463
3.205445
3.061850
2.967707
3.036524
3.116119
3.067550
3.051879
3.116123
3.091842
3.046081
3.082569
3.096238
3.113024
3.056035
3.029377
3.093451
3.043561
3.084739
3.071965
3.160879
3.106023
3.031090
3.202118
3.061526
3.017437
3.079080
3.024646
3.085285
2.954552
3.097943
3.036501
3.058440
3.085497
3.041946
3.086515
3.092814
3.132571
3.017740
3.087201
3.137213
3.056112
3.072373
3.063061
3.203054
3.007395
3.090788
3.063604
3.145209
3.020486
3.112697
3.078531
2.975537
3.058961
3.053744
3.088614
3.094582
3.034734
2.994055
3.015462
3.192237
3.077119
3.129304
3.065675
3.034863
3.189786
3.059212
3.058640
2.980715
3.106796
3.108770
3.054518
3.044084
3.064652
2.993059
3.221361
3.144113
3.064515
3.065752
3.022563
3.037258
3.040406
3.155493
3.134355
3.044163
3.010644
3.160364
3.201666
3.136984
3.038736
3.057820
3.046299
3.133740
3.085062
3.062437
3.114068
3.042872
3.037379
3.099238
3.073471
3.151124
3.025161
3.020699
3.062928
3.082737
3.126682
3.035416
3.151026
3.043354
3.111270
3.088714
3.001602
3.113378
3.205865
3.015617
3.036641
3.124160
3.035950
3.072109
3.114479
3.028952
3.117230
2.996378
3.108417
3.036595
3.019356
3.089451
3.111847
3.091378
3.039562
3.025916
3.082123
3.104512
3.037135
3.086737
3.027435
3.033568
3.106746
3.008217
3.110436
3.061164
3.007239
3.067270
3.090198
3.099880
3.038686
3.027846
3.014863
3.063769
3.048546
3.109428
3.058315
3.068480
3.107636
3.106247
3.157864
3.090321
3.022218
3.096944
2.970596
3.071137
2.993073
3.001834
3.021919
3.159811
3.102763
3.024610
2.948542
3.064341
3.135353
3.069266
3.059900
3.066960
3.148801
2.998716
3.023773
3.080860
3.108472
3.064477
3.147158
3.019508
3.028044
3.057144
3.081767
3.147118
3.080571
3.146599
2.980835
3.179673
3.070672
3.164061
3.064729
3.122182
3.069112
3.054287
3.022830
3.104218
3.031163
3.248431
3.007869
3.205561
3.074901
3.025377
3.010349
3.061697
3.012810
3.055066
3.132758
3.147316
3.068840
3.054850
3.198819
3.065687
3.055391
3.189848
3.046948
3.024032
3.195408
3.005174
3.087988
3.075797
3.079968
3.070119
3.090764
3.011610
3.118936
3.121455
3.023216
3.054976
3.020833
3.113527
3.130714
3.009403
3.079892
3.127315
3.057318
3.091529
3.025912
3.143210
3.022087
3.129894
3.127055
3.057862
2.987475
3.061221
3.192594
3.013806
3.067889
3.060991
3.010878
3.027313
3.129949
3.058119
3.099153
3.149249
3.092088
3.058256
3.033585
3.150596
3.021874
3.041129
3.089976
3.016124
3.009551
3.138935
3.067167
3.096037
3.045330
3.135584
3.218737
3.064864
3.049129
3.165504
3.120946
3.089132
3.021113
3.068333
3.008880
3.058654
3.051346
3.136931
3.020806
3.059632
3.043486
3.051653
3.025021
2.984206
3.124116
3.113800
3.164952
2.967672
3.018433
3.094180
3.091352
3.022876
3.039981
3.066563
3.034793
3.116114
3.087972
3.136458
3.111067
2.952918
3.063003
3.094043
2.978700
3.091980
3.069860
3.016149
3.001520
3.041391
3.033187
3.087794
3.158110
3.138894
3.214905
3.165072
2.962458
3.063954
3.100538
3.035072
3.037514
3.142076
3.083659
3.210116
3.014884
3.033497
3.089306
3.133754
3.188605
3.166614
3.063169
3.038140
3.100843
2.962837
3.012718
3.162659
3.035413
3.108585
3.198772
3.019077
3.087057
3.120360
3.024089
3.100202
3.106524
2.988834
3.021811
3.038440
3.078266
3.163523
3.080596
3.105809
3.113144
3.009679
3.058324
2.988584
3.066405
3.087555
3.080882
3.059470
3.130640
3.077069
3.103077
3.176654
3.028218
3.090191
3.048346
3.087366
3.084987
3.040131
3.009084
3.056746
2.997136
3.095536
3.060636
2.995909
3.273554
3.000046
3.063854
3.075122
3.023860
3.207906
3.102530
3.031260
3.105978
3.022191
3.028206
3.023876
3.001875
3.172913
2.964798
3.121899
3.022846
3.035680
3.070144
3.044910
3.011009
3.126137
3.124830
3.137507
3.121744
3.029901
3.056961
3.220477
3.051905
3.048385
3.035177
3.050361
3.094681
3.180079
3.074878
3.103900
3.163316
3.055917
3.223975
3.147448
3.030179
3.020970
3.035377
3.099175
3.163708
3.003625
3.131090
3.099058
3.041268
3.037094
3.133671
3.017624
3.173691
2.982615
3.069889
3.024497
3.001181
3.153774
3.002531
3.061019
3.060532
3.113217
3.036548
3.118718
3.047049
3.101624
3.031191
3.071931
3.001167
3.104365
3.167815
3.083490
3.127435
3.043842
3.069288
3.060198
3.098155
3.022989
3.190134
3.108724
3.084105
3.041803
3.096869
3.108442
3.190056
2.975325
3.212576
3.027353
3.150228
3.078427
3.099418
3.095170
3.025994
3.108662
3.067179
3.070257
3.010877
3.043071
3.031800
3.093332
2.955677
3.064159
3.090727
3.162055
3.047178
3.067629
3.207808
3.009034
3.026000
3.131852
3.026267
3.088072
3.161536
3.024649
3.067060
3.034002
2.986690
3.051281
3.034993
2.996143
3.001441
3.064922
3.094865
3.098384
3.068376
3.068769
3.095788
3.098880
3.164804
3.008760
3.048989
3.047047
3.140356
3.069858
3.027852
3.062771
3.129927
3.033838
3.166403
3.067671
3.039187
3.051103
3.045381
2.989031
3.039841
3.176477
3.081969
3.051451
3.068880
3.104774
3.053878
3.038093
3.152197
3.209901
3.042574
3.024199
2.982135
3.041906
3.092943
3.013218
3.004049
3.089554
3.160563
3.201626
3.069714
3.023631
3.223427
2.995442
2.977459
3.033540
3.041947
3.113414
3.056439
3.116470
3.062778
3.084290
3.155584
3.133894
3.154912
2.952795
3.216457
3.014641
2.993806
3.047881
3.207856
3.022499
3.064289
3.030130
3.087522
3.031851
3.175483
3.059219
3.210022
3.092842
3.132196
3.034116
3.063599
3.112841
3.069361
3.181794
3.038851
3.080995
3.079203
3.169909
3.078575
2.955357
3.060025
3.056980
3.126126
3.067073
2.979382
3.096821
3.000012
3.058704
3.160659
3.043472
3.060408
3.070111
3.033556
3.089575
3.059066
3.045535
3.224430
3.117643
3.063885
3.106947
3.055605
3.095091
3.075636
3.068090
3.114870
3.046300
3.117837
3.069623
3.057083
3.143885
3.071227
3.030786
3.072494
3.078856
3.003582
3.097612
3.112667
2.983293
3.043756
3.132004
3.114674
3.061901
3.131582
3.122202
3.123775
3.022741
3.056793
3.090382
2.997292
3.055334
3.051568
3.123353
3.024616
3.066708
3.028340
3.073342
3.054043
3.024071
3.024225
3.076831
3.066479
3.035728
3.056364
3.078730
3.126716
3.037242
3.150922
3.054470
3.115431
3.094408
3.062374
3.013765
3.000499
3.145478
3.078124
3.043299
3.033272
3.126334
3.081594
2.989740
3.155372
3.158618
2.997994
3.091517
3.064180
3.082559
3.012448
3.090045
3.077398
3.034482
3.120373
3.034166
3.237103
3.201009
3.017158
3.144920
2.988329
3.046755
3.168742
3.082705
3.091011
3.137716
3.065819
2.974585
3.043756
3.101242
3.177234
3.038189
3.130526
3.049872
3.041194
3.099050
3.041819
3.055661
3.049220
3.053508
3.169006
3.060378
3.130045
3.005399
3.014953
3.111690
2.994289
3.090568
2.987214
3.074913
3.039405
3.093612
3.091806
3.015687
3.038807
3.136000
2.997634
3.048638
3.051176
3.098625
3.044835
3.047906
3.145516
3.101834
3.083074
3.069602
3.026856
3.109169
3.092339
3.166963
3.065955
3.117190
3.001686
3.097932
3.057924
3.078896
3.063364
3.010205
3.082745
3.216063
3.094827
3.160062
3.048199
3.093980
3.078864
3.045696
3.027842
3.245825
3.035470
3.098148
3.086240
3.087494
2.990261
3.138213
3.083015
3.008803
3.005286
3.041714
3.035736
3.146085
3.045016
2.965138
3.096301
3.089951
3.079669
3.061346
3.046390
3.019914
3.270552
3.020638
3.068613
3.043348
3.001612
3.069982
3.164272
3.089587
3.043216
3.126269
3.078574
3.022194
3.115280
3.000536
3.082065
3.028286
3.099608
2.994646
3.106648
3.002773
3.048254
3.087195
3.078773
3.219114
3.109759
3.046080
3.060413
3.132477
3.072800
3.114161
3.097938
3.062010
3.035952
3.020943
3.142912
3.055237
3.013275
3.212671
3.051749
3.029821
3.029246
3.027362
3.108060
3.021540
3.033195
3.101213
3.033350
3.097854
3.084803
3.134123
3.029143
3.030729
3.157163
3.020539
2.990715
3.020701
3.050854
3.088394
3.087725
3.110897
3.091312
3.080663
3.047055
3.079998
3.054235
2.978375
3.159496
3.006060
3.144502
3.140999
3.100389
3.062219
3.200437
3.145072
3.017770
3.075574
3.183417
3.037969
3.061653
3.049151
3.003733
3.198989
2.983007
3.001402
3.072475
2.896461
3.105221
3.058766
3.062582
3.098673
2.992451
3.035560
3.167803
2.971393
3.057548
3.111884
3.035705
3.034343
3.168167
3.009683
3.044792
3.104699
3.067161
3.104401
3.061614
3.121685
3.069244
3.064196
3.143616
3.072496
3.012307
3.070927
3.067686
3.018303
3.089110
3.171034
3.092048
3.089218
3.107604
3.075421
3.163748
3.033920
3.156073
3.051402
3.038435
3.004568
3.075502
3.091755
3.098783
2.960200
3.154777
3.047883
3.089294
3.075794
3.037705
3.059592
3.158303
3.240699
3.247904
3.009870
3.059780
3.044440
3.074007
3.041883
2.974363
3.077640
3.167116
3.028310
3.125609
3.042733
3.030209
3.084941
3.067347
3.125115
3.003723
3.035861
3.063173
3.122445
3.110620
3.025979
3.072027
3.063283
3.089580
3.087883
3.016848
3.074665
3.086431
3.093715
3.110106
3.024927
3.110035
3.071353
3.077739
3.010286
3.064671
3.043973
3.113265
3.077253
3.059937
3.090784
3.032712
3.027390
3.080574
3.102114
3.035043
3.050543
3.037952
3.145650
3.100348
3.095104
3.066390
3.101278
3.144086
3.133266
3.002388
2.978162
3.063491
3.041365
3.066891
3.156645
3.056065
3.103568
3.128842
3.110119
2.996360
3.014824
3.030031
3.076535
3.085827
3.099485
3.084413
3.164094
3.109861
3.027696
3.033388
3.139167
3.056164
3.077145
3.128293
3.120560
3.010044
3.080352
3.075423
3.009067
3.020782
3.079261
3.133652
3.092912
3.116440
3.071124
3.081369
2.999272
3.071701
3.087410
3.021953
3.095356
3.097975
3.147187
3.111711
3.024664
3.098563
3.005585
3.044373
2.992214
3.126356
3.096453
3.187656
3.145545
3.082531
3.104112
3.019152
3.023860
3.062556
3.133847
3.134004
3.108729
3.158716
3.072570
3.095263
3.174273
3.129674
3.127752
3.063410
3.039827
3.062220
3.071154
3.195194
3.126181
3.035498
3.076556
3.142824
3.105608
3.076461
3.039528
3.129245
2.995466
3.060963
3.106842
3.128283
3.012704
3.159406
3.002896
3.120355
3.058663
3.044249
3.042378
3.166235
3.045254
3.089418
3.082263
3.055160
3.128442
3.053217
3.013925
3.093756
3.042422
3.059239
3.066145
3.160233
3.063426
3.009164
3.015147
3.064601
3.069029
3.161404
3.010446
3.176224
3.055919
3.053117
3.019420
2.995734
3.087403
3.102673
3.208519
3.017936
3.100369
3.069634
3.103009
3.084202
3.132958
3.080592
3.056550
3.098878
3.059547
3.075639
3.127726
3.099764
2.999968
3.087013
3.137773
3.175007
3.113555
3.057977
3.016736
3.181340
3.011636
3.068144
3.046089
3.050952
3.084891
3.232389
3.154414
3.061944
3.191636
3.016483
2.999317
2.992118
3.058568
3.054060
3.013721
3.050153
3.087540
3.014675
3.027424
3.148230
3.075227
3.156321
3.086626
3.046240
3.131829
3.123465
3.026502
3.112809
3.033204
3.038594
3.145631
3.019289
3.017885
3.077174
2.989813
3.078286
3.020477
3.017202
3.238895
2.975023
3.064042
3.065868
3.054975
3.140104
3.061666
3.078601
3.096541
3.087608
3.024199
3.135719
3.064998
3.104650
3.083215
3.084957
3.120202
3.138898
3.069629
3.047353
3.043251
2.984913
3.028377
3.164480
3.143068
3.042397
3.202688
3.081394
3.093034
2.972854
3.098668
3.040824
3.003405
3.050278
3.062476
3.114838
3.145991
3.079440
3.064966
3.061074
3.108729
3.208728
3.092672
3.005915
3.037676
3.002382
3.146966
3.089580
3.076195
3.135882
2.982695
3.066371
3.028914
3.147237
3.155018
3.106151
3.118752
3.014342
3.074467
3.045495
3.105495
3.086704
3.082617
3.080968
3.083614
3.056588
3.108051
3.034320
3.084606
3.021050
3.055477
2.989876
3.053863
3.078423
3.063648
3.020145
3.074360
3.072849
3.037588
3.081608
3.115526
3.080060
3.046878
3.041705
3.088563
3.059915
3.011187
3.036499
3.089040
3.193164
3.071925
3.040926
3.058798
3.072357
3.114196
3.009492
3.057886
3.125675
3.026641
3.058180
3.103334
3.009574
3.084868
3.160097
3.036721
2.992700
3.109555
3.031445
3.112741
3.028766
3.138594
3.041732
3.080610
3.034624
3.183421
3.073924
3.118905
3.069679
3.033354
3.076212
3.048278
3.039832
3.087072
3.062865
3.169600
3.117767
3.121882
3.111614
3.007124
3.017671
3.067842
3.027117
2.988543
3.058187
3.046330
3.098165
3.041560
3.055274
3.081306
3.023328
3.001909
3.124720
3.064659
3.026264
3.101092
3.017429
3.059696
3.026479
3.174393
3.016234
3.053648
3.112331
3.060276
3.101289
3.143901
2.990777
3.058947
3.058696
3.148688
3.138665
3.033131
3.090283
3.113263
3.025564
3.028681
3.019667
3.059200
3.149917
3.183370
2.985389
3.104186
3.072782
2.986798
3.082972
3.089759
2.993869
3.005403
3.029885
3.060576
3.065349
3.004366
2.992206
3.060897
3.217462
3.157004
3.012848
3.026734
2.999926
3.014375
3.057203
3.048185
3.032753
3.167579
3.037489
3.032689
3.038222
3.094573
3.058203
3.039395
3.168239
3.046607
3.022178
3.132610
3.057883
2.980782
3.086505
3.146737
3.059979
3.105236
3.018835
3.097709
3.047345
3.091094
3.085551
3.084454
3.073320
3.080435
3.153054
3.158638
2.997914
3.048474
3.150004
3.075484
3.068744
3.044334
2.994015
3.106441
3.175374
3.076365
3.173887
3.107452
3.013526
3.117879
3.030722
3.152053
3.105218
3.111100
3.062573
3.074950
3.091318
3.028722
3.160595
3.161089
3.113494
3.151661
3.044545
3.023168
3.022596
3.131584
3.091241
3.088068
3.116702
3.054697
3.175625
3.073595
3.161868
3.080908
3.035099
3.034219
3.173108
3.048376
2.971660
3.166229
3.125741
3.052422
3.048114
3.085400
3.121939
3.054051
3.010933
3.172082
3.051073
3.049934
3.167829
3.096423
3.134871
3.015423
3.034380
3.009205
3.052874
3.089215
3.192074
3.040113
3.076919
3.178502
3.069485
3.117749
3.022073
3.079405
3.127032
3.041916
3.024908
3.049289
3.012148
3.128686
3.099249
3.023788
3.043368
3.022117
3.110800
3.094722
3.090055
3.077564
3.072015
3.099777
3.141887
3.074714
3.108346
3.024493
3.059400
3.081514
3.106362
3.042091
3.088138
3.059783
3.016552
3.185431
3.134547
3.006735
3.082336
3.085642
3.041507
3.058185
3.047604
3.076311
3.022407
3.110622
3.080328
2.986540
3.047009
3.045206
3.036749
3.035669
3.045947
3.077879
2.981089
3.013401
3.130830
3.034955
3.026339
3.145138
3.049268
3.155110
3.055079
3.087967
3.098913
3.083609
3.064750
3.059776
3.090420
3.025732
3.091376
3.093143
3.088842
3.155126
3.149483
3.049527
3.018898
2.999736
3.035669
3.178912
3.135109
3.005986
3.001559
3.083542
3.086662
3.055428
3.074491
3.012498
3.144747
3.005859
3.074542
3.085018
3.047670
3.120451
3.098560
3.069227
3.053911
3.044197
3.105482
3.024558
3.026974
3.078059
3.085259
3.111063
3.122137
3.035934
3.025177
3.061442
3.212102
3.172691
3.168148
3.068171
3.011418
3.064254
3.040209
3.114156
3.141158
3.105358
3.047698
3.160363
3.062453
3.100750
3.076841
3.168147
2.988023
3.049750
3.056649
3.153820
2.991913
3.042900
3.072510
3.031358
3.060105
2.996686
3.050303
3.163174
3.101922
2.999008
3.065938
3.126730
3.125142
3.071137
3.113291
3.081748
3.091457
2.992578
3.160312
3.028200
3.069980
2.987886
3.022108
3.115412
3.263814
3.055633
2.996627
3.121091
3.062288
3.022239
3.054333
3.045640
3.125796
3.128636
3.031627
3.043896
3.166986
3.096210
2.997939
3.008676
3.038504
3.279860
2.990756
3.092493
2.975198
3.213827
3.099193
3.154936
3.145978
3.195745
3.227264
3.021694
3.093555
2.982791
3.092238
3.084091
3.019747
2.943347
3.105898
3.097762
3.097608
3.126761
3.047686
3.048745
3.017200
3.048838
3.011739
3.015388
3.174047
2.962639
3.117537
3.100366
3.042276
3.021217
3.152228
3.057364
3.023487
3.161055
3.083718
3.064294
3.092989
3.027641
3.040378
3.028861
3.097992
3.028035
3.099769
3.012646
3.087605
3.083785
3.050639
3.024734
3.091608
3.120388
3.104869
3.044904
3.043214
3.061162
3.087766
3.047144
3.060777
3.071214
3.102991
3.055978
3.032753
3.063103
3.123921
3.100335
3.036096
3.053470
3.139150
3.051225
3.076110
3.065104
3.042286
3.080091
3.052768
3.033140
3.028541
3.123974
3.173123
3.055965
2.970782
3.077728
3.121399
3.073482
3.025224
3.156463
3.059344
3.032418
3.090185
3.072140
3.090655
3.091045
3.071030
3.071539
3.091525
3.032040
3.044990
3.029082
3.019971
3.163272
3.033261
3.132574
3.036248
3.013263
3.034773
3.082927
3.198725
3.025605
3.062383
3.096442
3.034768
3.085640
3.027063
3.167370
3.052180
3.031795
2.999937
3.064504
3.159630
3.055160
3.052505
3.141025
3.178777
3.172376
3.029901
3.082185
3.021639
3.114319
3.035790
3.143595
3.045603
3.038993
3.047115
3.091303
3.162368
3.054061
2.979053
3.105003
3.223336
3.068468
3.120536
3.023203
3.138046
3.028305
3.133521
3.113992
3.035657
2.997946
3.026161
3.081599
3.037312
3.001507
3.165191
3.028233
2.997701
3.024227
3.112250
3.070305
3.159294
3.191253
3.029490
3.067328
3.068249
3.137388
3.066546
3.098951
3.070183
3.036232
3.011359
3.146626
3.146651
3.044582
3.062461
3.176294
3.032815
3.019904
3.094809
3.122609
3.061773
3.098798
3.217731
3.084156
3.116302
3.059811
3.139912
3.006503
3.055797
3.068993
3.002859
3.061086
3.229292
3.078808
3.165331
3.052046
3.043232
3.100401
3.039085
2.962219
3.170793
3.055111
3.050749
3.036903
2.986734
3.183359
3.052363
3.065889
3.058072
3.090727
3.034427
3.058844
3.088296
3.129326
3.062277
3.104292
3.013503
3.222623
3.061058
3.008709
3.098670
3.111498
3.019074
3.075312
3.162264
3.118629
3.037026
3.082892
3.065652
3.020385
3.054178
3.016302
3.084130
3.029441
2.972080
3.086815
3.068816
3.032514
3.102424
3.093897
3.043500
3.109363
3.087998
3.026515
3.084029
3.029006
3.127021
3.125955
3.014529
3.112016
3.162578
3.019496
3.110811
3.041494
3.029799
3.144117
3.072129
3.013466
3.022648
3.084643
3.169203
3.088868
3.025820
3.052984
3.116840
3.079938
3.052027
3.056958
3.058435
3.166652
3.127174
3.047799
3.103018
3.002314
3.027782
3.098876
3.048219
3.096529
3.003092
3.056536
3.086508
3.058714
3.041041
3.084386
3.069463
3.265532
3.048210
3.070405
3.034037
3.017341
3.158083
2.996520
3.115391
3.065625
3.149233
3.065492
3.022053
3.084128
2.995735
3.022380
3.030357
3.054957
3.020314
3.207013
3.053092
3.054240
3.099971
3.018468
3.026346
3.076805
3.082291
3.023537
3.042276
3.115955
3.086572
3.057516
3.106281
3.124908
2.963364
3.085032
3.057223
2.994868
3.054049
3.053847
3.066389
3.206777
3.076394
2.977344
3.049104
3.124505
3.033396
3.208216
3.034201
3.040414
3.053620
3.128929
3.075396
3.039361
3.128477
3.010024
3.150713
3.056191
3.099682
3.144716
3.032084
3.061559
3.016653
3.171386
3.067302
3.042989
3.085827
3.094796
3.069033
3.138335
3.118823
3.041387
3.114543
3.126117
3.103943
3.079333
3.042500
2.993191
3.102979
3.026311
3.051005
3.124937
3.083501
3.060336
3.063760
3.032663
3.175416
3.091287
3.130269
3.123841
3.079997
3.044725
3.108140
2.985670
3.083805
3.075522
3.085070
3.211223
3.032593
3.067927
3.083952
3.000411
3.098691
3.013367
3.153483
3.063055
3.048128
3.054571
3.109466
3.043562
3.064117
3.038608
3.052958
3.107964
3.072277
3.067309
3.018363
2.998341
3.148410
3.029479
3.009807
3.169909
3.112737
3.084944
3.116793
3.095614
3.135725
3.119842
3.033723
3.033872
3.118141
3.073362
3.153051
3.016921
2.981657
3.044812
3.080604
3.088813
3.130797
3.078323
3.068882
3.163685
3.089681
3.011259
3.031767
3.054846
3.133995
3.138198
3.078373
3.110734
3.068066
3.001956
3.076933
3.012263
3.078132
3.079923
2.985907
3.044811
3.083933
3.037681
3.016345
3.124603
3.108999
3.057525
3.051799
3.124650
3.059264
3.044358
3.035701
3.047626
3.073043
3.044152
3.087025
3.054549
3.198331
3.069491
3.037323
3.036165
3.182978
3.041831
2.983972
3.046409
3.102725
3.035669
3.157569
3.109414
3.025568
3.207953
3.005599
3.119858
3.025614
3.151507
3.203239
3.157950
3.092372
3.043568
3.014451
3.158437
3.069686
3.068079
3.065690
3.158061
3.017119
3.074784
3.059177
3.149070
3.079233
3.115464
3.026656
3.183229
3.048754
3.062504
3.098457
3.063010
3.070212
3.128844
3.188749
3.101369
3.113076
3.084828
3.053840
3.039180
3.041130
3.047587
3.172168
3.054521
2.992947
3.071882
3.059272
3.051737
2.970141
3.003025
3.116532
3.049901
3.095785
3.036826
3.089094
3.113826
3.083875
3.086208
3.083276
3.137128
3.076226
3.187661
3.089053
3.140548
3.047172
3.170241
2.982418
3.049076
3.056714
3.051382
3.068766
3.026158
3.039573
3.140738
3.077077
3.139379
3.032109
3.142353
3.072791
3.214408
3.073309
3.043476
3.115349
2.983226
3.059094
3.090523
3.071639
3.047121
3.116133
3.172297
3.199543
3.019139
3.060634
3.046610
3.199830
3.060721
3.042479
3.056391
3.114657
3.117128
3.024705
3.057059
3.147788
3.130574
3.039812
3.017573
3.089958
3.048210
3.041550
3.077259
3.047697
3.086824
3.128816
3.101560
3.112278
3.183796
3.018890
3.045552
3.094719
3.067431
3.056698
3.206979
3.156989
3.004168
3.035348
3.066616
3.028490
3.013777
3.192268
3.103532
3.052933
3.124342
3.047900
3.085075
3.041534
3.049427
3.140662
3.122733
3.129990
3.050003
3.057836
3.042494
3.028588
3.106228
3.122576
3.029276
3.056023
3.038123
3.086320
3.066026
3.149244
3.142457
3.033169
3.110838
3.101482
3.010610
3.113023
3.106519
3.023646
3.023221
3.007518
3.075951
3.014481
3.151052
3.174786
3.068083
3.116543
3.055733
3.115682
2.989783
3.066910
2.983134
3.262293
3.148721
3.042921
3.014133
3.146746
3.035068
3.097830
3.142765
3.056176
3.094786
3.110061
3.177034
3.015934
3.079691
3.073020
3.034168
3.085337
3.039273
3.061655
3.045702
3.043854
3.123731
3.026500
3.037200
3.012472
3.059115
3.070371
3.194850
3.018227
3.056978
3.091343
3.034987
3.086888
3.120725
3.159356
2.993475
3.136500
3.032639
3.166549
3.033065
3.001995
3.042318
3.092733
3.058488
2.963995
3.075532
3.179757
3.068463
3.111567
3.079321
3.052844
3.116093
3.054181
2.991454
3.130230
3.073019
2.996980
3.117888
3.053976
3.075389
3.014863
3.092524
3.049373
3.058860
3.060393
3.110400
3.143759
3.135693
3.026095
3.036385
3.046133
3.182549
3.039824
3.042395
3.061085
3.111715
3.133688
3.201829
3.110923
3.138113
3.004772
3.083013
3.107238
3.063715
3.049250
3.024677
3.044797
3.092742
3.148222
3.024992
3.081744
3.024904
3.008481
3.062394
2.973998
3.077676
3.126461
3.127474
3.005380
2.956757
3.158276
3.141373
3.038276
3.106947
3.039623
3.037791
3.021251
3.165613
3.007156
2.997940
3.133698
3.005689
3.058553
3.044325
3.077968
3.097439
3.072414
3.060216
3.079021
3.052696
3.007149
3.105350
3.091107
3.069747
3.112177
3.051374
3.091677
3.093831
3.066989
3.058898
3.062608
3.163577
3.061481
3.031482
3.034916
3.044234
3.083085
3.027395
3.086535
3.098414
3.144762
3.047558
3.101938
3.117278
3.038526
3.026889
3.065328
3.018935
3.191314
3.108992
3.024104
3.036870
3.171090
3.073051
3.030830
3.042561
3.039575
3.056768
3.080067
3.064604
3.108582
3.084592
3.063885
3.027035
3.067231
3.235346
3.148555
3.139991
3.004943
3.073799
3.100157
3.085280
3.093299
2.960184
3.091309
3.027130
3.180857
3.058831
3.073635
3.064580
3.120162
3.074725
3.185500
3.042076
3.119847
3.014034
3.032506
3.039962
3.016755
3.097544
3.073256
3.072545
3.071281
3.125423
3.054603
3.001408
3.047380
3.052404
3.050652
3.149710
2.990659
3.095210
3.135207
3.143561
3.056535
3.067355
3.071777
3.063158
3.062337
3.102299
3.002575
3.151139
2.977957
3.026685
3.101464
3.140381
3.050860
2.943934
3.065035
3.078978
3.095193
3.000859
3.172109
3.011610
3.062645
3.068898
3.222368
3.049306
3.032380
3.047123
3.076572
3.037245
3.176783
2.995755
3.040569
3.112278
3.123735
3.189645
3.032602
3.086792
3.086079
3.130768
3.021030
3.097571
3.099042
3.025405
3.148181
3.196190
3.144730
3.014837
3.100234
3.102039
3.029050
3.101767
3.073887
3.083961
3.102158
3.005153
3.007703
3.022563
3.136473
3.067762
3.037298
3.071756
3.026317
3.065712
3.057223
3.060417
3.062259
3.075390
3.070602
3.113073
3.162601
3.122612
3.074216
2.998071
3.077380
3.021984
3.232742
3.018080
3.076241
3.108566
3.129808
3.019915
3.084225
3.053669
3.121568
3.001666
3.084234
3.135799
3.100338
3.052400
3.168340
3.093864
3.032611
3.132017
2.972105
2.962618
3.045187
3.112875
3.085675
3.081180
3.110032
3.023860
3.022475
3.188313
3.108780
3.081575
3.052440
3.052610
3.095185
3.028440
3.051407
3.066973
3.010400
3.097661
3.023185
3.055518
3.104718
3.076134
3.107008
3.077098
3.114867
3.059314
3.061938
3.163214
3.096847
3.123185
3.071129
3.063119
3.102028
3.049329
3.212688
3.120121
3.142936
2.987516
3.119152
3.064393
3.047415
3.003941
3.028982
2.997799
3.099424
2.980731
3.008102
3.002345
3.149966
3.245349
3.004057
3.049799
3.163495
3.044162
3.107030
3.089257
3.054470
3.164980
3.004923
3.115291
3.184624
3.014762
3.045649
3.182437
3.079834
3.180315
3.088803
3.087336
3.104476
2.967546
3.078052
3.125268
3.022587
3.062408
3.125804
3.137313
3.085976
3.072511
3.051115
3.042482
3.040850
3.147715
3.115570
3.089549
3.037667
2.988995
3.163418
3.038655
3.182172
3.075390
3.030845
3.155317
3.071648
3.034714
2.982133
3.110277
3.034269
3.041812
3.082159
3.082397
3.002482
3.045482
2.968414
3.143784
3.017500
3.143036
3.053675
3.047061
3.111054
3.041143
3.030493
3.079467
3.019888
3.140822
3.058337
3.082973
3.069999
3.095777
2.991725
3.047842
3.059047
3.083640
3.097548
3.164002
3.057710
3.164930
3.105022
3.108797
3.074156
3.157015
3.153026
3.094803
3.050198
3.056233
3.081999
3.097070
3.073334
3.051402
3.064948
3.012919
3.153870
3.068961
3.097009
3.036056
3.049636
3.157355
3.077515
3.146775
3.240403
3.053538
3.064849
3.081917
3.037224
3.087967
3.107760
3.040153
3.095162
3.024008
3.188826
3.115565
3.066268
3.067557
3.059177
3.030358
3.155119
3.135651
3.085474
3.038156
3.136303
3.062718
3.118188
3.059375
3.147843
3.056935
3.081728
3.144319
3.056011
3.044241
3.076243
3.015148
3.234869
3.111681
3.038012
3.078477
3.101424
3.053579
3.085748
3.082407
3.049366
3.148267
3.004270
3.160971
3.082894
3.045070
3.109733
3.017783
3.155236
3.108318
3.044780
3.081254
3.020278
3.153575
3.108196
3.112196
3.094287
3.021689
3.080909
2.995763
3.098435
3.106180
3.129224
3.057390
3.075586
3.118955
3.038510
3.103842
3.059292
3.089609
3.045738
3.035988
3.084702
3.094099
3.097765
3.022335
3.018015
3.033822
3.076008
3.086024
3.025547
3.012432
3.137579
3.010054
3.096659
3.108132
3.087997
3.042304
3.166856
3.095903
3.115353
3.002786
3.050302
3.148822
3.061308
3.053941
3.066490
3.062539
3.031451
3.065105
3.125945
3.099092
3.058176
3.019398
3.005770
3.102897
3.143648
3.011652
3.025022
3.105937
3.118113
3.061758
3.048487
3.081907
3.224704
3.087409
3.053232
3.171501
3.060623
3.043628
3.067916
3.066007
3.034070
3.108003
3.129349
3.049866
3.064666
3.176774
2.999446
3.204667
3.167895
3.063559
3.009459
3.137223
3.076488
3.081746
3.032573
3.108828
3.096796
3.031211
3.081394
3.021768
3.126066
3.060500
3.134509
3.064123
3.083077
3.144699
3.013546
3.009197
3.071813
3.036883
3.055257
3.057643
3.124832
3.134058
3.054578
3.018868
3.132202
3.108718
3.090708
3.074563
3.050271
3.030722
3.009302
3.111417
3.042880
3.164338
2.961648
3.070996
3.051050
3.159466
3.182650
3.189696
3.046996
3.084299
3.057042
3.052335
3.131751
3.077146
3.061073
2.987952
3.105304
3.094366
3.080523
3.063487
3.044762
3.039221
3.110480
3.034929
3.058471
3.086587
2.999601
3.114713
3.042816
3.031223
3.087925
3.122160
3.153550
3.079292
3.049838
3.002690
3.090957
3.103994
3.024767
3.010402
3.049357
3.037363
3.088434
3.046732
3.083897
3.114962
3.090065
3.105680
2.963141
3.003036
3.026243
3.072392
3.023831
3.026610
3.033632
3.126194
3.013227
3.071020
3.090921
3.083264
2.994983
3.070360
3.042017
3.198933
3.080734
3.072522
3.027898
2.999535
3.135819
3.097850
3.060568
3.100496
3.018977
3.035504
3.078382
3.078372
3.150619
3.113225
2.989993
3.125963
3.133741
3.033542
3.088977
3.044709
3.076322
3.102717
3.031640
3.029636
3.110142
3.037274
3.110775
3.116043
3.095567
3.140413
3.004201
3.139288
2.993453
2.996607
3.022425
3.075863
3.049373
3.091157
3.019529
3.116958
3.106539
3.084155
3.129571
3.028436
3.061209
3.074338
3.106116
3.004341
3.027032
3.094303
3.095975
3.143922
3.073419
3.081267
3.040876
3.095095
3.121030
3.056860
3.081014
3.023212
3.192618
3.020876
3.112474
3.081023
3.046930
3.056926
2.965936
3.032191
3.111518
3.015952
3.106935
3.039062
3.177392
3.038116
3.039685
3.122443
3.036608
3.019149
3.040003
3.074827
3.176852
3.043507
3.078750
3.088583
3.086411
3.156330
3.057663
3.087472
3.190226
3.035800
3.071303
3.178597
2.978224
3.002401
3.026626
3.000666
3.057791
3.122825
3.071167
3.076700
3.025320
3.173017
3.051862
3.053872
3.087524
3.057493
3.097729
3.048404
3.062321
3.059352
3.037311
3.086110
2.999885
3.100581
3.095110
3.066614
3.057082
3.031725
3.104479
3.006124
3.104389
3.075800
3.088131
3.067737
3.112235
3.086632
3.106301
2.993924
3.113490
3.052056
3.098774
3.123036
3.006765
3.054807
3.116210
3.042501
3.061496
3.044826
3.037598
3.086846
3.081430
3.089559
3.051872
3.084508
3.043229
3.085417
3.166394
3.017331
3.093557
3.087102
3.034313
3.044076
3.081500
3.010449
3.103126
3.075257
3.056302
3.011520
3.046103
3.024947
3.140741
3.062517
3.108079
3.060033
3.004967
3.168664
3.039425
3.062224
3.052597
3.081865
3.026293
3.159161
3.051394
3.162192
3.053212
3.109554
3.037971
3.088681
3.112906
3.069934
3.166689
3.012347
3.094273
2.980479
3.154668
3.024094
3.113980
3.053393
3.174949
3.145539
3.142866
3.000964
3.055775
3.071710
3.020047
3.123943
3.100093
3.032421
3.156994
3.014637
3.127217
3.124674
3.017329
3.182833
3.138857
3.080663
3.052839
3.153533
3.057829
3.061207
3.083501
3.142767
3.070697
3.067651
3.039021
3.074992
3.165316
3.080820
3.023179
3.009777
3.016528
3.238112
3.009709
3.018522
3.198125
3.102617
3.162906
3.092843
3.032578
3.022320
3.073867
3.066570
3.110226
3.069631
3.092492
3.055213
3.021699
3.128406
3.013413
3.083273
3.028606
3.139050
2.968019
3.097892
3.033519
3.081687
3.017126
3.121923
3.079159
3.009259
3.111582
3.064801
3.008007
3.061119
3.031177
3.122482
3.111755
3.101689
3.060983
3.005637
3.038972
3.111105
3.044411
3.072858
3.082741
3.052792
3.090418
3.080117
3.074259
3.077139
3.066328
3.048025
3.064704
3.054589
3.137774
3.083234
3.010533
2.993621
3.051491
3.153340
3.039241
3.095682
3.029379
3.147183
3.091340
3.174197
3.053252
3.012784
3.135576
3.102444
3.057941
3.069381
3.014510
3.071065
3.018769
3.052902
3.078925
3.188690
3.125490
3.115381
3.015347
3.062337
3.103605
3.010830
3.227488
3.011942
3.013489
3.153073
3.045907
3.158755
3.131045
3.082772
3.056869
3.053756
3.074730
3.168439
3.058837
3.098089
3.073444
3.062199
3.066919
3.060119
3.142134
3.015118
3.116219
3.047930
3.133606
3.152721
3.146403
3.024839
3.053642
3.039615
3.137682
3.116327
2.992290
3.041795
3.018492
3.001425
3.187013
3.031902
3.162815
3.024917
3.092848
3.176756
3.009802
3.046304
3.029996
3.097051
3.084797
3.050552
3.104695
3.061055
3.100370
3.044498
3.225243
3.009528
3.076217
3.052193
3.050086
3.209888
3.083490
3.061527
3.119380
3.043108
3.020306
3.044252
3.040943
3.126878
3.120629
3.154973
3.068593
3.144003
3.050847
3.011196
3.104387
3.024705
3.204815
3.043013
3.012084
3.136919
3.128268
3.038627
3.070261
3.127350
3.069932
3.004260
3.165881
3.033858
3.073090
3.094130
3.016020
3.062277
3.117281
3.202947
3.130712
3.036555
3.159171
3.028477
2.996842
3.087768
3.023843
3.033950
3.078977
3.013734
3.115156
3.071814
3.135918
3.117986
3.003111
3.224870
3.037001
2.985995
3.197399
3.106764
3.011768
3.050975
3.048176
3.100693
3.026602
3.130113
3.027962
3.175722
3.057564
3.036318
3.031716
3.058601
3.016822
3.066092
3.017958
3.182017
3.010263
3.035336
3.059395
3.125622
3.174819
3.069200
3.041786
3.171424
3.016990
3.096197
3.070343
3.086194
3.123391
3.124814
3.146467
3.051125
3.057866
3.100678
3.070415
3.153603
3.049746
3.200340
3.050592
3.104686
3.035527
3.158009
3.051142
3.128270
3.004188
3.092700
3.050723
3.090320
3.190738
3.108168
3.031079
3.129039
3.102536
3.036352
3.034797
3.004134
3.055674
3.013736
3.010499
3.062111
3.102262
3.036754
3.057270
3.079163
3.082125
3.138445
2.995925
3.066100
3.009219
3.093898
3.084229
3.032906
3.127267
3.063469
3.065496
3.011302
3.060799
3.054651
2.976253
3.073946
2.990075
3.061033
3.204958
3.036778
3.096730
3.056595
3.042633
3.080045
3.132229
3.092577
3.068319
3.064679
3.072760
3.074599
3.142473
3.080401
3.041023
3.083405
3.052209
3.086295
3.064108
2.985427
2.963631
3.117294
3.120481
3.178628
3.006718
3.062434
3.061305
3.142947
3.053796
3.097934
3.099225
3.113718
3.074073
3.051420
3.093568
2.957638
3.133186
3.020921
3.093335
3.086329
3.045553
3.064627
3.074760
3.033800
3.146257
3.020300
3.014906
3.066293
3.091820
3.034294
3.251081
3.087230
3.071154
3.023744
3.083182
3.072650
3.031022
3.126240
3.024322
3.042981
3.010977
3.100858
3.171629
3.209867
3.124918
3.171352
3.021197
3.091834
2.971754
3.029693
3.066776
3.121947
3.086639
3.030640
3.017149
3.165310
2.998500
3.067524
3.029228
3.170509
3.050352
3.057581
3.075599
3.088776
3.061100
3.007835
3.084079
3.010815
3.106838
3.107837
3.149044
3.018035
3.022398
3.161557
3.021040
3.057159
3.078387
3.169160
3.103838
3.073488
3.075553
3.216979
3.122258
3.083520
3.113293
3.034916
3.145126
3.103184
3.039874
3.067013
3.039819
3.063513
3.094565
3.031436
3.012721
3.053175
3.126537
3.075957
3.063221
3.126355
2.982995
3.067938
2.960230
3.016075
3.021353
3.134298
3.030927
3.070562
2.980010
3.020171
3.111895
3.051976
3.023655
3.010050
3.126122
2.979843
3.038088
3.030307
3.117714
3.021880
3.087671
3.044735
3.004833
3.110369
3.037013
3.071769
3.030876
2.998228
3.125087
3.041734
3.017040
3.087854
3.089595
3.046851
3.196141
3.024995
3.072005
3.068994
3.029280
3.110057
3.020388
3.034723
3.119921
3.033712
3.035733
3.046891
3.073462
3.125765
3.012238
3.097032
3.057972
3.157487
3.031075
3.073918
3.045785
3.002595
3.046408
3.052265
3.057059
3.042909
3.095710
3.075969
3.035275
3.166434
2.973574
3.121472
3.054182
3.078031
3.119996
3.022090
3.099350
3.022283
3.047922
3.088628
3.117283
3.018147
3.035829
3.294801
3.160281
3.032725
3.080606
3.031190
3.104701
3.039351
3.090467
3.038935
3.094309
3.160170
3.171214
2.979425
3.046330
3.011824
3.093304
3.048774
3.048919
3.097871
3.117113
3.058213
3.097074
3.210293
3.076714
3.078726
3.035203
3.135754
3.026779
3.081322
3.077917
3.094288
3.070545
3.007277
3.124679
3.053275
3.009385
3.050495
3.072753
3.070476
2.996850
3.046203
3.060558
3.012540
3.105257
3.124420
3.163798
3.104860
3.032780
3.156249
3.079828
2.999785
3.162932
3.069314
3.007748
3.121252
3.101185
3.128297
2.984768
3.103638
3.057050
3.067915
3.047927
3.078783
3.084568
3.008822
3.139921
3.085742
2.985835
3.068257
3.138901
3.045666
2.992613
3.134992
2.988125
3.144705
3.083805
3.028180
3.044274
3.074753
3.034232
3.130582
3.095255
3.040835
3.165263
3.153393
3.029843
3.017152
3.057507
3.079621
3.073304
3.310965
2.999912
3.000319
3.036803
3.126224
3.058379
3.134742
3.077086
3.237897
3.031316
3.103165
3.100501
3.112148
3.035919
3.092215
3.097237
3.028436
3.041890
3.149140
3.126448
3.084273
3.050895
3.098662
2.971116
3.015115
3.069176
2.997628
3.130833
3.011587
3.049909
3.140269
3.015635
3.090385
3.063110
2.971694
3.065570
3.181725
3.005138
3.144727
3.106555
3.019313
3.062237
3.109486
3.034891
3.062975
3.077764
3.153285
3.107152
3.071305
3.115595
3.054224
3.042702
3.084719
3.179136
3.077276
3.032136
3.152999
2.963382
3.127029
3.081534
3.088259
3.031786
2.992071
3.202178
2.982183
3.096456
3.094484
3.094620
3.024793
3.037762
3.103220
3.111263
3.064093
3.044709
3.055146
3.030827
3.149179
3.076889
3.080377
3.154565
3.041252
3.077201
3.200635
3.100453
3.025329
3.091637
3.073702
3.032418
3.153530
3.092942
3.090929
3.198398
3.047074
3.064799
3.136243
3.075538
3.039068
3.076591
3.147092
3.014272
3.192240
3.065158
3.053925
3.036452
3.069069
3.134642
2.964647
3.096214
2.988140
3.091765
3.172741
3.007013
3.096500
3.107171
3.067733
3.263510
3.195005
3.080950
3.146743
3.136597
3.046904
3.023093
3.118604
3.110450
3.164965
3.146572
2.994772
3.015920
3.092386
3.083740
3.075303
3.065368
3.053922
3.026745
3.070512
3.024653
3.142024
3.088620
3.063609
3.023111
3.041376
3.201710
3.116069
3.009732
3.047486
3.044860
3.072655
3.031452
3.209117
3.094766
3.083133
3.089021
2.994293
3.040748
3.060197
3.054401
3.027883
3.241280
3.066255
3.100305
3.204329
2.980934
3.057169
3.069715
3.102951
3.015761
3.007643
3.068526
2.989682
3.057853
3.144592
3.064236
3.174229
3.123120
3.023455
3.051067
3.036910
3.071008
3.087623
3.081951
3.221163
3.090188
3.043602
3.162149
3.134057
3.030052
3.041193
3.111475
3.024049
3.048901
3.123087
3.020247
3.075500
3.024436
3.080154
3.050956
3.150487
3.030123
3.037576
3.091009
3.067773
3.145534
3.059981
3.081895
3.047743
3.088935
3.030200
3.090853
3.058019
3.038229
3.050539
3.041712
3.130820
3.090919
3.074932
3.076475
2.992550
3.060895
3.036572
3.118490
3.023104
3.096182
3.025565
3.160166
3.106417
3.030964
3.055638
3.082589
3.123171
3.028264
3.031167
3.049212
3.015354
3.033758
3.184009
3.005219
3.097182
3.036249
3.142366
3.102780
3.040019
3.071950
3.193617
3.154650
3.109295
3.077722
3.016379
3.048283
3.141075
3.157699
3.017971
3.051809
3.129239
3.133466
3.126888
3.122841
3.076662
3.041227
3.046644
3.208886
3.069626
3.043116
3.076703
3.036172
3.073287
3.183821
3.096503
3.007192
3.104445
3.068261
3.119633
3.040744
3.080484
3.080264
3.038641
3.011476
3.157832
3.014446
3.094962
3.133185
3.098015
3.067937
3.062828
3.116294
3.036836
3.017750
3.052781
3.092377
3.091079
3.043061
3.166419
3.023610
3.073495
3.023863
3.116222
3.092579
3.153005
3.050879
3.020704
3.071936
3.058308
3.077486
3.129465
3.136426
3.085318
3.155336
3.103483
2.994762
3.038895
3.021111
3.019377
3.044588
3.052781
3.001755
3.023449
3.097807
3.125907
3.113661
3.048240
3.070413
3.041702
3.053217
3.193371
3.026000
3.101891
3.044173
3.191621
3.062869
3.094773
3.091674
3.058764
3.173234
3.112005
3.047904
3.044552
3.078246
3.031999
3.068879
3.103594
3.142912
2.988831
3.035865
3.027003
3.069237
3.138782
3.038343
3.067909
3.032403
3.119143
3.081980
3.077849
3.061180
3.014490
3.037644
3.031392
3.051874
3.083204
3.084067
3.105570
3.077426
3.049064
3.134856
3.058149
3.046366
3.146410
3.055909
3.063855
3.045972
3.030860
3.195154
3.004376
3.105359
3.071506
3.094024
3.033875
3.044461
3.036623
3.064415
3.012509
3.040377
3.029044
3.069836
3.084875
3.080489
3.228850
3.016318
3.026706
3.019619
3.036853
3.046518
3.023003
3.157705
3.088991
3.131604
3.043784
2.994722
3.064782
3.101623
3.044673
3.122423
3.054310
3.066544
3.016885
2.983449
3.058934
3.159849
3.010785
3.117617
3.073904
3.126310
3.075769
3.042111
3.043494
3.048499
3.069296
3.154777
2.989170
3.034140
3.045038
3.244987
3.061138
3.001585
3.038853
3.033519
3.177331
3.049081
3.177169
3.138303
3.167596
3.156238
3.027615
2.981354
3.079828
3.065127
3.091837
3.035778
3.026437
3.062223
3.055606
3.053985
3.050011
3.037643
3.164584
3.141397
3.016792
3.069358
3.067416
3.086130
3.048757
3.144583
3.069111
3.092744
3.039977
3.034215
3.011850
3.082617
3.095425
3.075898
3.036103
3.101415
3.060803
3.140313
3.031948
3.035807
2.992660
3.117662
3.080751
3.063160
3.163408
3.145813
3.129910
3.089722
3.071490
3.125711
3.110305
3.065080
3.049279
3.031712
3.127789
3.037023
3.034708
3.173301
3.125843
2.987992
3.070519
3.054655
3.030714
3.058154
3.100257
3.088902
3.080688
3.131894
3.038570
3.054903
3.059941
3.060015
3.009893
3.013059
3.082089
3.077807
3.005900
3.081004
3.038706
3.010172
3.062178
3.118731
3.112048
3.063832
3.072247
3.027422
3.061231
3.098804
3.009287
2.999650
3.127015
3.082637
3.202556
3.043556
3.043676
3.042603
3.043380
3.002110
3.042745
3.029215
3.110929
3.053854
3.054671
3.046614
3.185740
3.159167
3.018927
3.052179
3.065344
3.037898
2.986045
3.024025
3.117672
3.101145
3.146900
3.072910
3.080019
3.065646
3.019686
3.083836
3.097684
3.144765
3.020049
3.028026
2.959159
2.980291
3.022359
3.071770
3.115381
3.201076
3.033338
3.033189
3.027788
3.068796
3.080910
3.012723
3.021876
3.094892
3.038613
2.984154
3.150295
3.019477
2.995863
3.033822
3.040813
3.057505
3.098802
3.076646
3.100867
3.031297
3.093903
3.147435
3.042114
3.135838
3.117930
3.038644
3.120926
3.114164
3.141318
2.999929
3.044769
3.123888
2.998097
3.011568
3.099804
3.153597
3.069351
3.016125
3.107634
3.089029
3.128816
3.082253
2.997920
3.112991
3.068315
3.105032
3.050681
3.072467
3.051827
3.118230
3.092157
3.032010
3.114868
3.080857
3.053780
3.102895
3.065247
3.050370
3.107065
3.106990
3.046983
2.990052
3.042083
3.089363
2.964766
3.108379
3.130802
3.016244
3.120786
3.016101
3.060502
3.210558
3.056884
3.026486
3.017578
3.028525
2.965932
3.075145
3.033832
3.072680
3.062877
3.122598
3.088553
3.091817
3.105682
3.094480
3.045443
3.171181
3.120876
3.075459
3.079861
3.089306
3.098907
3.074542
3.145424
3.122148
3.164306
3.182771
3.196327
3.086403
3.139399
2.996171
3.019168
3.095708
2.980765
3.077964
3.059361
3.004710
3.026606
3.029436
3.149555
3.201725
3.116773
3.032138
3.005179
3.037113
3.022908
3.110965
3.008700
3.101511
3.043972
3.047870
3.052647
3.127574
3.072956
3.035856
3.120150
3.021740
3.021160
3.066936
3.091619
3.101102
3.020177
3.013307
3.176126
3.091838
3.044883
3.048077
3.073060
3.063288
3.044349
3.097118
3.144283
3.181867
3.040263
3.065854
3.140030
3.111047
3.059501
3.032533
3.106829
3.073353
3.087922
3.172828
3.037467
3.013642
3.089555
3.024800
3.088938
3.074750
3.132279
3.119904
3.071626
3.124841
3.029409
3.057638
3.121472
3.074791
3.026776
3.194186
3.032113
3.051159
3.057881
3.025601
3.143497
3.181328
3.080003
3.036714
3.153272
3.093789
3.090204
3.134314
3.042605
3.093540
3.059306
3.046532
3.142494
3.055856
3.076940
3.080245
3.053627
3.051267
3.116267
3.096041
3.050560
3.151343
3.104895
2.988815
3.150719
3.066754
3.118796
3.079340
3.126687
2.997254
3.048808
3.103231
3.050759
3.107233
3.136135
3.102079
3.082736
3.042976
3.147274
3.079114
3.035832
3.137950
3.076666
3.080345
3.136499
2.973772
3.046626
3.139715
3.068608
2.995264
3.106407
3.060170
3.148004
3.023614
3.054633
3.027653
3.114245
3.030671
3.118475
3.186998
3.121893
3.028412
3.046033
3.051160
3.077131
3.134509
3.019011
3.053682
3.018083
3.038378
3.109060
3.151489
2.994078
3.159403
3.128657
3.084742
3.062035
3.106701
3.057032
3.074284
3.038027
3.126009
3.090397
3.019565
3.106645
3.055662
3.006020
3.091240
3.044795
3.084949
3.069749
3.074571
3.134655
3.046298
3.065072
3.047228
3.029339
3.165579
3.232200
3.056305
3.103779
3.062203
3.079758
3.034896
3.025467
3.045073
3.121566
3.081458
3.099293
3.051660
3.003933
3.092607
3.089622
2.987046
3.180097
3.161046
3.040426
3.033892
3.135787
3.174689
3.095066
3.065208
3.047786
3.110320
3.086296
3.105083
3.036343
3.050732
3.056727
3.019201
3.052271
3.157208
3.042869
3.040384
3.156529
3.072440
3.044481
3.085594
3.014524
3.106623
3.049483
3.102010
3.013285
3.149587
3.119310
3.089780
3.101841
3.102166
3.074617
3.016557
3.040061
3.149195
3.021131
3.149340
3.012376
3.093753
3.118703
3.007516
3.156504
3.107071
3.115579
3.050978
3.015620
3.025217
3.035114
3.080865
3.141723
3.098836
3.032171
3.028264
3.055249
3.048613
3.072777
2.989878
3.120044
3.113944
3.058442
3.131304
3.013731
3.068376
3.059537
3.115611
3.111314
3.114968
3.177789
3.014384
3.064414
3.026555
3.140061
3.056212
3.125420
3.077014
3.070320
3.011519
3.006382
3.162126
3.039188
3.108206
3.027154
3.043958
3.074638
3.073484
3.125356
3.051650
3.045347
3.263840
3.064413
3.113743
3.096416
3.063786
3.051622
3.144917
3.083962
3.183949
3.093008
3.042122
3.105291
2.995254
3.054691
3.085138
3.121685
3.042537
3.061753
3.085633
3.038378
3.071081
3.074791
3.050726
3.037418
3.061096
3.057765
3.170394
3.071405
3.051135
3.018558
3.026811
3.101710
3.103858
3.083587
3.096308
3.136588
3.023984
3.056979
3.073136
2.985874
3.084607
3.030805
3.024472
3.037614
3.065212
3.033560
3.086427
3.052472
3.180561
3.074373
3.022178
3.042699
3.174199
3.071077
3.071865
3.116317
3.134676
3.000753
3.179569
3.016620
3.175887
3.095258
3.010074
3.074916
3.083972
3.041571
3.124365
3.095208
3.053208
3.143586
3.071498
3.003810
3.124261
3.106942
3.046933
3.043944
2.998234
3.038465
3.064374
3.040835
3.218208
3.041358
3.068490
3.077547
3.109455
3.068750
3.024966
3.096518
3.151677
3.097821
3.036186
3.148627
3.070469
3.010995
3.058892
3.050696
3.066326
2.975136
3.042096
3.064393
3.092197
3.012658
3.010305
3.064465
3.122756
3.033538
3.090914
3.093894
3.155648
2.990366
3.074403
3.143580
3.057281
3.058775
3.052564
3.096139
3.069540
3.140428
3.051251
3.050733
3.038065
3.222560
3.013967
3.037625
3.047870
3.108819
3.081638
3.064828
3.119509
2.991161
3.131677
2.992432
3.080966
3.000262
3.139489
3.047338
3.114528
3.063396
3.003406
3.143678
2.976187
3.096783
3.150405
3.064889
3.099414
3.062476
3.054797
3.013280
3.062111
3.086638
3.035540
3.045493
3.095566
3.110737
3.051846
3.089061
3.139536
3.063630
3.035240
3.106382
3.101640
2.997585
3.121485
3.140401
3.047005
3.040500
2.982692
3.088317
3.093779
3.071664
3.050966
3.082205
3.038564
3.010007
3.013626
3.090363
3.061998
3.049429
3.004607
3.013936
3.085326
3.130561
3.019319
3.086818
3.023659
3.036808
3.236993
3.003989
3.051287
3.025288
3.091016
3.039223
3.040503
3.137168
3.051587
3.060789
2.997008
3.058527
3.018529
3.184235
3.008120
3.083346
3.022816
3.052681
3.058038
3.045559
3.091323
3.059025
3.009360
3.202439
3.034395
3.107326
3.059951
3.074713
3.034807
3.072584
3.064214
3.116983
3.043849
3.093265
3.057970
3.089326
3.091911
3.006537
3.077534
3.069684
3.066179
3.104309
3.035266
3.128975
3.033564
3.097027
3.082903
3.087117
3.107701
3.091435
3.060428
3.061241
3.044312
3.051697
3.046674
3.130793
3.111580
3.052707
3.060392
3.125099
3.058926
3.132074
3.058700
2.990796
2.997766
3.143446
3.264072
3.049435
3.060275
3.074401
3.005861
3.139419
2.992320
2.979351
3.060203
3.076154
3.029394
3.016615
3.127766
3.066879
3.073314
3.055405
3.024662
3.147618
3.047269
3.065785
3.023052
3.177917
3.044470
2.976880
3.079368
3.033844
3.150091
3.070925
3.180388
3.013115
3.067785
3.088907
3.056468
3.167505
3.002583
3.070699
3.202903
3.026848
3.061924
3.133137
3.059380
3.035647
3.066961
3.013494
3.160045
3.149894
3.062937
3.041096
2.962032
3.056211
3.055247
3.038380
3.059589
3.179801
3.106087
3.013287
3.074817
3.051557
3.104773
3.096937
3.156733
3.021548
3.038166
3.133586
3.104361
3.014228
3.095902
3.038652
3.113233
3.023688
3.010610
3.044576
3.100811
3.068056
3.018252
3.190103
3.112591
3.029660
3.104706
3.136796
3.063179
3.230995
3.058103
3.084121
3.208131
3.034351
3.026825
3.132418
3.026207
3.053000
3.062348
3.070072
3.109351
3.027795
2.996041
3.175042
3.164326
3.126546
3.020704
3.032936
3.198166
3.104558
3.138729
3.076033
3.095195
2.997941
3.057640
2.999206
3.117750
3.133286
3.046470
3.030661
3.051964
3.091326
3.042454
3.040951
3.107612
3.046394
3.075156
3.116381
3.196411
3.119137
3.091816
3.067917
3.116782
3.126298
3.051826
3.109646
3.121194
3.085810
3.101484
3.065619
3.006234
3.130422
3.064537
3.003910
3.028121
3.163356
2.983887
3.015866
3.003811
3.076204
3.074215
3.080352
3.082998
3.127313
3.130347
3.110378
3.026998
3.045105
3.088984
3.071851
3.089248
3.087932
2.985961
3.083742
3.075988
3.026075
3.040222
3.030185
3.076717
3.064188
3.041124
2.984082
3.083592
3.094647
3.113334
3.138521
3.076613
3.092422
3.070051
3.017183
3.034193
3.112374
3.103253
3.062286
3.001138
3.101660
3.007145
3.096315
3.111614
3.098852
3.094468
3.100603
3.070048
3.157872
3.046189
3.100260
3.187709
3.007281
3.019342
3.055396
3.063253
3.029297
3.129715
3.023311
3.094744
3.066514
3.069505
3.073098
3.117617
3.024802
3.045174
3.162366
3.159638
3.079511
3.170447
3.089451
3.019398
2.998252
3.200846
3.125444
3.035025
3.079121
3.055734
3.018913
3.059013
3.131508
3.074208
3.107857
3.130378
3.053204
3.082737
3.137647
3.160075
3.090605
3.109335
3.106063
3.115842
3.100708
3.086464
3.045765
3.064698
3.036353
3.032925
2.997682
3.024537
3.142968
3.090606
3.054812
3.115185
2.996453
3.059911
3.055516
3.067783
3.010117
3.015078
3.165542
3.212610
2.979165
3.057946
3.057087
3.148715
3.022757
3.015818
3.123190
3.088401
3.169696
3.017110
3.130320
3.057335
3.162872
3.041685
3.031953
3.050787
3.036251
3.147709
3.101696
3.059815
3.071469
3.023836
3.025066
3.040410
3.167321
3.082706
3.015374
3.046460
3.076494
3.156348
3.018410
3.037728
3.121293
3.115992
3.015524
3.133093
3.164427
3.005871
3.096701
3.036624
3.040148
3.035074
3.211823
3.066695
3.021337
3.177983
3.031170
3.085219
3.097369
3.059646
3.057511
3.030809
3.161860
3.046532
3.094277
3.070630
3.055688
3.022253
3.109387
3.090313
3.072363
3.047243
3.106691
3.090221
3.000550
3.143633
3.054364
3.072045
3.090098
3.142933
3.073889
3.048741
3.063760
3.076420
3.069524
3.047498
3.096777
3.106457
3.120594
3.099968
3.135162
3.019954
3.107738
3.071380
3.107323
3.103686
3.035697
3.157306
3.097090
3.174061
3.031381
3.077381
3.158491
3.026499
3.089482
3.059755
3.076325
3.129225
3.076661
3.090629
3.046376
3.100865
3.027552
3.078714
3.113627
3.091891
3.064899
3.006765
3.028069
3.189428
3.035379
3.188262
3.006807
3.083855
3.184741
3.107418
3.104951
3.035179
3.062851
3.103645
3.047755
3.122044
3.076205
3.040570
3.086556
3.031476
3.063972
3.135951
3.179659
3.019275
3.057648
3.059552
3.029692
3.179847
3.080698
3.013379
3.074451
3.148750
3.038670
3.147599
3.008696
3.061972
3.022178
3.110335
3.053526
3.131408
3.028930
3.055307
3.084858
3.004263
3.050404
3.098591
3.069251
3.045284
3.111827
3.146243
3.056981
3.017474
3.026294
3.053766
3.140827
3.197722
3.027381
3.077268
3.035364
3.172132
3.051722
3.149227
2.987900
3.034099
3.090169
3.112761
3.150853
3.054525
3.078024
3.070118
3.102203
3.040854
3.028027
3.098975
2.997344
3.168315
3.053524
3.060550
3.192635
3.077197
3.161847
3.005069
3.047160
3.019956
3.084324
3.097810
3.057635
3.012335
3.026743
3.002610
2.964690
3.056267
3.008066
3.213712
3.170227
3.098559
3.151210
3.019494
3.122819
3.149876
3.087635
3.072343
3.077297
3.040492
3.050567
3.231991
3.092230
3.099776
3.066502
3.109397
3.047162
2.975947
3.053269
3.027118
3.154635
3.108736
3.116865
3.040978
2.983652
3.113577
3.025385
3.013979
3.024529
3.145517
2.994418
3.077540
3.133627
3.139321
3.067865
3.116197
3.008038
3.085814
3.065841
3.048232
3.033695
3.004504
3.052898
3.087454
3.013558
3.206923
3.097075
3.130809
3.020044
2.964077
2.951837
3.036624
3.077618
3.144853
3.014004
3.067036
3.122391
3.039604
3.147708
3.012004
3.134718
3.125179
3.041064
3.112206
3.235439
3.067600
3.061550
3.076848
3.013230
3.072172
3.034977
3.044644
3.042195
3.081158
3.199678
3.034221
3.192031
3.050239
3.178548
3.014425
3.101947
3.116179
3.098360
3.012232
3.012456
3.115497
3.089504
3.063015
3.067542
3.065758
3.041106
3.107051
3.050097
3.100454
3.081962
3.136001
2.987692
3.028506
3.019135
3.108455
3.090149
3.039782
3.119494
3.126836
3.116939
3.115665
3.033755
3.035531
3.067675
3.113105
3.051655
3.125303
3.109369
3.052391
3.046728
3.061009
3.014688
3.113376
3.025948
3.026144
3.010025
3.105552
3.085205
3.006364
3.017254
3.066044
3.114639
3.092934
3.068706
3.118601
3.148466
3.056040
3.105419
3.146639
3.049977
3.019570
3.011787
3.054276
3.115056
3.063511
3.046530
3.010656
3.075289
3.065930
3.119793
3.081384
3.091573
3.025219
3.023230
3.160611
3.061558
2.993977
3.064498
3.040081
3.071849
3.028709
3.034632
3.148299
3.060476
3.026220
3.070566
3.043443
3.008386
3.043608
3.069645
3.065634
3.073545
3.081582
3.078498
3.108392
3.022447
3.142516
3.074110
3.046552
3.093868
3.037544
3.107501
3.093885
3.056899
3.199582
3.102700
3.040290
3.058389
3.134755
3.019404
3.057158
3.103527
3.062954
3.064058
3.084997
3.094732
3.090715
3.067543
2.998982
3.102678
3.046056
3.072715
3.090964
3.086427
3.248269
3.020411
3.040769
2.977841
3.082808
3.064934
3.165560
3.007117
3.066555
3.110206
3.115796
3.116918
3.002658
3.036930
3.076218
3.100973
3.120747
3.094039
3.031237
3.126706
3.104149
3.020616
3.118706
3.002797
3.034765
3.046554
3.110179
3.086181
3.033397
3.065513
3.032130
3.114581
3.040695
3.122897
3.123048
3.122494
3.109628
3.115110
3.092978
3.075741
3.045461
3.166341
3.122845
3.058095
3.011138
3.059185
3.079160
3.102265
3.070580
3.076567
3.051496
3.121844
3.168213
3.025340
3.191286
3.041291
3.062224
3.036275
3.046421
3.091516
2.946371
3.145944
3.198435
3.039730
3.115152
3.057393
3.058819
3.049082
3.235614
3.079313
3.059212
3.195285
3.060525
3.040091
3.074997
3.163545
3.111450
3.205526
3.061742
3.081156
3.133542
3.079868
3.170918
3.176770
3.059579
3.028589
3.028660
3.088452
3.025157
3.044634
3.162939
3.017554
3.015803
3.085323
3.123846
3.050848
3.098808
3.108326
3.079282
3.018974
3.022385
3.073634
3.088503
3.076008
3.088687
3.069572
3.117458
3.026041
3.035963
3.025449
3.055479
3.057464
3.098649
3.124908
3.095830
3.062763
3.213941
3.007158
2.990836
3.126817
3.028002
3.024045
3.026451
3.118496
3.027412
2.978983
3.186303
3.101390
3.158869
3.169370
3.070447
3.063728
2.992545
3.038326
3.097768
2.996810
3.050360
3.188417
3.075828
3.069189
3.048747
3.074614
3.030380
3.066500
3.097153
3.084564
3.079529
3.017803
3.053173
3.040358
3.096756
3.039322
3.068720
3.041636
3.001772
3.065391
3.019174
3.055200
3.038471
3.104831
3.009013
3.005715
3.115916
3.079426
3.072233
3.047067
3.094312
3.011140
3.116997
3.103469
3.040153
2.988642
3.013536
3.050795
3.048246
3.122548
3.051016
3.073997
3.049639
3.118600
3.063317
2.983078
3.067226
3.104423
2.978013
3.053445
3.074073
3.085908
2.996514
3.098672
3.092299
3.121037
3.107501
2.992812
3.074322
3.036946
3.089904
3.140325
3.040977
3.152255
3.053210
3.013030
3.133750
3.076895
3.027399
3.234170
3.103213
3.101362
3.197111
3.061118
3.018479
3.030278
3.020558
3.038912
3.101255
3.073012
3.161629
3.074830
3.094048
3.184314
3.096151
3.146783
3.130187
3.052806
3.060642
3.036831
3.084451
3.094108
3.110969
3.092618
3.008574
3.130898
3.089630
3.094846
3.107356
3.035963
3.057385
3.050725
3.121019
3.109313
3.020141
3.023166
3.036525
3.020056
3.076847
3.142833
3.074731
3.040573
3.048529
3.134379
3.102861
3.069351
3.056530
3.038728
3.126770
3.075560
3.117440
3.094419
3.114923
3.073675
3.121443
3.203684
3.086789
3.068601
3.049647
3.168241
3.049355
3.045834
3.121759
3.005325
3.009266
3.110431
3.114218
3.168031
3.108468
3.055516
3.055717
3.091929
3.087455
3.035872
3.148521
3.032314
3.031494
3.007218
3.174006
3.032868
3.100163
3.109379
3.058118
3.013768
3.047402
3.023564
2.990258
3.091927
3.045532
3.035086
3.024915
3.052372
3.183206
3.069068
3.112489
3.059129
3.059358
3.029999
3.083358
3.124027
3.081824
3.031347
3.154311
3.068459
2.958209
3.084167
3.031869
3.071818
3.113982
3.067833
3.125292
3.015544
3.164627
3.146516
3.066714
3.047426
3.062920
3.086286
3.131507
3.047837
3.079598
3.084887
3.087584
3.074613
3.053891
3.050542
3.183311
3.029881
3.034722
3.088053
3.080234
3.134540
3.104792
3.119844
3.046081
3.113180
3.075174
3.069842
3.051905
3.029596
3.052213
3.097202
3.053528
3.109032
3.172888
3.092605
3.085426
3.091599
3.057303
3.140773
3.128001
2.986896
3.081640
3.078155
3.052867
3.067697
3.067153
3.105923
3.126659
3.007849
3.015937
3.053119
3.188517
3.130724
3.121484
3.025018
3.140330
2.995512
3.063524
3.177925
3.065187
3.082981
3.058408
3.031954
3.088497
3.056476
3.043303
3.093298
3.044065
3.071848
3.163928
3.133955
3.033376
3.133149
3.077646
3.130796
3.053841
3.098606
3.078524
2.999615
3.228961
3.138788
3.080750
3.046470
3.270522
3.068156
3.043914
2.984668
3.076024
3.028171
3.173052
2.985863
3.074087
3.105785
3.031194
3.019473
3.046799
3.088470
3.047470
3.172166
3.061258
3.060285
3.010793
3.092551
3.134022
3.106949
3.192295
3.031705
3.099107
3.154547
3.050627
3.050246
3.082966
3.074800
3.012294
3.143587
3.055840
3.052785
3.126198
3.164065
3.008771
3.076017
3.039061
3.107030
3.156111
3.033999
3.022106
3.023405
3.026240
3.008077
3.114945
3.069079
3.035715
2.998596
3.173301
3.052016
3.114166
3.143849
3.070000
3.074579
3.151784
2.997788
3.027854
3.088382
2.971979
3.103710
3.072499
3.081501
3.087171
3.039701
3.026081
3.098389
3.088839
3.049544
3.120431
3.153321
3.083876
3.061821
3.027402
3.024393
3.046515
3.031779
3.054301
3.109146
3.079339
3.045130
3.036219
3.053077
3.056648
3.052852
3.154834
3.048898
3.043993
3.108132
3.062334
3.039800
3.021259
3.191581
3.160283
3.082166
3.029184
2.977088
3.078721
3.008286
3.084097
3.006048
3.008622
3.136612
3.046780
3.271693
3.027686
3.003215
3.066531
3.074472
3.034510
3.049532
2.993859
3.104468
3.019101
3.190273
3.027731
3.060120
3.042655
3.085558
3.048642
3.013935
3.053388
3.067431
3.056280
3.137089
3.208515
3.040291
3.098933
3.037016
3.152217
3.016328
3.040274
3.132884
3.093564
3.087616
3.117775
3.150579
3.083226
3.022948
3.005127
3.061027
3.204740
3.051182
3.057383
3.040424
3.119789
3.119900
3.022145
3.065159
3.031900
3.006710
3.144290
3.114536
3.024642
3.022246
3.111154
3.027190
3.143632
3.045703
3.097216
3.039185
3.053049
3.062106
3.107975
3.011827
3.088501
3.187442
3.032098
3.068630
3.074835
3.081096
3.025895
3.058133
3.026511
3.011998
3.190907
3.048815
3.043066
3.142469
3.037787
3.063948
3.210556
2.995973
3.025847
3.066996
3.068911
3.115024
3.167565
3.116250
3.136800
3.048095
3.014523
3.025623
3.147119
3.106209
3.043410
3.131592
3.010345
3.136306
3.063093
3.089611
3.078321
3.089263
3.017689
3.094274
3.064092
3.026991
3.136686
3.058335
3.131118
3.065214
3.077628
3.054464
2.996042
3.017419
3.019668
3.048357
3.048249
3.232557
3.125669
3.059325
3.052574
3.136788
3.039584
3.065971
3.058435
3.039372
3.134118
3.012717
3.147364
3.070103
3.024587
3.065162
3.172366
3.062145
3.130144
3.125082
3.063663
2.998455
3.100328
3.144528
3.079402
3.085339
3.056091
3.085817
3.107754
3.040735
3.004019
3.058464
3.037394
3.059990
3.105241
3.012297
3.044961
3.006483
3.106275
3.109125
3.149544
3.097519
3.076140
3.129953
3.216059
3.003149
2.995917
3.169822
3.061381
3.115987
3.117858
3.053256
3.046143
3.037234
3.068182
3.109387
3.026918
3.020060
3.065338
3.001711
3.067458
3.176591
3.096889
3.082310
3.090668
3.010924
3.051728
3.134740
3.114004
3.147416
3.043334
3.059496
3.119601
3.089000
3.121277
3.072847
3.095468
3.160258
3.050152
3.024415
3.017247
3.101323
3.064899
3.064330
3.131933
3.027311
3.066406
3.106861
3.127417
3.026627
3.161633
3.096676
3.101624
2.988315
3.039686
3.048749
3.085636
3.118166
3.086524
3.107563
3.078115
3.073727
3.033036
3.042996
3.038910
3.176562
3.143543
3.096881
3.099544
2.988425
3.032747
3.087019
3.000549
3.087853
3.174184
3.032571
3.030435
3.052570
3.023761
3.119253
3.061633
3.095803
3.032832
3.013541
3.264105
3.051537
3.129753
3.028759
3.142812
3.106294
3.169813
2.954105
3.063421
3.065216
3.055581
3.048966
3.013707
3.059192
3.020432
3.059249
3.026899
3.041049
3.131031
3.019706
3.158394
3.095470
3.036133
3.104224
3.071272
3.038922
3.001321
3.013177
3.023332
3.107337
3.016724
3.187646
3.054089
3.040702
3.004941
3.097229
3.120642
3.176690
3.058667
3.108766
3.169017
3.058126
3.140650
3.131230
3.143773
3.019074
3.019236
3.051896
3.075000
3.055282
3.158289
3.163236
3.049017
3.139777
3.036406
3.107298
3.030543
3.090527
3.148088
2.966963
3.153121
3.101668
2.957872
3.061780
3.010941
3.013767
3.042515
3.052369
3.002480
3.069525
3.052875
3.054340
3.203290
3.024986
3.039240
3.076613
3.123144
3.044768
3.152858
3.072347
3.014521
3.066003
3.081022
3.111113
3.094369
2.972687
3.011790
3.154834
3.078043
3.065861
3.055331
3.107982
2.986133
3.182691
3.134126
3.083224
3.134952
3.030417
3.214962
3.019236
3.084774
3.059694
2.970609
3.061103
3.165424
3.051171
3.030067
3.134199
3.011376
3.008348
3.114013
3.094275
3.089327
3.060058
3.089566
3.092205
3.042874
3.098763
3.056808
3.071952
3.030376
3.093824
3.043804
3.014748
3.173993
3.050891
3.136898
3.039546
3.050055
3.061760
3.005861
3.064361
3.097533
3.074774
3.117895
3.039369
3.031244
3.085772
3.054848
3.080096
3.049596
3.070714
3.000207
3.096783
3.027403
3.169530
3.009806
3.072263
3.058161
3.064300
2.978012
3.043675
3.206082
3.061362
3.042166
3.107741
3.059681
3.143206
3.096595
3.164479
3.012204
3.125519
2.974543
3.036705
3.076676
3.116349
3.150797
3.029701
3.107135
3.067154
3.217719
3.068740
3.142967
3.017450
3.026650
3.025171
3.062870
3.167428
3.192123
3.058813
3.036159
3.029666
3.049942
3.106574
2.996434
3.020809
3.019651
3.150692
3.172563
3.039024
3.148760
3.092641
3.028181
2.991523
3.092994
3.040116
3.024948
3.064932
3.080483
3.010840
3.064711
3.092179
3.115894
3.080686
3.050113
3.023515
3.111128
3.011551
3.128571
3.035554
3.085867
3.008295
3.061893
3.078939
3.036853
3.066799
3.044586
3.026595
3.081027
3.017680
3.027980
3.232134
3.084962
3.007818
2.997030
3.083666
3.041086
3.055268
2.985199
3.052679
3.084399
3.014696
3.112048
3.137899
3.045423
3.118777
3.015791
3.053278
3.043380
3.143500
3.057513
3.078835
3.009623
3.079512
3.043944
3.091169
3.114967
3.185399
3.018554
3.107880
3.031774
3.019881
3.041743
3.001400
3.122385
3.155747
3.091998
3.139719
3.064127
3.059310
3.082206
3.148078
3.131938
3.109616
3.181148
3.079288
3.129425
3.065521
3.062434
3.051053
3.124021
3.062027
3.055947
3.065868
2.987427
3.084572
3.124278
3.219553
3.050264
3.100710
3.123193
3.055309
3.069695
3.060004
3.025315
3.103964
3.041659
3.103699
3.020447
2.993351
3.021033
3.088308
3.009204
3.123346
3.183392
3.012300
3.129930
3.110899
3.127954
3.058362
3.008597
3.098446
3.103885
3.061612
3.186496
3.042456
3.078952
3.111182
3.013632
3.087888
3.101514
3.112404
3.128948
3.139745
3.104138
3.024694
3.091298
3.053728
3.050627
3.093018
3.070519
3.138934
3.149386
3.071571
3.153175
3.056157
3.089111
3.078331
3.044793
3.011289
3.075534
3.126898
3.066579
3.053429
2.969777
3.104181
3.049452
3.084136
3.096135
2.991326
3.043634
3.071795
3.063547
3.095887
3.089779
3.168499
3.139331
2.956164
2.983248
3.093859
3.016203
3.198521
3.162853
3.155526
3.057656
3.071812
3.215520
3.007730
3.169283
2.971179
3.101125
3.046610
3.105327
3.069570
3.219658
3.092000
3.028832
3.051527
3.105632
3.068990
3.181570
2.974252
3.025861
3.022073
3.100634
3.100545
3.074095
3.034747
3.147419
3.025016
3.085587
3.084109
3.031498
2.991185
3.182079
3.121098
3.128599
3.183604
3.048592
3.059486
3.003821
3.067712
3.113332
3.110871
3.004748
3.065732
3.048118
3.143407
3.025666
3.059931
3.065675
3.044932
3.136779
3.069916
3.072859
3.080218
3.062847
3.141244
3.123129
3.078448
3.026075
3.093866
3.047316
3.049058
3.039166
3.103490
3.022500
3.049226
3.026588
2.997637
3.198892
3.042204
2.972573
3.197726
3.116697
3.017541
3.263326
3.000162
3.040634
3.191088
3.126986
3.002180
3.009636
2.978956
3.091985
3.126240
3.068939
3.157854
3.057728
3.036543
3.072941
2.996558
3.102138
3.036328
3.073847
3.163122
3.059443
3.036073
3.030204
3.069191
3.129016
3.098829
3.066903
3.073685
3.094718
3.015431
3.128076
3.062502
3.050273
3.081754
3.043327
3.006555
3.028001
3.063475
3.166128
3.139112
3.087623
3.064000
3.050862
3.083439
3.088937
3.179008
3.031073
3.127913
3.045634
3.074157
3.116118
3.046029
3.039259
3.067948
2.977435
3.068686
3.119970
3.055896
3.130412
3.093326
3.063227
3.069128
3.012222
3.035210
3.095631
3.067310
3.036072
3.085149
3.067020
3.080468
3.158422
3.046101
3.094063
3.001331
3.075135
3.115355
3.145195
3.023490
3.004632
3.099999
3.127973
3.100435
3.061734
3.095646
3.035399
3.041623
3.096166
3.154380
3.067974
3.142006
3.053892
3.034328
3.108152
3.074809
3.145505
3.046878
3.064394
3.056274
3.066205
3.005448
3.155914
3.056034
3.055010
3.055162
3.092639
3.044230
3.234096
3.087677
3.033383
3.023718
3.078330
3.001993
3.059595
3.061941
3.098869
3.092813
3.086349
3.133987
3.068417
3.046891
3.050973
3.024604
3.024485
3.023076
3.182186
3.083232
3.190846
3.036939
3.147297
3.103135
3.033100
3.095087
3.045358
3.151578
3.074399
3.057289
3.029475
3.087443
3.089244
3.014140
3.088406
3.012952
3.103502
3.090899
3.014956
3.059071
3.161186
3.094199
3.137132
3.028533
3.051298
3.158710
3.002689
3.029303
3.164127
3.069017
3.154484
3.031792
3.105391
3.021987
3.067536
3.073489
3.075587
3.040986
3.160401
3.005859
3.185634
3.014818
3.071017
2.979205
3.038778
3.011841
3.067479
3.085639
2.995147
3.191677
2.986113
3.242040
3.072767
3.015136
2.976527
3.024815
3.043353
3.017402
3.185195
3.100927
3.099874
3.079119
3.019772
3.106052
3.113682
3.137138
3.048315
3.012224
3.043259
3.002041
2.955390
3.125846
3.030350
3.073352
3.092919
3.033105
3.060659
3.090637
3.230170
3.075460
2.996242
2.974272
3.121399
3.069801
3.040435
2.997099
3.183459
3.011290
3.182371
2.983815
3.081913
3.048534
3.019163
3.076440
3.048985
3.140866
3.098716
3.046546
3.116256
3.026971
3.028271
3.063968
3.064131
3.035016
3.068308
3.104591
3.022536
2.993431
3.074974
3.063926
3.106252
3.111486
3.058280
2.994306
3.060002
3.023947
3.134359
3.071235
3.067901
3.030186
2.998249
3.096368
3.053336
3.052744
3.060709
3.012600
3.062625
3.120773
3.110862
3.088606
3.138279
3.068874
3.059938
3.104648
3.045493
3.066966
3.133558
3.003523
3.096834
3.077301
3.032880
3.005992
3.058540
3.047618
3.173448
3.123311
3.064886
3.156525
3.103346
3.030293
3.040266
3.070817
3.050881
3.062938
3.095917
3.051307
3.061086
3.069635
3.091119
3.178512
3.050486
3.076626
3.039939
3.121669
3.087065
3.035385
3.129756
3.015732
3.054407
3.045461
3.079023
3.106448
3.046915
3.089225
3.052358
3.146014
3.070380
3.108760
3.003079
3.184115
3.042815
3.051503
3.147836
3.078189
2.998267
3.151438
3.111228
3.039598
3.030773
3.066802
3.119909
2.999303
3.056335
3.005822
3.063641
3.119588
3.067008
3.122056
3.106436
3.047888
3.068337
3.017713
3.173337
3.092055
3.094356
3.050606
3.059622
3.059285
3.036247
3.170405
3.038369
3.000297
3.034613
3.017728
2.997872
3.021306
3.051873
3.029611
3.115638
2.964292
3.067988
3.034327
3.084973
3.050500
3.190154
3.062302
3.036679
3.117144
3.229001
3.049324
3.101937
3.031896
3.130127
3.052279
3.060435
3.101669
3.084723
3.081811
3.007530
3.042856
3.092241
3.023935
3.089149
3.015067
3.126569
3.051924
3.070679
3.016791
3.158321
3.060090
3.066825
3.075866
3.107586
3.248677
3.005022
3.098298
3.195181
3.007354
3.115324
3.136298
3.060363
3.039044
3.037399
3.106250
3.069893
3.077973
3.014163
3.200415
3.104957
3.039466
3.079374
3.045716
3.118106
2.989237
3.107758
3.119498
3.013301
3.081773
3.041210
3.138870
3.026664
3.144218
3.020666
3.082644
3.081466
3.103476
3.062368
3.068363
3.109842
3.047363
3.110476
3.062005
3.078456
3.031033
3.098969
3.196693
3.051063
3.107565
2.995057
3.170175
3.047598
3.162398
2.983192
3.044870
3.053987
3.121192
3.035631
3.155573
3.025208
3.027882
3.135326
3.047007
3.008731
3.201259
3.114595
3.024108
3.113756
3.151666
3.063162
3.020994
3.069723
3.046877
3.029161
3.064570
3.030718
3.028821
3.108819
3.017385
3.199428
3.038838
3.065476
3.050330
3.114475
3.093736
3.072988
3.207238
3.041864
3.125490
3.130850
3.018019
3.066223
3.060675
3.025106
3.043260
3.028793
3.111112
3.074136
3.071440
3.033088
3.077899
3.110616
3.116072
3.110241
3.076408
3.168132
2.990963
3.121095
3.159459
3.030232
3.173319
3.059661
3.027920
3.057517
3.089451
3.012854
3.155264
2.987525
3.161977
3.223417
3.150923
3.046246
3.087075
3.032611
3.088140
3.015213
3.023812
3.068406
3.019120
3.072295
3.064949
3.068771
3.174810
3.082650
3.106967
3.024368
3.054329
3.020930
3.026738
3.080619
3.112307
3.044972
3.046908
3.086593
3.021903
3.012322
3.134239
3.011947
3.160313
3.118652
3.059420
3.103158
2.964788
3.107864
3.204206
3.018820
3.025960
3.180200
3.067081
3.038714
3.112770
3.073952
3.025374
3.042670
3.066646
2.982861
3.192507
3.094616
3.104743
3.038526
3.113770
3.113459
3.032851
3.070034
3.113699
3.121001
3.107213
3.062151
2.992202
3.051865
3.011239
3.067473
3.149131
3.116937
3.023380
3.036666
3.085441
3.061548
3.108378
3.074913
3.060556
3.096291
3.049712
3.070491
3.056223
3.022913
3.048944
3.119289
3.012015
2.963657
2.988581
3.181399
3.056764
3.094271
3.076672
2.961608
3.186461
3.120504
3.149269
3.075964
3.214769
3.033067
3.041514
3.177210
3.097305
3.195598
3.031842
3.055418
3.081071
3.149775
3.108870
3.020074
3.164054
3.062291
3.108313
3.129609
3.041159
3.012536
3.011697
3.023996
3.058518
2.980462
3.138225
3.056252
3.097647
3.093266
3.015271
3.109859
3.068307
3.179756
3.024813
3.039732
3.034775
3.044309
3.120029
3.031462
3.114953
3.109372
3.063580
3.123057
3.065724
3.130628
3.098002
3.182759
3.107652
3.108966
3.080541
3.085930
3.068401
3.141492
3.078231
3.053095
3.047307
3.040814
3.129441
3.029487
3.118977
3.012511
3.224024
3.028385
3.033162
3.011849
3.059177
3.138283
3.070084
3.080639
3.085966
3.003391
3.113186
3.058421
3.027561
3.021387
3.069876
3.107946
3.109019
3.082327
3.033193
3.056578
3.172461
3.012037
3.018903
3.052965
3.028033
3.113517
3.161859
3.092475
3.061070
3.142869
3.001010
3.052814
3.138932
3.055388
3.067291
3.149032
3.004128
3.027824
3.042995
2.970771
3.174749
3.077925
3.098486
3.073667
3.108842
3.062441
3.020573
3.040040
3.180972
3.110372
3.096022
3.033293
3.045938
3.010825
3.096083
3.125715
3.011686
3.074130
3.003886
3.094173
3.014859
3.057407
3.076352
3.132544
3.063439
3.052627
3.011786
3.106041
3.018234
3.027667
3.083955
3.018944
3.136253
3.079232
3.103715
3.058735
3.119068
3.055614
3.092283
3.029792
3.182323
3.067791
3.106000
3.048688
3.142639
3.116372
3.186247
3.048827
3.088042
3.024376
3.119315
3.071742
3.056807
3.176032
3.055933
3.016320
3.068118
3.048528
2.997844
3.116630
3.097435
3.053167
3.121102
3.085395
3.116675
3.034573
3.024725
3.036844
3.094832
3.113995
3.053980
3.034350
3.064923
3.113496
3.072272
2.990495
3.118860
3.072102
3.112279
3.058870
3.011192
3.068292
3.034286
3.080404
3.060265
3.097777
3.054192
3.131473
3.042905
3.050486
3.135756
3.161510
3.030071
3.028902
3.054428
3.026169
3.121152
2.970285
3.171586
3.185545
3.094608
3.092522
3.121254
3.062276
3.132275
3.022148
3.078983
3.060114
3.066871
3.219422
3.003533
3.013886
3.029882
3.134604
3.164045
2.999486
3.027398
3.050315
3.046022
3.081906
3.070756
3.119861
3.115592
3.110358
3.098738
3.148712
3.015658
3.059442
2.989027
3.098819
3.142167
3.089625
3.102043
3.039606
3.124462
3.090499
2.984641
3.128517
3.000423
3.056512
3.034424
3.050869
3.065961
3.084507
3.055177
3.089588
3.135205
3.083016
3.077745
3.045700
3.066250
3.194466
3.016853
3.078451
3.026803
3.042126
3.017982
3.081262
3.074086
3.006933
3.160777
3.019405
3.060007
3.027718
3.024844
2.981427
3.070393
3.074449
3.077736
3.153132
3.056085
3.066416
3.117770
3.018603
3.149158
3.096600
3.133630
3.011327
3.124634
3.031948
3.087579
2.996456
3.059158
3.110652
3.169906
2.969001
3.087060
3.157064
3.083996
3.138158
3.030811
3.073239
3.174646
3.012887
3.148207
3.014131
3.000811
3.112216
3.091422
3.058392
3.112148
2.993400
3.130975
3.063116
3.040873
3.034669
3.048321
3.115414
3.132911
3.016435
3.197373
3.006612
2.987116
3.077586
3.072809
3.038433
3.068682
3.140320
3.070151
3.115610
3.031850
3.049006
3.086864
3.067602
3.123266
2.994508
3.049995
3.120801
3.052611
3.061905
2.996573
3.063698
3.169409
3.077961
3.087499
3.000771
3.151891
3.129447
3.040628
3.165537
3.121097
3.120416
3.084216
3.041733
2.997902
3.042572
3.030898
3.072678
3.164610
3.067190
3.130113
3.061231
3.086325
3.045852
3.080043
3.106634
3.078007
3.055564
3.013451
3.017020
3.089844
3.153899
3.102345
3.094810
3.135138
3.022828
3.064983
3.022883
3.044163
3.215120
3.104363
2.965793
3.073605
3.148557
2.996169
3.031028
3.085527
3.059980
2.992309
3.031640
3.232168
3.125773
3.057742
3.059079
3.019023
3.074346
3.041021
3.030039
3.120958
3.103480
3.060107
3.102803
3.009922
3.114397
3.031391
3.037653
3.106476
3.049047
3.020877
3.006296
3.062980
3.057067
2.982425
3.134606
3.042390
3.120023
3.087396
2.987530
3.100392
3.050761
3.105880
3.095852
3.118198
3.006285
3.281165
2.988939
3.193712
3.087372
3.098596
3.070643
3.061273
2.977250
3.151175
3.162880
3.117530
2.979573
3.085853
3.084853
3.107540
3.067714
3.033128
3.100472
3.049458
3.050678
3.049058
3.052205
3.158626
3.102358
3.030950
3.062537
3.096662
3.081953
3.149932
3.079168
2.981277
3.066215
3.118944
3.057761
3.116165
3.100375
3.031117
3.054000
3.037997
3.113225
3.059178
3.037920
3.064635
3.121140
3.072976
3.083666
3.065782
3.038257
3.172176
3.098535
3.109805
3.071780
3.014853
3.062327
3.015265
3.105679
3.146217
2.999049
3.127000
3.019336
3.062787
3.047662
3.001524
3.027320
3.098790
3.089589
3.118929
3.011668
2.987001
3.132335
3.023776
3.132810
3.017829
3.065946
3.059579
3.089662
3.064782
3.000239
3.073331
3.008244
3.036723
2.991322
3.057512
3.143576
3.088621
3.100637
3.110698
3.063393
3.021944
3.069976
3.196356
3.172852
3.025862
3.065440
3.094913
3.091812
3.043267
3.048686
3.121080
3.167485
3.051704
3.051392
3.020266
3.012015
3.152818
3.031371
3.014717
3.218624
3.086422
3.162351
3.016977
3.205630
3.078654
3.079179
2.996204
3.135250
3.058210
3.047624
3.014467
3.091107
3.017026
3.039669
2.967493
3.035678
3.173773
3.076209
3.145705
3.026911
3.146731
3.172630
3.092280
3.081609
3.038753
3.043624
3.094085
3.050560
3.199475
3.065834
3.063019
3.027204
3.062452
3.036275
2.997201
3.038420
3.155665
3.001634
3.050996
3.052969
3.095189
3.110059
3.125565
3.064929
3.083141
3.034237
3.062535
3.082139
3.023234
3.075811
3.014486
3.129355
3.089288
3.101531
3.099026
3.057163
3.117401
3.065829
3.079093
3.105775
3.016407
3.021796
2.995092
3.149217
3.091600
3.103597
3.048052
3.093286
3.056429
3.085059
3.025820
3.043554
3.072351
3.035791
2.988683
3.155126
3.055605
3.023144
3.240597
3.090498
3.038277
2.993127
3.063007
3.017443
3.048108
3.070637
3.147107
3.126829
3.094657
3.032035
3.049921
3.131383
3.006797
3.179680
3.054997
3.062486
3.110748
3.008610
3.135874
3.092266
3.116464
3.005084
3.089425
3.012286
3.137246
3.114760
3.094218
3.094552
3.090316
3.032513
3.072620
3.055781
3.027027
3.010585
3.011042
3.028698
3.040598
3.055069
3.028456
3.052962
2.994685
3.032448
3.187629
3.104296
3.139949
3.023687
3.018805
3.044823
2.984024
3.062310
3.090092
3.110507
3.040047
3.110136
3.012683
3.149496
3.086504
3.083241
3.064680
3.097242
3.109781
3.129080
3.081082
3.129695
3.057313
3.168867
3.120165
3.118854
3.060438
3.071079
3.099706
3.109716
3.063459
3.119747
3.058010
2.989825
2.992822
3.060726
2.995436
3.148518
3.085428
3.075870
3.163509
3.025592
3.059913
3.170596
3.102311
3.043874
3.039653
3.031819
3.149815
3.061621
3.123752
3.108185
3.100083
3.047563
3.132206
3.196439
3.031961
3.118678
3.114077
3.045713
3.012509
3.072935
3.050185
3.033661
2.981254
3.130942
3.042742
3.149193
3.130224
3.090280
3.072303
3.031562
3.054073
3.087936
3.138798
3.203498
3.046087
3.184092
3.007791
3.027499
3.014726
3.119089
3.044329
3.052951
3.081355
2.990684
3.162457
2.993817
3.147930
3.083919
3.063362
3.137461
3.156955
3.021543
3.022466
3.064294
3.091673
3.007228
3.094047
3.139736
3.008417
3.060496
3.072825
3.070994
3.045721
3.081721
3.124868
3.065938
3.133398
3.130032
3.008923
3.029694
3.116830
3.107218
3.075430
3.100095
3.159745
3.099091
3.128179
3.060203
3.078547
3.043691
3.080782
3.085481
3.056759
3.051716
3.117441
3.025806
3.165147
3.125907
3.099130
3.079853
3.082922
3.112367
3.083647
3.022447
2.999460
3.047773
3.115769
3.048798
3.151691
3.115593
3.082759
3.023858
3.071503
3.153990
3.055036
3.117129
3.061602
3.044726
3.144654
3.131944
2.999711
3.021646
3.045069
3.085771
3.010275
3.135570
3.093946
3.014298
3.070810
3.040618
3.032262
3.068550
3.070228
3.007495
3.065384
3.063486
3.128555
3.203367
3.059298
3.036072
3.156040
3.022512
3.150749
3.073763
3.098489
2.972118
3.053767
3.045245
3.149449
3.094638
3.023742
3.121053
3.079070
3.015697
3.064649
3.084228
3.027321
3.101917
3.004121
3.088673
3.130885
3.163601
3.102709
3.045174
3.103455
3.141592
3.103564
3.040039
3.001305
3.040940
3.125805
3.127761
3.077033
3.041838
3.059562
3.078646
2.998192
3.109360
3.009317
3.080932
3.137445
3.051740
3.116862
3.027453
3.077232
3.055304
3.042409
2.998062
3.039740
3.053182
3.062292
3.071083
3.162181
3.044993
3.079666
3.031978
2.978994
3.028772
3.023153
3.140367
3.068059
3.096839
3.063582
3.134358
3.076663
3.180286
3.041576
3.120344
3.009744
3.119385
3.073274
3.032682
3.112440
3.003333
3.159783
3.050914
3.072044
3.054547
3.177556
3.084984
3.016288
3.092475
3.018262
3.133334
3.012882
3.143979
3.003649
3.039230
3.154748
3.050247
3.013370
3.051800
3.035619
3.109185
3.107363
3.033654
3.094564
3.159522
3.161225
2.993255
3.026130
3.009487
3.097092
3.088749
3.100113
3.085237
2.988870
3.101147
3.032622
3.189120
3.012530
3.080947
3.065110
3.064875
3.046886
3.061905
3.066839
3.067501
3.047933
3.048568
3.209343
3.088285
3.059421
3.037202
3.023095
3.145600
3.038433
3.039612
3.097748
3.049803
3.032561
3.110004
3.172585
3.029847
3.136395
3.144947
3.035767
3.116373
2.967153
3.097508
3.050485
3.129579
3.088568
3.045123
3.130600
3.104167
3.034720
3.031558
3.021981
3.085476
3.133859
3.116141
3.057054
3.040288
3.125085
3.069763
3.033368
3.036922
3.247685
3.118813
3.087593
3.004373
3.079217
3.041545
3.068892
3.058771
3.066185
3.093893
3.068837
3.232477
3.122519
3.051345
3.081400
3.085359
3.018128
3.098515
3.067077
3.186230
3.081811
3.101322
3.014054
3.062201
3.032031
3.083469
3.056561
3.041077
3.021030
3.085538
3.085784
3.091046
3.081570
3.071687
3.052781
3.065303
2.980274
3.043025
3.150490
3.062055
3.074377
3.031433
3.094833
3.043025
3.060244
3.049774
3.076712
3.126437
2.999495
3.146675
3.079811
3.130269
3.088362
3.132034
3.046056
3.060250
3.003259
3.096593
3.119261
3.155432
3.105704
3.004683
3.101967
3.153438
3.085863
3.072972
3.024783
3.020594
3.029925
3.063721
3.048841
3.063175
3.088950
3.068335
3.029260
3.049997
3.042642
3.142154
3.026576
3.098201
3.019946
3.134845
3.013729
3.046856
3.062811
2.984002
3.085480
3.035333
3.177692
2.981224
3.044484
3.046667
3.061635
3.034662
3.193858
2.977595
3.169111
3.022870
3.151426
3.217994
3.078781
3.049420
3.064082
3.068240
3.008318
2.999514
3.070584
3.023323
3.245511
3.048339
3.108520
3.115018
3.027803
3.122955
3.049017
3.092372
3.103880
3.172342
3.045493
3.050753
2.999351
3.115638
3.082198
3.050941
3.041973
3.171322
3.107850
3.177671
3.165539
3.033077
3.022293
3.001565
3.058079
3.070344
3.039390
3.066384
3.058034
3.147841
3.109723
3.045813
3.101628
3.049292
3.084766
3.036572
3.032997
3.088242
3.046670
3.058303
3.146818
3.140604
3.133092
3.132123
3.070958
3.109726
3.113426
2.999173
3.108452
3.095817
3.071362
2.989670
3.098265
3.125721
3.165746
3.102849
3.055969
3.193544
3.090865
3.037032
3.163666
3.028663
3.086330
3.087233
3.068584
3.028153
3.063910
3.007418
3.047117
3.198394
3.013061
3.108481
3.135400
3.080793
3.073648
3.039725
3.159423
3.063547
3.088252
3.040020
3.085438
3.068950
3.136332
3.060965
2.994359
3.057157
3.045292
3.159977
3.117539
3.025144
3.021313
3.008003
3.154391
3.154094
3.057552
3.008167
3.146136
3.004739
3.031685
3.169359
3.072697
3.056780
3.056290
3.044951
3.133424
3.005369
3.037991
3.114610
3.036393
3.038471
3.143211
3.080117
3.021595
3.089590
3.043209
2.984969
3.073865
3.129494
3.210763
3.093544
3.066764
3.081426
3.202826
3.035338
3.062805
3.130610
3.119238
3.035940
3.036208
3.069578
3.110712
3.035487
3.072448
3.031409
3.016774
3.151680
3.018290
3.131618
3.076223
3.118388
3.102448
3.081608
3.035764
3.139903
3.058202
3.067505
3.116822
2.966762
3.150013
3.077085
3.075569
2.983354
3.057358
3.059798
3.081072
3.102468
3.049184
3.202083
3.026308
3.124782
3.085098
3.110775
3.028167
3.044909
3.096114
2.987606
3.133573
3.025096
3.089404
3.009611
3.027915
3.060292
3.024101
3.170389
3.096221
3.136257
3.107786
3.120177
3.110008
3.009962
3.073040
3.004100
3.090902
3.070994
3.167372
3.068558
3.093875
3.052346
3.050829
3.076822
3.058098
3.091515
2.992070
3.056718
3.164713
3.135315
3.065835
3.000173
3.005711
3.150356
3.076889
3.033694
3.090306
3.043939
3.149391
3.055165
3.227010
3.008050
2.984461
3.053358
3.130333
3.046164
3.085659
3.022594
3.065792
3.050361
2.997567
3.114987
3.137125
3.129486
3.077711
3.015033
3.074266
3.098024
2.993100
3.036500
3.025924
3.041320
3.014394
3.044906
2.981071
3.043531
3.100791
3.016934
3.176111
3.082310
3.249121
3.014965
3.086009
3.006791
3.019091
3.186111
3.037855
2.971665
3.065582
3.047150
3.061527
3.028472
3.061402
3.027896
3.042329
3.035610
3.118905
3.148688
3.104787
3.114616
3.067675
3.001059
3.075443
3.004769
3.064642
3.012612
3.034234
3.046238
3.105021
3.147986
3.090990
3.163341
3.151998
2.998926
3.070179
3.180054
3.073323
2.961056
3.058063
3.132192
3.054655
3.060818
2.972654
3.029224
3.151281
3.237372
3.191903
3.127901
3.045504
3.052922
3.127225
3.094192
3.148757
3.054749
3.096689
3.149281
3.064609
3.084131
3.053420
3.070204
3.112037
3.043438
3.104045
3.013596
3.037327
3.019276
3.078075
3.062617
3.067314
3.157010
3.051190
3.062113
2.981789
3.059339
3.015392
3.096620
3.100397
3.181040
3.058526
3.109072
3.011113
3.099135
3.015961
3.158673
3.154571
3.088554
3.066278
3.047251
3.022769
3.083302
3.011396
3.121117
3.084011
3.034277
3.099995
3.042580
2.991678
3.027046
3.088790
3.037645
3.058220
3.026125
3.124839
3.043187
3.157142
3.025674
3.066286
3.054494
3.106473
3.092683
3.086530
3.198657
3.142488
3.035115
3.078702
3.031526
3.072665
3.071677
3.088162
3.120644
3.056369
3.171908
3.112215
3.019333
3.129991
3.082229
3.011894
3.005687
3.143624
3.025671
3.129604
3.055340
3.059300
3.012410
3.038996
3.116639
3.076176
3.130968
3.027114
3.060615
3.057579
3.213829
3.029800
3.053375
3.114004
3.042028
3.016261
3.097746
3.057000
3.066609
3.116536
3.030313
3.065635
3.079704
3.029926
3.023902
2.977350
3.013520
3.159483
3.070238
3.074456
3.079289
3.043750
3.257948
3.018482
3.089339
3.112441
3.190989
3.016271
3.072319
3.116907
3.058805
3.165379
3.089519
3.059327
3.013207
3.055085
3.187196
2.999126
3.143122
3.088279
3.078582
2.971974
3.077136
2.986898
3.016662
3.207166
3.071919
3.038548
3.052189
3.090578
3.130383
3.035292
2.976139
3.010348
3.045392
3.030383
3.195858
3.155324
3.032752
2.995886
3.099116
3.143629
3.164642
3.050782
3.050174
3.042334
3.127215
3.116788
3.043786
3.114018
3.121150
3.020679
3.094452
3.046492
3.023822
3.029787
3.038982
3.080160
3.112269
3.107471
3.127438
3.024760
3.073827
3.147267
3.137608
3.091564
3.068195
3.204610
3.061232
3.157910
3.144909
3.133377
3.026189
2.991574
3.008235
3.011735
3.199387
2.981569
3.125877
3.100455
3.015979
3.089529
3.079432
3.050840
2.984550
3.084099
3.090734
3.086060
3.029414
3.121571
3.054141
3.149364
3.147471
3.184935
3.134762
2.980211
3.129959
3.052237
3.156470
3.127527
3.136867
2.979217
3.102658
3.151175
3.106694
3.042865
3.053018
3.037566
3.023054
3.076657
3.093321
3.042636
3.056260
3.067331
3.035796
3.031987
3.039363
2.958757
3.098523
3.205232
3.209844
2.971543
3.065040
3.060555
3.085150
3.058821
3.033556
3.074426
3.051134
3.047834
3.004328
3.021572
3.121704
2.984047
3.052340
3.076948
3.036219
3.094590
3.112063
3.182644
3.029963
3.020146
3.058040
3.092138
3.051222
3.132006
3.056278
3.180233
3.043349
3.115756
2.979965
3.067546
3.035425
3.030854
3.143076
2.991246
2.965748
3.077928
3.053589
3.047623
3.096801
3.141013
3.112720
3.076006
3.078844
3.014958
3.082400
3.112941
3.031522
3.114889
3.092998
3.068235
3.010118
3.205712
3.001999
2.996849
3.171236
3.133120
3.089964
3.126568
2.971998
3.010303
3.064901
3.126842
3.037116
3.040508
3.089383
3.028770
3.025457
3.128051
3.023850
3.089090
3.137373
3.038255
3.129822
3.071716
3.054999
3.126112
3.049461
3.059988
3.152205
3.106724
3.115796
3.018815
3.058023
3.086178
3.098683
3.052813
3.003731
3.096638
3.198187
3.105929
3.067364
3.091369
3.058257
3.030533
3.055505
3.157161
3.099694
3.086167
3.045896
3.138655
2.998730
3.060569
3.132083
3.220387
3.018792
3.136552
3.086603
3.038850
3.149787
3.058141
3.066075
3.031568
3.158976
3.053959
3.048101
3.049211
3.054629
3.047163
3.050000
3.102709
3.073649
3.101260
3.144750
3.108103
3.140982
3.048069
3.077335
2.997069
3.102043
3.158365
3.075999
3.053914
3.028827
3.014425
3.074331
3.182086
3.134609
3.014822
3.003495
3.070775
3.075256
3.172308
3.100040
3.096993
3.189236
3.101694
3.075767
3.118494
3.074410
3.035725
3.184726
3.124906
3.012209
3.062096
3.037559
3.081392
3.076175
3.146456
3.049637
3.075345
3.136759
3.081969
3.117963
3.045045
3.183419
3.115453
3.048120
3.054376
3.093346
3.114857
2.983795
3.165860
3.011008
3.058778
3.128896
3.128255
3.153588
3.106837
3.198758
3.042549
3.012361
3.087795
3.098930
3.059561
3.067707
2.975828
2.991834
3.020768
3.051654
3.052559
3.045591
3.135456
3.093518
2.994453
3.139273
3.004326
3.119784
3.130124
3.115348
3.088999
3.063358
3.032954
3.055338
3.119563
3.110506
2.996293
3.057826
3.175230
3.086390
3.054776
3.065711
3.081138
3.014372
3.047113
3.078407
3.145684
3.045579
3.018285
3.013010
3.062502
3.139811
3.036662
3.101058
3.077930
3.037650
3.065223
3.112969
3.040601
3.054776
3.149071
3.025293
3.070017
3.183889
3.138476
3.077807
3.072091
3.000521
3.202538
3.008558
3.063244
2.990241
3.058364
3.066486
3.053629
3.055376
3.086498
3.057030
3.009814
3.153887
3.049065
3.075450
3.035817
3.036168
2.998566
3.151417
3.082476
3.171883
3.043646
3.136674
3.072002
3.018050
3.036946
2.956328
3.071236
3.120698
