# Si-Si bond lengths (Angstrom)
# Total count: 10800
3.073155
3.182814
2.962803
3.111573
3.151216
3.068137
2.981146
3.020020
2.915157
3.058204
3.007153
3.048344
2.994135
3.034719
2.973197
3.130170
2.938990
2.962167
3.161056
3.123421
3.038693
3.149592
3.160823
3.108225
3.040739
2.878961
3.088086
3.092751
3.076999
3.069439
2.997144
3.145707
3.081382
3.020884
2.925465
3.080087
3.067473
3.018228
3.027985
3.026902
3.036552
2.942512
3.025497
2.956314
3.071525
3.062746
2.963191
3.023951
3.057721
3.043966
3.099229
3.043081
2.905926
3.145565
3.108786
3.104645
2.928290
3.011269
2.979792
3.057366
3.020971
3.073793
3.049810
3.121154
2.905624
3.051318
3.001291
3.131699
3.080600
3.121893
3.076344
3.079870
2.956807
3.006042
2.955297
3.159885
3.116640
3.054829
2.926067
2.980280
2.957441
3.060917
3.069644
3.157142
3.104569
3.162290
3.085107
2.987863
3.182132
3.003459
3.013207
2.892829
3.026437
3.041263
3.017016
2.935041
3.058201
3.037833
3.076816
3.005152
2.972976
3.019951
3.040295
3.107048
3.044156
3.034227
3.066807
3.074826
3.015275
2.953764
3.090142
3.205346
3.008062
2.908350
3.086776
2.979290
3.085132
2.979052
2.977015
2.994969
2.923981
3.053716
2.982376
3.079239
3.154435
3.073032
3.039113
3.176412
3.121867
3.098939
2.971094
3.054401
3.050804
3.115487
3.106312
3.072269
3.017160
3.019784
2.968684
3.042961
3.187470
3.149240
3.060561
3.110668
3.042096
3.002788
3.134343
3.038849
2.963402
2.930646
3.028594
2.935363
2.939704
3.110212
3.052747
3.083955
3.005840
3.089201
3.054539
3.232750
3.065855
3.094400
3.010245
2.996265
2.904660
2.923428
3.028500
2.932319
3.005594
3.118151
3.078528
3.111537
3.022564
3.094454
2.879297
3.041751
3.058686
3.141082
2.908937
2.997139
3.015815
3.086496
3.165221
3.109344
3.089966
2.968874
2.994173
2.929756
3.004517
2.969217
3.050959
3.116415
3.063690
3.049616
3.093419
3.044411
3.050114
3.037886
2.846043
3.045160
2.969186
2.964653
3.152595
3.124476
2.975253
3.040464
3.069137
3.120558
2.898482
2.979092
2.925016
3.139181
3.052551
3.003046
3.026349
2.974088
2.986649
3.013254
2.988528
3.060173
2.974729
3.090642
3.102289
2.985265
3.017776
3.176537
3.063551
3.051632
3.170178
3.065000
3.103809
2.948269
3.057274
3.034962
2.995301
3.001292
3.053938
3.115217
3.067873
3.050432
3.089945
2.987305
3.031193
2.999677
2.985315
2.969636
3.034426
3.050217
2.994638
3.036762
3.014169
3.128898
2.965219
3.085745
3.180749
3.015312
3.098428
3.048609
3.068300
3.018802
3.010609
3.011022
3.018433
3.011306
2.960305
2.956802
3.010298
3.062944
3.094908
2.998413
3.088689
3.042090
3.048951
3.008219
3.036110
3.075365
3.065462
3.198899
3.103003
2.890862
2.985545
3.061924
3.254451
3.110655
2.909556
3.090667
3.132910
2.926278
3.016114
3.136130
3.044210
2.996784
3.069908
2.960035
3.099587
2.961468
3.089661
2.991025
2.941706
2.994958
3.078286
3.053956
3.114486
3.127187
3.093869
2.995860
3.145573
2.988340
3.065347
3.101418
2.963447
3.093981
3.021945
3.053104
3.023001
3.079676
3.140102
3.153049
3.012542
2.978371
3.091169
3.061807
2.966567
2.875882
3.079884
2.980220
3.105847
3.021436
3.147007
3.022667
3.027353
3.028478
2.972272
3.027776
3.074426
2.968690
3.157964
3.058191
3.096361
3.032561
3.037205
3.024919
3.064374
2.993584
2.976291
2.894332
2.990111
3.005050
2.955014
3.016524
3.009774
2.958551
3.087370
3.053922
3.102869
3.050926
2.997317
3.080992
3.010230
3.005305
2.985313
3.063080
2.852616
2.984436
3.103457
2.945159
3.060290
3.070713
3.020426
3.032453
3.083980
3.101326
3.060933
3.090109
3.145869
3.003363
3.029928
3.049635
2.956409
3.100147
3.087172
3.076376
2.959712
3.249664
3.014127
2.951419
2.982187
3.088334
3.077801
3.075031
3.093596
2.995813
3.028808
2.967606
3.053863
3.076770
3.005561
3.051279
3.059755
2.937735
3.048763
2.915890
3.032847
2.965668
3.062876
3.090916
3.100281
3.069780
3.054511
2.981904
3.039957
3.035616
3.060253
3.134434
3.018215
3.077254
2.994903
3.028918
3.033175
3.162251
3.057077
3.062746
3.090636
3.100272
3.180633
3.126363
3.099752
3.029109
3.200869
3.142571
3.059773
2.886896
3.035460
3.047238
3.044429
3.046817
2.898208
3.045749
3.125284
3.074754
3.056085
3.000644
3.088703
3.014079
2.966276
3.041029
2.977265
3.108983
3.020796
3.024903
3.079004
3.076322
3.042124
2.990356
2.998250
2.947628
3.130262
2.949406
3.050320
2.990549
3.011269
3.088413
3.171686
3.048671
3.026758
3.035690
3.065432
2.945913
3.125479
3.005085
3.007964
3.121181
2.965301
3.065279
3.057168
2.971817
3.033233
3.076647
3.203794
3.126062
2.977856
2.980948
3.071015
3.064057
3.008619
3.106077
3.075927
2.925156
3.102629
3.027884
3.021111
3.105537
2.950256
2.994179
2.973819
3.015332
2.994804
3.093677
2.971631
3.064735
3.170116
2.974691
3.050052
3.201266
3.084757
3.030076
3.063053
2.991721
3.073135
3.035514
3.075410
3.099626
3.111203
3.116780
3.099652
2.982295
3.034930
3.037561
2.970780
2.996911
2.957750
3.032479
2.950105
3.117274
3.033938
2.894587
3.024036
3.173227
3.008426
3.127982
2.992302
3.049086
2.947564
3.095273
3.013436
3.132673
3.040415
3.063133
3.087020
3.103467
3.138809
3.115129
3.028510
3.149752
2.932332
3.021674
3.036700
3.028146
3.022494
3.082796
3.061072
3.008803
3.022842
2.896035
3.160383
3.052729
2.963709
3.096579
3.108682
3.012482
3.070360
3.099791
3.060376
3.050014
3.103896
2.999002
3.013348
2.977983
3.043436
3.040499
3.092941
2.998287
3.156534
2.933710
3.049150
3.035360
2.983260
3.034343
3.204120
3.076109
3.075132
3.075778
3.021781
3.044132
3.030204
3.114289
3.064763
3.010144
3.032001
3.027871
2.948811
3.094045
3.100808
2.950869
3.063957
2.958526
3.009903
3.059870
3.000221
3.011272
3.122604
3.145320
2.941577
2.998562
3.028649
2.925915
2.963876
3.027345
3.041190
3.063285
3.056215
3.016267
3.096543
3.006758
3.004466
3.080718
3.026279
3.102774
3.146135
3.147550
3.091771
3.023688
3.055728
3.011983
3.036808
3.200959
3.018478
3.113949
3.077997
3.076543
3.115532
2.986893
3.131678
2.966735
3.051798
3.016704
3.086863
3.061238
3.055502
2.968946
2.996533
3.054375
3.035324
3.118230
3.004879
2.944188
3.056912
3.007370
3.012138
3.134051
3.051288
3.105541
3.227068
3.025954
2.926662
3.112175
3.022017
3.047939
3.057709
3.021628
3.009505
2.983036
3.091316
3.167350
3.084619
3.089382
3.183671
2.998053
3.026807
2.986285
3.054326
2.911824
2.977759
3.064898
3.120185
3.084200
3.092081
3.057567
3.021466
2.929389
3.060360
3.073930
3.136359
3.127209
2.772996
3.109368
2.951613
2.997892
3.092972
2.974361
3.096124
3.180513
3.091375
3.090855
2.959639
3.036659
3.073141
3.031190
3.028863
3.105000
3.047351
3.067574
2.926658
3.159132
2.999857
3.084635
3.040563
2.935300
3.069372
3.119715
3.026725
3.043387
3.018510
3.027086
3.009811
3.058847
3.049074
3.101636
2.961386
2.950081
3.067172
3.157992
3.052668
3.038739
2.962167
2.974288
2.981854
3.003512
3.051931
3.101666
3.081879
3.084295
3.035826
2.971177
3.060589
2.995574
3.056819
3.024198
3.035088
3.013077
2.985244
3.041795
3.129473
2.965138
3.099224
3.019297
3.137264
3.047829
3.034510
2.999390
3.063175
3.112181
2.947799
3.076255
2.965020
3.015625
2.954822
2.970778
2.957398
3.049982
3.039300
3.040607
3.089239
3.066199
3.135397
3.122174
3.089660
3.076725
2.851591
3.204232
3.036319
3.120775
3.009467
2.917241
3.030957
3.088878
3.046979
3.133477
2.881707
3.078604
3.067551
3.002989
2.936813
3.052414
3.132425
2.994566
2.876008
3.016362
3.055995
3.073383
2.954835
3.046238
3.068413
3.099176
3.074691
3.163370
2.990255
3.180471
3.073711
3.012684
3.042573
2.932979
2.960423
3.111910
3.043780
3.101452
3.033443
3.034471
3.026933
2.909481
3.038993
3.095932
3.041297
3.005772
2.981661
2.891524
3.087216
3.050327
3.041456
3.048982
2.968449
3.197421
3.107534
3.216789
3.047997
3.087084
2.965506
3.058019
3.019567
3.072351
3.067781
3.008045
3.079161
2.982628
2.988167
3.051364
3.023708
3.086991
3.065981
2.976677
3.020659
3.000602
3.021826
3.069952
3.108086
3.090252
2.896022
3.052322
2.991668
2.981652
2.975472
3.021533
3.088494
2.991978
3.107168
3.121355
3.014241
2.996037
2.979588
3.019692
3.022050
3.068616
2.983945
3.051314
3.064152
2.925356
3.017790
3.001302
3.016364
3.030856
2.989653
3.081232
3.144981
3.025314
2.992730
3.151638
3.075631
3.008139
3.053749
2.919477
2.973204
3.088379
2.993408
3.101090
3.128181
3.061984
3.058650
3.115994
3.060235
3.024419
3.016347
2.970380
3.013618
2.954371
3.014074
3.055146
3.116885
3.044178
3.080963
3.029061
3.100008
3.058228
3.073286
3.096477
2.987188
3.032343
2.968427
2.981390
2.993422
3.009474
3.027575
2.973686
3.042437
3.086307
3.113032
3.080055
3.119668
2.927255
3.122293
3.031840
2.939510
2.965178
3.080682
3.016888
3.069482
3.004374
3.019637
2.932340
3.128876
3.083825
3.191935
3.016206
2.975576
2.959226
3.120526
2.942215
3.008570
3.039029
3.027867
3.023268
3.030192
3.098603
3.087480
2.998063
2.958568
2.969780
3.035873
3.091338
3.048727
3.087751
2.971345
3.101095
2.997634
3.076478
3.091194
3.041824
3.024719
3.018731
3.002228
3.079004
2.978848
2.990906
3.023978
3.035451
3.106246
3.013834
3.036937
3.020412
3.032316
2.961962
3.012983
2.957011
3.068705
2.979829
3.118184
2.960668
3.011898
3.082835
3.052594
3.136805
2.913037
2.961035
2.944724
3.142566
3.138714
3.031896
2.974183
3.019382
2.979458
3.084146
2.926908
3.059773
3.011051
2.969055
3.157370
2.999954
2.969520
3.115610
3.099159
3.088933
3.076767
2.952875
3.086573
3.149816
2.899082
3.112354
3.053632
2.979209
2.993588
3.014690
2.868769
2.932833
3.080913
3.000886
3.075817
3.117396
3.151381
3.006790
3.121336
3.064649
3.257177
2.947068
3.035752
3.018255
3.119242
3.110097
3.103820
2.922331
2.949852
3.027927
3.065868
3.055032
2.988046
2.955595
3.037824
3.094149
3.178602
2.930370
2.966517
3.038551
3.118523
3.123457
2.965597
3.059828
3.074981
3.105294
3.059367
3.044833
2.966709
2.986377
3.129457
2.953176
2.920687
2.978068
3.080079
2.994935
3.046308
2.853086
3.054952
2.951514
3.081942
2.994008
3.033980
3.073390
3.086795
3.045788
3.062253
3.061100
3.081933
3.122868
2.972960
3.058292
3.031058
3.064504
3.053061
3.079779
3.085132
3.093294
3.090185
3.095440
3.091839
3.046387
3.010534
3.147860
2.974386
2.978065
2.964006
2.943760
2.909641
3.002720
3.040773
2.960234
3.008977
3.129981
2.946424
3.065197
2.910594
3.028130
3.018405
2.972249
2.969887
2.962376
2.972408
3.119680
2.993506
2.986675
3.002403
3.076992
2.994545
3.031559
3.050365
3.049410
2.864790
3.054570
3.023480
3.015775
3.232512
2.991738
2.936995
3.038182
3.027002
2.956126
3.072471
3.019120
2.960862
3.127788
3.036556
3.001245
3.121958
3.028708
3.158706
3.040924
2.995247
2.973516
3.088607
3.000603
3.044178
3.175726
3.017454
3.053613
3.027837
3.015931
2.990285
3.132911
2.930930
3.139949
3.065400
3.169962
3.047596
2.942460
3.097361
3.049967
3.023420
3.085311
2.986574
3.082102
3.078181
3.155247
3.026124
3.180742
2.967397
3.187697
3.045257
3.103766
3.012302
3.151235
3.071323
3.038648
3.036229
2.959384
3.065426
3.128567
3.077001
3.010604
2.859932
3.073508
3.197659
3.211508
3.085003
3.066217
3.047049
3.010869
2.990036
3.071950
3.018161
3.011065
3.071542
3.146790
3.032271
3.051384
3.048965
3.115716
3.021484
3.138077
3.056002
2.991952
3.053518
2.985671
2.968673
3.061769
3.060700
2.885235
3.033582
2.970096
3.054681
3.157620
2.912465
2.963932
2.950882
3.035694
3.124639
3.129954
3.097900
3.052313
3.066176
2.951982
3.035509
3.021271
3.074781
3.158849
2.951300
2.932702
3.111545
2.984232
3.084987
3.079364
3.149744
3.148803
2.994265
3.074291
3.112237
3.021034
3.084944
3.012514
2.979837
2.983865
2.889879
3.050854
3.006826
3.038356
2.963217
3.087135
3.032576
3.098004
3.127764
3.016401
3.039301
3.042120
2.995740
3.021056
3.156702
3.058689
3.040190
3.149486
3.006289
2.987419
2.955809
2.959093
3.015975
3.006986
3.113710
3.061111
3.051139
3.103351
3.085328
3.012449
3.062405
3.013651
3.157771
3.034709
2.984747
3.076436
3.042362
3.049015
3.146288
2.966289
2.986706
3.081409
2.981410
2.965728
3.077306
3.110452
3.064032
3.141092
2.978629
3.047257
3.099204
2.996023
3.022718
3.079921
3.094205
3.046460
3.049235
3.062610
3.099946
3.042915
3.055485
3.107476
3.112777
2.932245
3.092904
3.062216
3.108749
3.130742
3.094403
3.003500
3.123963
3.099194
3.049149
3.069705
3.022486
3.025708
3.095545
3.019471
2.998135
3.068319
3.140849
3.134426
3.039902
2.980943
3.044724
3.148241
3.036989
3.001406
3.081610
3.008872
2.948742
3.030251
2.978959
3.040173
3.088983
3.009602
3.022253
3.070848
3.087620
2.978775
3.102697
3.059188
2.984542
2.962389
3.102976
3.100616
3.021068
3.094090
3.030668
3.168798
3.016006
2.876285
3.110604
3.114429
3.026792
3.079352
3.089098
3.262548
2.996721
2.998674
3.178443
3.008787
3.027709
3.010193
3.076753
3.046217
2.903831
2.998881
3.036321
3.059598
3.064772
3.112979
3.098208
3.058655
3.062311
3.046559
2.964383
3.025165
3.109293
3.104890
3.002277
2.981753
3.051172
3.030283
2.827869
2.928265
3.072647
3.022540
3.123782
3.037568
3.033509
3.022329
3.014270
3.072858
3.269304
3.120085
3.020489
3.037668
3.052945
2.919336
3.019376
2.977804
3.115213
2.988139
3.166094
3.065226
3.052656
3.045848
3.022682
3.073183
3.008842
3.011985
3.120913
3.016685
3.133900
3.001257
3.051975
3.148049
3.052277
3.119233
3.085752
3.148228
3.111886
2.930483
3.187104
2.921312
3.034732
3.082350
3.153244
2.979843
2.993642
3.115034
3.051454
2.990102
2.944331
3.253648
3.021833
3.056356
3.002893
2.867892
3.042930
3.124396
2.876721
3.154337
3.102341
2.944521
2.952483
3.022018
3.114414
3.049146
3.057741
3.008660
2.903887
3.030115
2.946258
3.048801
2.995826
3.088513
3.045918
3.017245
3.030875
3.023416
3.080349
3.005591
2.883765
3.083130
3.095179
3.104236
3.068266
3.070902
3.063089
3.015458
2.962671
3.102920
3.063102
3.047313
3.056306
3.036073
3.126149
3.072635
3.044539
3.036531
3.033614
2.989036
2.995148
3.102474
3.021290
2.929301
3.026348
3.041984
3.112331
3.071280
3.071064
3.101469
2.981441
3.021237
3.087913
3.132266
3.027619
3.069806
2.935788
3.042565
3.013546
3.052256
3.028739
3.041766
3.071931
3.186715
3.010199
3.036004
3.047530
2.965023
3.068760
3.040978
3.063492
3.032001
2.986802
2.916624
3.003820
3.023651
3.067591
3.152195
2.948717
2.995073
3.029754
3.136823
2.972193
2.946654
3.111004
3.019786
3.067377
3.033600
2.950135
2.983903
3.079145
3.046112
3.058081
2.946144
3.050209
3.048932
3.090476
2.964010
3.032424
3.045652
3.127900
2.931381
3.020486
3.072649
3.101789
2.944998
2.946735
3.138379
2.937742
3.068358
3.020894
3.067236
3.047701
3.034125
3.020432
3.031769
3.056231
2.901677
3.063942
2.958244
3.039246
3.108104
2.986582
3.071943
3.101971
3.144224
3.000839
3.090879
3.085265
2.903899
3.084577
3.062986
3.042212
2.999904
3.064768
3.037429
3.065178
3.109191
3.061594
3.099488
3.057376
3.136585
2.995666
2.956155
3.023286
3.004394
3.158788
3.092772
2.985862
3.043252
2.949269
3.001871
3.098494
2.988240
3.149576
2.952749
3.091686
3.128802
3.117246
3.002642
3.114663
3.057629
3.013034
3.075789
2.962337
3.216875
2.955824
2.875157
3.001333
2.974541
2.972515
3.034538
3.073474
2.994081
3.047765
3.015838
3.142927
3.021038
3.057923
3.013475
3.050407
3.054043
2.970514
2.935378
2.919259
2.978885
2.998808
3.164008
2.966873
3.062386
3.097338
2.910129
2.985141
2.949344
3.042212
3.044300
2.893775
3.169631
3.096871
3.075998
3.159474
3.020560
3.027601
2.978439
3.049595
3.059709
3.068239
3.049452
3.073518
3.087533
2.974575
2.975858
3.122915
3.132531
3.146180
2.977757
3.047424
2.987634
3.080435
3.127419
3.060552
3.001867
3.078669
3.099809
3.031602
3.027522
3.053048
3.076129
3.028339
3.044654
3.059490
2.987499
3.066203
3.070063
2.985192
3.050291
3.110618
3.028418
3.097863
3.068647
3.045655
3.053761
3.036665
3.061160
2.992596
2.930372
3.171375
3.068518
3.142827
3.103587
2.964228
3.044504
3.120278
3.077726
3.048515
3.004104
3.114460
3.074517
3.058564
3.179475
3.070252
3.073380
3.057331
2.957006
3.103498
2.953193
3.062139
3.045667
2.990096
3.052615
3.067672
2.997849
3.061329
2.941053
2.975939
2.971347
3.072857
2.966784
3.103226
2.945406
2.929576
3.103897
3.037628
3.048747
3.037916
3.031568
2.931614
3.040807
2.983768
3.006318
3.060034
3.089271
3.059406
2.954771
3.037432
3.019580
2.945359
3.015389
3.082907
3.062574
2.975228
2.973876
2.983937
3.056698
3.067617
3.121934
3.013562
3.115701
3.010074
2.936301
2.996042
3.077937
3.027575
3.195206
3.024264
2.990652
2.875854
3.049804
3.054181
3.032902
3.035967
3.074432
3.083458
2.986152
3.091368
2.997962
3.076492
3.099178
3.112868
2.994389
2.957735
2.970133
3.162475
2.977965
3.059158
3.072981
3.030461
2.985077
3.161055
3.139950
3.039635
3.077231
2.988148
2.970827
3.007202
3.077137
3.066409
3.069804
2.975100
3.072159
3.006629
3.070567
2.960088
3.040531
3.022924
3.008632
2.943514
3.026669
3.025243
2.960623
3.102145
3.071230
2.850622
3.089890
2.925783
2.952505
3.074967
2.998045
3.073405
3.176948
3.063589
3.036513
3.041770
3.060364
2.978292
3.112222
3.061706
2.966400
2.847682
3.026037
3.044734
2.883346
3.048174
3.180147
3.103850
3.053163
3.089119
3.058202
3.058934
3.033533
2.903303
3.184111
2.955057
3.101977
3.109056
2.955943
3.076174
3.065226
3.016136
3.042195
3.071140
2.969664
2.932594
2.987005
3.029231
3.075203
3.036480
3.023560
3.155023
3.017693
3.057108
3.049213
3.021569
3.039411
3.039060
2.874974
2.889795
3.062703
3.006860
3.002716
3.016059
3.057499
3.106339
2.914107
3.030158
3.108067
3.087119
3.018598
3.015520
2.939964
3.046020
3.090393
3.079100
3.059010
3.031878
2.972536
2.995421
3.047938
3.029164
3.031118
3.102661
3.163114
3.142319
3.021376
2.992566
3.053252
3.157615
3.052803
3.098355
3.077769
3.115935
2.994250
3.031707
3.034703
2.998480
3.001701
2.932455
3.098306
2.969420
3.142467
3.087040
3.003971
2.930157
3.001975
2.973865
2.961729
2.968471
3.016730
3.013989
3.020234
2.945756
2.901618
3.002687
2.983212
3.021422
3.023317
3.117596
2.937992
3.021707
3.134119
3.023323
3.068261
3.022787
3.015761
3.080356
2.962466
3.005669
3.088391
3.154983
3.011998
3.175689
3.050021
3.055224
2.990315
3.176811
3.042413
2.963707
2.951095
3.069323
3.140015
3.045101
2.993049
2.970708
3.098078
3.053943
3.074487
3.066656
3.020743
2.939529
3.055393
3.017690
2.956422
3.058104
3.038074
2.991671
3.059216
3.153557
3.081585
3.038297
3.021852
3.107752
2.981613
3.160784
2.980249
2.989701
3.139136
3.076629
3.069412
3.131826
3.052835
3.011004
3.058672
3.006056
3.002518
3.027744
3.015580
3.050388
3.063268
3.102583
3.000325
3.150744
2.967077
3.109929
3.035731
2.919666
3.157254
2.990308
3.076458
3.008933
2.975172
3.025318
3.072292
2.988275
3.089269
3.052771
3.000787
2.967180
3.117524
3.034486
3.064545
2.964956
3.057343
2.962426
3.049838
3.098855
3.020187
3.056490
2.960189
3.100468
2.967216
3.144774
2.988110
3.117055
2.994365
3.081949
3.080034
2.954984
3.013882
3.031537
2.983640
3.103260
3.021312
3.013794
2.919968
2.926507
3.094439
3.028556
3.040666
3.199238
2.970099
3.019379
3.002078
3.013507
3.046629
3.064972
3.104748
3.012760
3.028890
3.131089
2.972271
3.153641
3.022575
3.095105
2.992687
2.942899
3.036316
3.113536
3.063775
3.012230
2.964103
3.085506
3.012857
2.928242
2.975486
3.008424
3.075035
3.114897
3.137532
3.118285
3.037337
3.002319
3.082833
2.979303
3.079087
2.956611
3.116622
3.007213
3.024134
3.020587
2.927272
3.050531
3.067165
3.006364
3.037573
3.113402
3.122381
3.071673
3.056111
2.930260
3.086635
2.953685
2.973226
3.059425
3.023279
2.911167
3.066462
2.899234
3.072413
3.000055
3.023158
3.156871
2.966320
3.106961
3.230408
3.113659
2.935333
2.989465
2.981530
3.048419
2.970601
3.067134
2.985581
2.985765
3.051695
3.096268
2.992272
2.969859
3.034451
2.894492
3.117279
3.034823
3.040501
3.123183
3.018322
3.026008
3.047784
3.096928
3.090032
3.025228
3.112321
3.028803
2.953021
3.116346
3.156714
3.030958
2.989029
3.101254
3.077536
2.962590
3.004474
3.112149
2.944458
2.814794
2.971590
3.010241
3.083970
3.081564
3.093237
2.942758
3.076430
2.932791
3.095953
3.158838
3.098514
3.074499
3.140227
2.952112
3.006744
2.998421
3.031740
2.988862
3.080211
3.132333
3.002201
3.075092
3.019864
3.178058
3.149694
2.952734
2.983360
2.973821
3.105299
2.980813
3.054416
3.107075
3.067537
3.040418
3.007212
3.098983
3.037511
3.022718
3.038934
3.084037
3.079542
3.008775
3.106314
3.014907
3.007326
3.050572
3.001089
2.978598
3.009565
2.975674
3.052584
2.972699
2.968464
3.039958
2.994287
3.121375
3.031306
3.016909
3.025610
3.047756
3.094959
3.038875
3.128877
3.005749
3.040328
3.018404
3.036026
3.084440
3.112867
3.138731
3.015861
2.983073
3.049273
3.131886
3.064418
3.047063
3.017031
2.940737
2.927329
3.065096
2.897522
3.000365
3.041127
3.120593
2.973421
2.991566
3.058958
3.139743
2.942837
3.070338
3.004990
2.965795
3.089655
3.047544
3.064146
3.061594
3.070411
3.032862
2.974208
3.074995
2.996876
2.990774
2.921989
3.082798
2.997172
3.052490
3.033536
3.079924
3.029961
3.073521
3.047123
3.014422
3.110975
3.063855
3.061162
3.087260
2.998179
3.014888
2.976107
3.106428
3.013631
3.031813
3.018255
2.938018
3.029816
2.971621
3.146242
3.065414
3.122578
3.125977
2.957394
3.055884
3.025980
3.011170
3.137528
3.182379
3.163997
2.980888
3.053289
2.977812
3.112478
3.085200
3.003535
3.061762
2.966075
3.041771
2.948017
3.036474
3.042207
3.127715
2.907683
3.113509
3.088698
3.167771
3.098578
3.117336
3.007987
3.055311
3.129370
3.027982
2.948940
3.020630
3.135921
3.051460
2.981023
3.001816
2.964333
3.113461
3.040094
3.136235
3.033662
2.997873
3.126475
3.028997
3.019132
2.983234
3.070818
3.035337
3.053447
3.073364
3.031056
3.055233
3.038903
3.028211
3.081125
3.036259
3.007150
3.116595
3.021674
2.953463
3.057020
3.101271
3.041627
3.070302
3.090315
3.036015
2.984968
3.047854
3.154583
3.021263
2.993362
3.226916
2.948789
3.155733
3.035430
3.040242
2.944941
3.033188
3.078890
3.013644
2.945504
3.068157
3.149546
3.070439
3.155255
3.170325
3.049419
3.144759
3.025075
3.095269
3.014527
2.984133
3.059990
3.120601
3.034099
2.968799
3.048408
2.999627
2.964421
2.964325
3.040723
3.138812
3.053838
3.113045
3.025658
2.981959
2.998269
2.941396
3.103123
3.021350
3.073061
3.058781
2.994118
2.972354
3.039144
3.035950
3.045514
2.865231
3.105364
3.103283
3.111106
2.971676
3.045290
3.032279
3.124218
2.932289
3.002555
3.147575
3.092454
3.049395
3.102432
3.027137
3.071183
3.000482
2.994226
3.030870
2.987233
2.969642
3.125648
3.042114
3.164096
2.940693
3.078223
3.131338
3.029130
3.073457
2.998102
3.046411
3.040762
2.984531
3.136284
2.994881
2.933625
3.124294
3.047321
2.992790
3.075904
3.046792
2.973979
3.038029
3.034758
3.103248
3.002561
3.045225
3.160183
3.056567
3.058888
3.068172
2.992239
3.013132
2.827503
3.047453
3.061843
3.046368
2.985511
3.033046
3.065163
3.001416
3.053841
3.039777
3.097520
3.012218
3.128706
3.000717
3.204430
3.030733
3.124599
3.113278
3.023234
2.916310
3.033795
2.964910
3.045655
3.107673
3.095864
3.125307
2.972195
3.107063
3.023467
3.074038
3.027194
2.865723
3.112697
3.042951
3.060285
3.048285
3.099900
3.033334
3.091470
3.038787
3.009210
3.054424
3.180572
2.973513
3.006667
3.055406
3.095324
3.015410
3.042581
2.806591
2.937633
3.058984
2.996617
3.227728
3.000640
3.127529
3.002379
3.009550
3.034679
2.959903
3.104498
3.011899
3.041876
3.077229
3.098470
2.954641
3.039561
3.068372
3.002392
3.019490
2.933662
2.954331
3.086557
2.997987
3.051091
3.079547
3.084680
3.051674
3.022431
3.032914
2.992659
3.081639
3.123290
3.039553
2.954874
3.053406
3.031553
3.074107
3.045994
2.999723
3.083265
3.077295
3.005676
3.048888
3.036872
3.074398
3.036058
3.071775
3.003564
3.101271
3.100176
3.013123
3.094520
3.017777
3.027115
2.999027
3.032231
3.118263
3.104518
3.035707
3.045896
3.005530
3.048956
3.018351
3.022982
3.041104
3.039941
2.978536
3.056845
3.016393
3.181499
3.037467
3.023031
3.106224
2.999596
3.049352
3.008773
3.173640
2.969101
2.981169
3.069503
2.969973
3.133915
3.051446
2.991301
2.984714
2.981158
3.163058
3.098458
3.117807
2.927654
3.037489
3.033079
3.107628
3.072012
3.183331
3.044303
2.998496
3.010633
2.932632
2.913773
3.021037
3.078577
3.096866
2.976242
3.067210
2.964205
3.017193
3.059075
3.080938
3.020126
3.125825
3.088483
3.164390
2.966319
3.053780
3.087730
3.013258
2.876148
3.000437
3.039962
3.103121
3.109504
3.011042
3.029985
2.895747
3.125157
3.028070
3.001126
2.928529
3.087985
3.198989
3.060590
3.068051
3.002145
2.995554
3.107729
2.932529
3.061753
3.025922
2.990931
3.107962
2.946468
3.062190
3.007585
3.024082
3.039318
3.051872
3.091614
2.996592
3.041704
3.016156
3.077598
2.951611
3.079803
3.128002
2.997894
3.027753
3.040272
3.005981
3.056496
3.024656
3.081087
3.010675
2.928699
3.054607
3.125552
3.036621
2.852071
3.014343
3.106365
3.097733
3.165631
3.125964
2.951809
3.001417
3.085553
3.090208
3.097622
3.055082
3.046440
3.013301
3.047753
2.995084
3.145491
3.110316
3.056693
2.976438
3.026356
3.008303
3.010804
3.089986
3.011672
3.023421
3.131303
2.919397
3.104329
3.137235
3.000990
2.915222
3.065900
3.100040
3.075066
3.085376
3.148799
3.017408
3.137659
3.037623
2.885852
3.063769
2.951524
2.998171
3.102539
3.047885
3.064517
3.116016
3.087782
3.039533
3.120884
3.124328
3.039943
2.951990
3.035238
2.983641
2.953459
3.106965
2.885035
3.086035
3.006552
3.107989
2.976092
3.029064
3.041432
3.020938
3.112061
2.874848
2.979762
3.013196
2.993219
3.067593
3.069206
3.011523
2.937897
2.947113
3.148162
3.074574
3.057796
2.981840
3.034576
2.970401
3.036699
3.067414
2.934066
2.966030
3.129963
3.070800
3.010190
3.071937
2.995222
3.145459
3.015859
3.040056
3.013662
3.005153
3.077661
3.034494
3.018433
2.990832
2.977272
2.968427
3.021882
3.035322
3.067168
3.053853
3.162714
2.982374
3.018436
3.235228
2.988823
3.091690
3.053479
3.083797
3.155274
2.976504
2.855899
2.968429
2.940335
3.089644
3.075322
3.146662
2.911524
3.131237
3.240591
2.947075
2.988381
3.073043
3.016085
2.944501
2.994341
3.002139
3.028682
3.002941
3.091339
3.048267
2.994070
3.011635
3.092707
2.887510
3.050745
2.923207
3.062925
3.011259
3.079315
3.184679
3.160524
3.018611
2.913920
3.050627
2.989408
3.068547
2.931871
3.041489
3.091352
3.093729
3.180905
3.153511
3.077198
3.045118
3.040477
3.059920
3.072266
3.014468
3.025009
3.115026
3.146906
2.982945
3.041391
3.050608
3.026966
3.089294
3.070086
3.021674
3.125903
3.029599
2.995835
3.105783
2.926584
2.985731
3.098642
3.163647
3.013457
2.999228
3.023080
3.042694
2.975707
2.929766
3.169535
2.933921
3.077744
3.047706
3.114873
3.065796
2.991105
2.999959
3.112049
3.009803
3.081993
2.965844
3.010812
2.977111
2.999868
2.980206
3.068805
2.988479
3.057319
3.141721
2.960129
2.966147
3.011793
3.033628
3.026050
2.992784
3.034726
3.054894
3.041451
3.086503
3.047936
3.094731
2.956292
3.091676
3.124464
3.014478
3.053595
2.982935
2.979169
3.122795
2.982685
3.004329
3.050131
3.045700
2.904603
3.104372
3.007190
3.052980
3.138915
2.892353
2.955346
2.914085
3.113382
2.868675
3.006172
3.021271
3.142294
3.012721
2.999534
3.018692
2.895596
2.914136
3.054575
3.048109
3.052137
3.073644
2.941162
3.068149
3.045237
3.067208
3.059727
3.063156
3.090688
3.027465
3.037957
3.036609
3.124916
2.949087
2.930251
3.035138
2.989696
3.131659
3.241348
3.116287
2.999202
3.106428
3.034125
3.112758
3.138890
3.077286
3.058671
3.013097
2.977868
3.081594
2.974053
3.087344
3.195248
2.973437
3.050315
3.129765
3.103040
3.127215
3.118573
3.094364
2.969665
2.974062
2.941197
3.115104
3.067437
3.087267
3.044224
3.093356
3.122380
3.075945
3.110819
3.082479
2.955161
3.028468
3.034298
3.079385
3.119796
3.017913
3.044546
3.034808
3.089570
3.042865
3.023230
2.984137
3.050140
3.151400
3.089727
3.097399
2.896549
2.993083
2.884797
2.972981
2.992497
3.026954
3.178931
3.068557
2.978592
3.002054
3.049989
2.901487
3.081008
3.005882
3.003332
3.073577
2.969748
2.999152
3.194230
3.023145
2.996943
3.069532
3.141417
3.004072
2.976521
3.060299
3.077434
3.013058
3.094624
3.019707
3.054188
2.948963
3.017293
3.033073
3.026385
3.058621
2.993907
2.999016
2.972329
3.022195
3.053952
2.978704
2.988482
3.032359
3.111609
3.055036
3.063556
3.104758
3.066616
3.095349
3.098780
2.972807
3.047188
3.037747
2.982279
3.046373
3.010186
3.040400
3.077199
3.018446
3.078999
3.052439
3.139526
3.067822
3.007697
2.996380
2.979883
3.026343
3.064912
3.100879
3.026952
2.984264
3.092478
3.070665
3.027339
3.042471
3.117322
2.991706
3.074116
2.906846
3.135141
2.933931
2.983191
3.032908
2.912958
3.036395
3.031036
3.044102
3.116100
3.044222
3.044967
3.102416
2.986685
3.022146
2.915474
2.960572
3.135540
3.032312
3.070369
2.987733
3.035175
2.951013
3.005913
2.974877
3.014188
3.035690
3.056686
3.089828
3.023178
3.025766
2.963114
2.983112
2.992943
3.097242
3.045676
2.986184
3.050360
3.068254
3.106551
3.087288
3.141578
3.050372
3.029107
3.022424
3.031145
2.999243
3.004060
3.154711
3.133884
2.957220
3.027944
3.067489
3.125413
3.015077
3.088406
2.975117
3.100564
3.112952
3.050296
3.031493
3.028690
2.940597
3.043035
3.049930
3.067507
3.081969
3.128163
2.993019
2.950885
3.071363
3.076464
3.004807
3.082115
3.043564
3.148077
2.953458
2.953283
3.027541
3.028221
2.900620
3.014310
3.079337
3.008143
2.939014
3.112118
3.171194
2.993942
3.064709
2.997227
3.107679
3.076732
2.981544
2.930378
2.946544
3.097830
3.180577
3.103591
3.021582
3.104059
3.207883
3.023811
3.013642
3.057421
2.888846
2.933630
3.092943
3.129370
3.128056
3.020311
3.024163
3.131216
2.888509
3.125150
3.000262
2.937238
2.950869
3.092008
3.092162
2.983989
3.060595
3.091761
2.970155
3.089396
3.005981
3.111085
3.008262
2.989565
3.004921
3.023622
3.028126
3.139061
3.071977
2.994196
3.085054
2.997321
3.084636
3.048393
3.017171
3.095834
3.024619
3.067128
2.941264
3.090825
2.996764
3.124463
2.965271
3.112319
3.135303
3.244342
3.083021
3.132313
2.973526
3.167050
3.001854
3.124883
3.038233
2.993964
2.953774
3.053802
3.036514
3.077741
3.069294
3.097739
3.021576
3.028674
2.941219
3.182097
3.142222
3.007114
3.033262
3.050406
3.201605
2.963454
3.091025
3.042244
2.972451
2.939375
2.972722
3.057142
3.082467
3.140601
3.067479
3.034244
2.933423
3.033188
2.986065
2.968081
3.012936
2.968023
3.086459
3.048047
3.102741
3.092961
3.068727
2.987315
3.119325
3.029502
3.023408
2.984086
3.165808
2.974172
2.988232
2.981823
3.098128
3.061574
3.139737
2.897754
3.108650
3.123174
3.025468
2.992013
3.028814
2.982213
3.034483
3.094371
3.073666
3.000269
3.115263
3.004063
3.052214
3.025092
3.142578
3.020245
3.011466
3.012236
3.017596
3.044049
2.985894
3.039019
3.028736
3.084247
3.144551
3.022090
2.952955
2.964915
3.101244
3.052633
3.077950
2.996653
3.058277
2.981809
3.170860
3.138216
3.045292
3.031109
3.034586
3.094839
3.055218
2.935028
2.917580
2.997147
3.111576
3.047693
3.005482
2.953911
3.007649
2.975313
3.080563
3.112052
3.050759
3.056063
3.165341
3.048815
2.928161
3.017735
2.986119
3.055131
3.023079
3.032626
3.222792
3.076830
3.090401
2.987939
2.979922
3.061739
2.988235
2.924654
3.083327
3.086264
3.056630
3.025362
2.915563
2.970785
2.996925
3.073701
2.974823
3.117423
3.026256
3.114200
2.943592
3.013385
3.023027
3.003921
2.971787
3.058405
3.142910
3.093491
3.057662
3.162063
3.030579
3.083468
3.069403
2.994337
3.037651
3.088768
2.956773
2.998314
3.013834
3.003600
2.887702
2.838257
3.022128
2.995218
3.040048
2.984354
2.904714
3.135369
3.064280
3.003070
3.086009
3.028183
3.038490
3.127528
2.983667
3.164155
3.126492
3.110610
2.979248
2.965694
3.092513
2.961873
3.042027
3.065979
3.017204
3.012194
2.937405
3.108059
2.975468
3.040025
3.055958
3.061406
3.020117
3.201878
3.176391
3.028512
3.051290
2.987894
3.060540
3.029226
2.912902
2.990387
2.985167
3.089026
3.044918
2.972036
3.121999
3.031921
2.913379
3.076096
3.076953
3.005488
2.975568
2.966492
3.058437
2.972749
3.107019
3.097761
2.978865
3.006163
3.166999
3.047411
3.096534
3.034358
3.033085
3.063618
3.203421
3.133884
3.038908
3.028747
3.090971
2.932105
3.014189
2.928182
3.065736
3.054034
3.078507
3.157051
3.114781
3.090755
3.012883
3.114593
3.117705
3.046818
3.017829
3.057770
2.972612
2.988164
3.087985
3.017482
3.048260
2.988029
2.985037
2.993750
3.128808
3.083018
3.057820
3.070595
3.058111
3.100769
3.072476
3.072270
3.025834
3.062270
2.989699
3.132193
2.990847
3.052523
2.964591
3.094952
3.067995
3.051143
3.062841
3.158090
2.980135
2.866544
3.096390
3.087265
3.033694
3.041640
3.011860
2.986864
3.042469
2.971954
3.021501
2.989885
3.046129
3.090081
2.963880
3.029671
3.171072
3.114784
3.055491
3.014517
3.030391
3.170970
2.962198
3.001283
3.007260
3.063766
3.067373
3.005909
2.969850
2.970859
3.183539
3.121356
2.923341
3.121291
2.985367
3.014328
3.012562
2.991930
3.047554
3.094900
3.070765
3.040292
3.078770
3.069108
3.029537
2.896557
3.056067
2.987719
3.058095
3.131040
3.051335
3.116988
2.984988
2.937934
3.004585
3.078021
3.106582
2.975384
3.041103
2.982655
3.060394
3.035258
3.087302
2.998113
3.003959
3.077104
2.972736
2.919665
2.955287
2.920723
3.056383
3.090409
3.065278
3.082760
3.030852
3.039600
3.006589
2.980937
3.071992
3.030817
3.125718
3.069063
3.087293
2.956974
3.038824
3.102285
2.988174
3.097014
2.985198
3.049252
2.989742
2.902046
3.099909
2.969046
3.071159
3.194109
3.020357
3.062486
3.098752
3.052033
3.126071
3.102474
3.209366
3.044628
2.908173
3.099434
3.044552
3.003036
3.190917
3.034360
3.069921
3.185591
3.062420
3.021651
2.945020
2.989823
3.217652
3.120142
3.115024
2.967643
3.122543
3.112324
2.986574
3.029641
3.135228
3.008035
3.036327
2.884822
3.074044
2.941554
3.000121
3.002126
3.047209
3.007399
3.030327
2.930000
2.984802
2.947868
3.055852
3.076755
3.198792
3.003147
2.992828
3.090067
3.087724
3.099813
3.001000
3.032038
2.893199
3.002244
3.157805
3.018253
3.115149
3.116751
3.025166
3.159599
3.019292
2.965749
2.940991
2.995204
2.977283
3.127586
2.965409
3.019435
3.083118
3.033277
3.090801
3.029945
2.971599
3.015533
2.960351
2.995290
2.984370
3.148733
3.080816
2.944590
2.945560
3.112755
3.002048
3.011974
3.022082
3.169624
3.019379
2.946806
3.043328
3.166578
2.970635
3.131025
3.130946
3.005653
2.999634
2.995642
3.094216
3.095529
3.076354
3.076526
2.974741
3.000269
3.042352
3.043928
3.033201
3.052797
3.145627
3.172312
2.951255
3.043294
2.961586
2.916912
3.031828
3.170845
3.018317
3.080487
3.014130
3.058171
3.061360
3.115834
3.004430
3.194780
3.028634
3.002114
3.058831
3.063683
2.999196
3.148052
2.930533
3.137313
3.004857
3.154638
3.018716
2.942779
3.108060
3.046529
3.045115
3.110068
3.094116
2.989313
3.122267
3.123417
3.060534
3.073024
3.032811
3.027887
3.056784
3.039113
3.016557
3.091106
3.013481
3.087405
3.075148
3.040923
2.944189
3.044984
3.049307
3.035831
2.995719
2.945461
2.981567
3.027924
2.961304
3.045774
3.070924
3.023733
3.130342
3.163932
3.047598
2.973155
3.008266
3.023642
3.059285
3.053720
3.092417
2.938801
3.001376
3.122463
3.069616
2.994029
3.018405
3.003242
2.931894
2.995051
3.004931
3.022759
3.083402
3.136671
3.127558
3.229821
3.070681
3.031566
3.053169
2.985278
3.033853
3.068761
2.869845
2.964068
3.068955
2.993555
3.054425
3.046792
3.093681
3.060841
2.954644
3.048195
3.151205
3.011493
3.099480
3.029066
3.134739
3.087864
3.021282
3.061509
3.127153
2.981668
3.073257
3.061447
2.940956
2.997265
2.856316
3.001125
3.129364
3.042739
3.012872
3.084147
2.934848
3.171625
3.024365
2.996492
3.076965
3.042582
2.997721
3.094708
3.018113
3.029882
2.984767
2.996375
3.017286
2.961509
2.989302
3.094705
2.988170
3.122644
2.961258
3.022764
3.026377
2.997028
3.067463
2.953592
2.999577
2.989231
3.076022
3.127894
3.067105
3.063252
3.005459
3.012782
2.961877
3.011238
3.005486
3.084128
3.054963
3.044351
3.165013
2.877996
3.017365
3.024440
3.071803
3.079135
2.953069
2.981121
3.036927
3.197601
3.045059
3.051394
3.024835
3.113184
3.065033
3.028503
2.995149
2.983594
3.034201
2.942016
3.016069
3.099004
2.966948
3.069161
3.097476
3.020051
3.117936
3.008947
3.002844
3.061503
2.957706
3.027459
3.177068
2.919168
3.079285
3.156003
2.953502
2.943931
3.056595
3.142292
2.973143
2.999384
3.088729
2.937878
3.089021
3.061712
3.102761
3.005188
3.069405
3.107863
3.042407
3.019127
3.105774
2.930899
2.974370
3.013767
3.104228
3.047968
2.965694
2.978779
3.157768
3.016224
3.084402
3.118280
3.044357
2.929835
3.067740
3.045284
3.030984
3.010821
2.957044
2.954716
3.133328
3.009384
3.040089
3.017379
2.972716
3.080592
2.998409
3.083811
3.091228
3.025633
3.077474
3.013058
2.975565
3.028556
2.977331
3.077114
3.087875
2.946235
3.078877
3.148763
3.042895
2.862689
3.056800
2.972206
2.970228
2.944021
3.009192
3.027617
3.035406
3.022859
3.049311
3.079576
3.092055
3.062375
3.091202
3.060628
3.112467
3.124035
3.100346
2.982398
3.084138
3.116175
3.107959
3.061095
3.091174
3.039875
2.980699
3.004719
3.060986
3.049751
3.026637
3.078984
3.045519
3.150190
2.988092
3.080466
2.973827
3.047090
3.021001
2.919531
3.013417
3.100065
3.036634
3.109002
3.011464
2.907881
3.014709
2.897427
3.041874
2.993908
2.893745
2.948353
3.097809
3.107680
3.022685
3.041606
3.150436
3.030877
3.017382
3.099145
3.015434
3.059893
3.004313
2.914334
3.168644
2.979981
3.075559
3.012186
2.967329
2.971507
2.851504
2.956886
3.122579
3.027215
2.984170
3.050552
3.040996
3.065782
2.975236
3.119130
3.111906
3.019565
2.937941
2.998239
3.080488
3.014943
3.075276
3.035523
3.028411
3.095480
3.028016
2.888549
3.011792
2.936613
3.055672
2.982211
3.070868
3.089221
2.928416
3.064604
3.017810
3.016687
3.170597
3.082441
2.988780
3.041491
3.080875
3.146330
3.002019
3.111602
3.020426
3.120476
3.059679
3.085629
3.116019
3.179579
3.041379
2.996659
3.047150
3.051575
2.918375
3.028971
3.062751
3.094539
3.030552
3.192366
3.020574
3.220808
3.034026
2.985087
3.078109
3.132745
2.947014
2.931598
2.992352
3.042276
3.028607
2.993809
3.122378
2.998236
3.152242
3.048362
3.150140
3.025872
3.073658
2.923329
3.069181
3.044763
3.167829
2.999742
3.134736
3.051503
3.028038
3.073014
3.126031
3.014220
3.095390
2.948909
2.956012
3.118534
3.121918
3.055755
3.173221
2.974102
3.068314
3.020840
2.957766
3.075739
3.032143
3.042752
3.048786
3.161422
3.095659
3.022248
3.004741
3.087499
3.066072
3.048443
3.053772
3.053425
2.996903
3.035748
3.050706
2.982127
3.044356
2.951356
3.034919
3.073981
3.155368
2.921425
3.052879
2.898260
3.108641
3.093172
3.084045
3.072829
3.003010
2.993045
3.075751
3.166043
2.893925
3.062164
3.133281
2.956290
3.156927
2.847526
2.898541
3.106873
3.068955
3.181288
3.023270
2.979819
3.036339
3.013637
3.153560
3.143101
3.091066
3.027436
3.043817
3.090048
3.063520
3.118630
2.991800
3.013212
3.121579
2.996796
3.095279
2.941959
2.988584
3.031898
3.101862
3.030061
2.929103
2.962656
2.972179
3.008115
3.025632
2.978009
3.061850
3.105361
3.015527
3.120307
3.121695
2.992192
2.982527
2.970524
3.075320
2.945896
3.082918
2.981904
2.989818
3.031151
3.063559
3.077806
3.015383
3.060817
3.079942
3.150921
3.054096
2.894104
3.102124
3.139894
3.055441
3.024091
3.077769
2.977008
3.107329
3.079842
2.936748
2.971052
3.091863
2.982662
2.960783
3.069894
2.992255
3.083605
3.055376
3.058258
3.002659
3.070408
3.133644
2.944478
3.082213
3.019702
3.050306
3.082974
3.062764
3.232838
3.027344
2.905940
3.126901
3.065176
2.998772
2.966337
3.095622
3.044235
3.111627
3.104460
3.028220
3.139480
3.063127
3.026343
3.142777
3.046991
3.061195
3.030824
3.115283
3.061085
3.149314
3.053568
3.028020
3.098392
3.140205
3.108811
3.027451
2.971951
3.003299
2.963344
3.027338
3.097461
3.062201
2.976670
3.055957
2.976126
2.966550
3.004770
3.103414
2.975679
3.022665
2.907874
3.195904
2.980367
3.080390
3.135521
2.901533
3.010182
3.141728
2.947134
3.013350
2.927556
3.015636
3.032635
3.143079
3.112008
3.034894
3.049639
2.964449
2.965717
3.080030
3.046742
3.046602
3.034000
3.040575
3.050211
2.963001
3.125479
2.981540
3.127577
2.952434
3.047769
2.928379
3.034865
3.030741
2.992062
3.012349
3.034190
3.138040
3.093892
3.024789
3.012325
2.972069
3.101891
3.017525
3.084073
2.950559
3.043249
3.074584
3.017499
3.011585
3.025068
3.035007
3.081329
3.087562
2.842734
2.972958
2.987016
2.962379
3.071030
3.008947
3.053903
3.045831
3.006579
3.046242
3.030875
3.145813
2.972419
3.095820
3.017799
3.100717
2.857506
3.028567
3.003146
3.047529
3.019196
2.938550
3.006496
3.062803
2.971066
3.037569
3.032758
3.021598
3.115833
3.045608
3.119761
3.140346
3.007170
3.017651
3.025250
3.028062
2.958364
2.992236
3.147061
3.059171
3.114350
3.144542
3.082196
3.031139
3.153752
3.001302
3.050222
2.961077
3.061407
3.048509
3.061537
3.096462
2.992475
3.054648
3.083588
3.067950
3.037137
2.981006
3.107331
3.066724
3.025215
3.047451
2.993579
2.978627
3.047987
3.022521
3.037659
3.045253
3.243463
3.094300
3.071647
3.031664
3.017165
3.039528
3.084632
2.963806
2.988647
3.064939
3.028802
3.054003
3.071950
3.022807
2.986014
2.929636
2.974306
3.068927
3.114493
2.992112
3.051435
2.978049
2.864923
3.037038
3.062636
2.941708
3.015016
2.975539
3.060883
3.083618
3.072881
3.072608
3.103924
3.065998
3.130370
3.096026
3.035221
3.161712
3.106589
2.993571
3.020717
2.973246
2.920015
2.988253
3.010309
3.049549
3.012312
2.949048
2.974824
3.027296
3.029309
3.068529
3.072986
3.082439
3.084785
3.017564
3.059697
3.051016
3.011989
3.078591
3.082420
3.036637
2.978085
3.020147
3.011345
3.085971
3.084514
3.010302
3.173423
3.053347
3.024859
3.001807
3.023949
2.952828
3.067561
3.022529
3.176492
2.989414
2.928242
3.081628
3.045135
3.138569
3.121779
2.957321
3.078789
3.041133
2.887924
2.945095
3.029585
3.026949
2.989850
3.092190
3.024070
2.997921
3.108053
3.159885
3.130044
3.007806
2.994042
3.098755
2.966012
2.965774
3.003167
3.103970
3.057398
3.004449
2.917621
3.087623
3.031380
3.042633
2.998519
2.904300
2.974116
3.033739
3.052839
3.094058
2.973955
3.041687
3.125525
3.042548
3.013145
3.189144
3.022554
3.082262
2.997610
3.057133
3.025837
3.039586
3.086609
3.026873
3.163605
2.961878
2.987984
3.066045
3.023789
3.078930
3.065944
3.019820
2.969374
3.036403
3.026406
3.056870
3.084403
3.028542
3.091657
2.953718
3.115530
3.181824
3.014424
2.946896
2.980515
2.982662
2.999089
3.063131
3.037661
3.242647
2.994521
3.026119
3.106100
3.118898
2.966676
3.033098
3.010173
3.015843
3.025069
2.981016
3.129699
3.050469
2.970800
2.992581
3.114089
3.003011
2.990142
3.052420
2.912690
3.061775
2.994429
3.172872
3.036198
2.999242
3.134187
3.140600
2.975482
2.944087
3.159313
3.134896
3.009924
2.978953
2.941966
3.090036
3.064352
3.057926
3.064525
3.063495
3.091820
3.076318
3.046242
3.112295
3.054357
3.040033
2.979035
2.853682
2.990461
2.955511
2.974470
3.020824
3.059221
3.069922
2.965854
3.122159
3.046624
3.044289
2.951986
3.054792
3.141516
2.904134
3.053799
3.014544
3.016226
3.012921
3.106240
2.984626
3.008955
3.053299
3.029682
3.000477
3.062345
2.993639
3.026146
3.036681
3.075816
3.074302
3.003072
3.130671
2.953379
3.019105
3.243856
3.175196
3.043508
2.982537
3.110064
3.081976
3.053241
3.108350
3.138999
3.009361
3.105773
2.943431
2.999519
3.075654
3.079301
3.098863
3.101939
3.056991
3.008406
3.112106
2.991269
3.089279
3.089606
3.045124
3.045721
3.027918
3.203876
3.087712
2.949342
2.994393
3.030521
2.994418
2.950578
3.063229
3.161321
3.060660
3.010450
2.919610
3.078121
3.014960
2.981731
3.050207
2.989136
3.095654
3.084676
3.003655
2.970693
3.109207
3.010071
3.056578
3.012687
3.076449
2.968689
3.033482
3.111857
3.015580
3.001209
3.091413
3.043524
2.937480
3.070521
3.026073
3.119950
3.025597
3.027884
2.976616
3.121165
3.035653
3.087406
3.073816
3.015095
3.077331
3.105431
3.084672
3.139984
2.970947
3.001216
3.112100
3.020314
2.996996
3.167281
3.050665
3.058630
2.904632
3.053887
3.072235
3.109057
2.909153
3.075635
3.153931
3.075382
3.103628
3.019573
3.066803
2.985810
3.079332
3.157567
3.031326
3.070519
2.986197
3.022226
3.161239
3.172790
2.883272
3.030133
2.988697
2.933301
2.960072
2.984387
2.967391
3.092865
3.110420
3.095210
3.065855
3.100139
2.999833
3.033929
3.080607
3.007656
3.121937
2.987762
3.039171
3.054379
3.143890
3.050285
2.904772
3.009737
3.056207
3.051655
3.113491
3.079603
3.013937
3.134132
3.032360
2.968676
3.040232
2.987181
3.005788
3.012923
3.045992
3.147264
3.030675
3.046564
3.011463
3.105813
2.992019
3.010664
3.082441
3.064376
3.063301
3.005325
2.984775
3.069821
2.957870
3.155132
3.124857
2.969689
3.178959
3.029222
3.033605
3.110544
3.035207
3.052986
2.958885
2.988849
3.089814
3.082220
2.994666
2.977112
2.874459
3.065117
3.034413
3.086777
3.001594
3.023641
2.933557
2.901566
2.950800
2.968700
3.050901
3.114819
3.093146
3.125279
3.098353
3.155427
3.121916
3.078295
3.128894
3.005180
3.056171
3.018485
3.115381
3.036488
3.031434
3.089861
2.960879
2.913482
3.075562
2.923929
2.968982
3.061514
3.038583
3.016763
3.048050
3.080411
3.046954
2.992000
3.073977
3.089471
3.099370
3.112328
3.154355
2.987200
2.977875
3.003669
3.126296
3.022908
3.083332
3.107705
3.124315
2.943932
3.115446
2.935898
3.127015
3.108543
2.930524
3.026438
3.031019
2.996967
2.976102
3.024864
3.122113
3.068984
2.988472
2.994783
2.954161
3.049874
3.036745
3.001773
3.063594
3.007248
3.063697
3.016302
3.082038
3.006327
3.048655
3.091481
3.025515
3.036378
3.008908
3.032033
3.041201
3.022244
3.139810
3.085099
2.991136
3.036596
3.081794
3.017304
2.971576
2.976254
3.095751
3.060071
2.975598
3.006038
3.105941
3.078680
3.045184
3.047484
3.034730
3.049559
3.057805
2.962531
3.080103
3.058404
3.039172
3.056671
3.131535
2.993691
3.108469
3.000194
3.091482
3.050182
2.971869
3.138042
3.095903
3.007594
3.070041
3.074443
3.104327
2.958104
3.093543
3.123628
3.029474
2.995162
2.999920
2.952942
3.003071
3.059088
3.129629
3.109354
2.970726
3.001633
3.206802
2.993691
2.983767
3.084689
3.041017
3.073530
3.207385
3.031439
2.997041
2.995578
3.070537
3.007464
3.041587
3.120915
3.016997
3.087383
3.082515
3.100599
3.064226
3.019176
3.057752
3.123403
3.064799
2.919463
3.149184
3.110883
3.075706
2.937999
3.038702
3.028546
3.055414
3.014803
3.035353
3.010851
3.038584
2.906166
3.072009
3.001897
3.119214
3.044615
3.070693
2.918538
2.976886
3.063281
3.034460
3.030979
2.933403
3.043523
3.024907
3.084441
3.075004
2.995177
2.943896
3.008078
3.046396
3.110974
3.060550
3.074673
3.099452
3.051032
3.071541
3.009651
3.050584
3.019711
3.084936
3.151525
3.080462
3.094163
3.056539
3.088593
3.009773
2.944409
3.076691
2.984818
3.026340
2.963318
3.079538
2.954676
3.100152
3.027997
3.055775
3.023325
2.997384
3.019773
3.005913
3.117381
3.110070
3.017723
3.114112
3.094332
3.141181
3.063557
3.124344
2.989869
3.100255
3.064253
3.036820
2.858860
2.958749
3.096775
3.025874
3.192502
2.914663
3.138706
3.016272
3.067497
3.107974
2.917471
3.015854
3.079698
2.982475
3.051721
2.932243
3.017312
3.039833
3.098427
2.927650
3.024008
3.057451
3.030771
3.138042
3.016488
2.946673
2.936826
3.088046
3.052791
3.025440
3.013464
2.901030
2.979778
3.158333
3.002924
3.039325
3.098615
2.997245
3.145465
2.974775
2.999734
2.988817
3.078964
3.068209
3.038236
3.130848
2.982263
2.916102
2.997352
3.016774
2.957861
3.098100
3.035796
3.047833
3.007914
3.057967
3.074167
2.943728
3.014823
2.879162
3.117421
3.080991
3.005176
3.081664
2.988440
3.053163
2.994993
2.957015
3.123467
3.008779
3.122686
3.074473
3.029181
2.963136
2.985465
3.030294
3.081252
3.075591
2.989717
3.102589
3.159555
3.034541
2.991805
2.986836
3.034993
3.065818
3.007624
3.050375
3.087237
3.098114
3.000224
3.111029
3.063937
3.010690
3.028438
2.999284
3.020469
2.895388
3.118239
3.013445
2.953617
2.973536
3.105660
2.949593
2.986867
2.942199
2.965679
2.945611
2.997768
3.113259
3.018988
3.150419
3.017938
3.098161
2.997674
3.035514
3.035600
3.092612
3.077499
3.101251
3.108259
3.004594
2.921656
3.084967
3.011124
3.005463
2.996513
3.069663
2.964562
3.042939
2.978793
3.079801
3.053335
2.937775
2.998308
3.089330
3.041946
3.147951
3.037495
3.165530
2.940233
3.050017
3.119750
3.008811
3.030361
3.139654
3.124396
3.128797
2.927059
3.037375
3.007982
3.015821
3.031046
3.016277
3.082755
3.045002
3.000666
3.058542
3.072415
3.044883
3.111817
3.118556
2.887700
3.030083
3.066618
3.012107
3.034130
3.035561
3.044472
3.078832
3.000183
3.064312
2.997745
3.136342
3.021285
2.950167
2.987159
2.985121
3.039864
2.962281
2.914007
3.084834
2.939303
3.086754
3.014266
3.027644
2.831828
3.062626
3.127098
3.100322
3.057095
2.992228
3.039186
3.046120
2.999960
3.112160
2.988096
2.888351
3.107622
2.952073
3.025486
3.156668
3.005117
2.999286
2.983663
3.056855
2.972534
3.017708
3.130383
2.945959
3.029060
3.046053
2.925270
3.079490
2.985558
2.950867
3.046849
3.061433
2.911924
3.017577
2.970069
2.934351
3.004012
2.980212
3.001165
2.965895
3.062497
3.083269
2.995349
3.174053
3.159613
3.068618
3.046327
3.096201
3.036530
3.054946
3.023481
3.091203
2.952407
2.907053
2.980184
3.038617
3.047668
3.112957
3.043747
3.108516
3.060462
3.099949
3.104413
3.000329
2.965226
2.925199
3.077294
3.096054
3.116421
3.108213
2.931774
3.083724
3.057747
3.076648
3.026509
2.976368
3.102287
3.078003
3.014236
3.048165
3.085749
3.082079
3.078289
3.056083
3.059644
3.043771
3.133294
3.037526
3.068907
3.064531
2.994990
3.047059
3.150199
3.047614
3.065035
3.004419
3.171291
3.106831
3.027498
3.052779
2.938928
3.022847
3.061724
3.078133
3.087023
2.992194
2.993093
2.978053
3.021052
3.073611
3.031820
3.039615
3.038292
3.023575
3.010081
2.972019
3.092793
3.018384
3.064828
2.998396
3.100596
2.983268
3.013503
3.060129
3.048310
2.884618
3.054076
3.094139
2.968975
2.984309
3.033615
3.099301
2.951496
3.084217
3.116076
3.079220
2.988276
3.035351
2.979084
3.028333
3.029803
2.938387
3.133279
3.202090
2.962416
3.021486
2.958306
3.107587
2.916575
2.979283
2.947977
3.127875
3.044984
3.046252
3.001072
2.944152
2.979095
3.005820
3.058002
2.996572
3.094114
2.985219
2.980284
2.955667
3.076988
3.040651
3.056166
3.008298
3.081115
3.014504
2.957382
2.999935
2.927645
2.936694
3.029347
3.006153
3.017617
3.054419
3.041994
3.016703
3.074767
3.005986
3.127689
3.031321
3.101072
3.123912
3.019847
3.169528
3.004129
3.006867
3.102855
3.180090
3.084656
3.020443
2.971587
3.086461
3.047902
3.049181
3.125694
3.108284
3.040098
3.148200
3.120477
2.971151
3.078929
3.094812
3.025378
3.129271
3.052171
2.982334
3.063503
2.938721
3.087371
3.025434
3.110436
3.128484
3.068796
2.981652
3.084880
3.091345
3.097057
3.039043
3.041699
3.051345
3.104746
2.964535
3.079200
3.038588
3.003035
3.004106
3.167215
2.823133
3.079099
3.032491
3.067974
3.077200
2.961053
2.964730
2.939444
2.941773
3.073795
3.052513
3.080803
3.097127
3.094918
3.021105
3.013511
2.995419
3.091819
3.039865
3.064444
3.179373
3.082852
3.143829
3.170585
3.091853
2.950055
3.064102
2.999008
3.044955
3.010001
2.972543
3.070120
3.104851
3.095448
3.065137
2.996486
3.063438
3.054798
3.038659
3.047585
3.013756
3.104648
3.060633
2.978350
3.041885
3.081359
3.031759
2.960366
2.923968
3.100810
2.994188
2.963887
3.003887
3.032843
3.039888
2.983555
3.042926
3.111842
2.975113
2.892116
3.069977
3.052348
3.039708
3.070130
3.067422
2.920707
2.968158
3.079711
3.040137
3.030317
3.115739
2.913547
2.977156
2.994375
3.078755
3.056009
3.100480
3.069919
3.009901
3.154787
2.827387
3.021034
3.085241
3.144938
2.996149
3.047200
3.014683
3.028428
2.954118
2.986617
3.035261
3.048911
3.018061
3.129112
3.115964
3.036554
3.116328
3.067306
2.949349
2.998273
3.067076
2.921405
3.023252
3.075298
3.094706
3.026657
3.065696
3.014443
3.030081
3.073186
3.121774
2.999183
3.016096
3.039522
3.182615
3.082326
3.125179
2.998419
3.042187
3.035109
3.156262
3.086065
3.095246
3.080025
2.997348
3.108374
3.110416
3.039013
3.024195
3.101911
3.007410
3.149426
3.074446
3.078096
3.043281
3.054518
3.097941
3.042098
3.019165
3.082479
3.121715
3.077294
2.992307
3.036222
3.004953
2.996969
3.043886
2.966943
3.096379
2.960939
3.041660
2.976610
2.954495
2.974064
3.051504
3.069694
3.095245
3.130452
3.105912
3.118890
2.970519
3.034841
3.003240
2.994859
3.050763
2.993393
2.966047
3.030971
3.015900
3.022556
2.988512
3.072230
3.032037
2.994834
2.974003
3.045177
2.997533
3.071960
3.186584
3.063599
3.030860
3.036867
2.963646
3.022195
3.084088
3.053572
2.914782
3.050880
3.076908
3.170232
3.001588
3.091529
3.020430
3.034811
3.181349
3.146885
3.040355
3.020332
2.947061
3.015076
3.138460
2.981491
3.091187
2.966169
3.012609
2.944962
3.159221
3.008736
3.016781
2.985888
3.121986
3.086537
3.228127
3.053297
3.166805
2.940566
3.078840
3.088138
3.050688
3.006607
3.066503
3.057113
3.156003
3.095489
3.180911
3.051815
3.105384
2.989616
2.973851
3.057535
2.983472
3.075001
3.040137
3.075842
2.910431
3.085231
3.091429
3.179930
3.153709
3.042760
3.148225
3.008700
3.067864
2.988602
2.911973
3.011638
3.069667
3.136043
3.028285
3.085316
3.061228
2.991985
3.066870
3.303576
3.001296
3.116238
3.003406
3.100508
3.031397
2.954025
2.930843
2.953916
3.060680
3.023343
2.967187
2.963892
3.090801
3.031095
3.016740
2.980190
3.180205
3.062771
3.046713
3.099245
3.008127
3.062025
3.047778
3.063214
3.029922
3.115562
3.023773
3.010280
3.083727
3.099450
3.058113
3.041001
3.000899
2.994653
2.944365
3.081755
3.151744
3.048281
3.144390
2.899681
3.045179
3.011811
3.125115
2.946000
3.120357
2.984328
3.019721
3.114989
3.120890
3.004205
3.002223
3.107453
3.030987
3.174063
3.096782
2.923028
3.090510
3.016405
3.086545
3.131421
3.128853
3.101901
3.113936
3.106807
2.971411
3.080031
2.852983
3.010608
2.923055
3.096524
2.959688
2.946362
3.084686
3.002302
3.030976
3.124323
3.008094
3.032375
2.975894
3.089142
3.029244
2.980191
2.914923
3.061789
3.007499
3.007893
3.129695
2.960227
2.986385
2.977607
3.089898
3.076556
3.161419
3.069439
3.133890
3.140366
2.956785
2.969935
3.051065
3.066536
3.148035
3.103341
3.105193
3.107920
3.085302
3.048544
3.126315
3.074095
3.060768
3.076592
3.007485
3.077933
3.124872
3.150891
3.026460
3.049525
3.043602
3.072004
2.952064
3.079527
2.989106
2.998840
3.008690
3.018872
3.017617
2.992818
2.999008
3.083200
3.076208
3.149585
2.994467
3.058667
3.035083
3.095366
3.039098
3.009645
2.847720
3.023966
2.992308
3.115252
2.976066
2.982591
2.995290
3.053295
3.029197
3.013929
3.042366
2.993393
3.076506
3.033795
3.114556
2.970879
2.940433
2.938093
3.111019
3.019920
2.981892
2.960319
3.083555
2.986170
3.113675
3.006434
3.040556
3.083495
3.137841
3.082833
3.132655
3.091127
3.031517
3.062311
2.896206
3.066717
3.070027
2.945335
3.035157
3.042828
2.982083
3.099745
3.027757
2.950783
3.100835
3.107089
3.018331
3.051018
2.942227
3.074295
3.020936
2.947304
2.995538
3.057351
3.108944
3.142329
3.065567
3.080082
2.978920
3.021899
3.036408
3.130103
2.917207
2.915481
2.928643
3.110933
2.962734
3.092082
3.089720
3.058534
3.090577
2.980176
3.165498
2.993890
3.033760
2.890739
3.104072
3.062320
2.999811
3.099447
2.984726
3.033287
2.879674
3.063860
2.946284
3.055754
3.118105
3.281281
3.054479
3.080488
3.009998
3.061369
3.030084
3.156890
3.059417
3.074251
2.990919
3.059361
2.947787
2.967730
3.057275
3.129476
2.896666
3.034185
3.043000
3.060742
3.057593
3.053154
3.056965
2.987779
2.984382
3.010758
2.997215
3.043884
3.081536
2.940475
3.001869
3.039636
3.067519
3.051011
3.086578
3.025092
3.067621
3.127292
3.057980
2.960434
3.000818
2.998820
3.019863
3.133647
3.059299
3.024995
2.997801
2.874352
3.077995
3.048710
3.154708
3.113488
2.959633
3.056812
3.001818
2.978810
3.055194
3.027113
3.188154
2.986722
3.117001
3.082922
3.041197
3.023034
3.070939
3.016038
3.014146
3.054290
3.037644
2.941540
3.082030
2.954887
3.057665
3.038565
3.052845
3.156897
3.064790
2.993248
3.038435
3.165955
3.027178
3.184256
3.021664
2.926080
3.034258
2.996905
3.111654
2.933902
3.071770
2.984680
3.073016
3.035889
3.038251
2.993739
2.972430
3.054849
3.048168
3.085775
3.013125
3.034700
3.052369
3.093493
2.996898
2.957842
2.986600
3.098296
3.076930
3.105368
3.118726
3.068760
2.931510
3.069956
3.115208
3.068482
3.038004
3.077545
3.106086
2.932515
3.054927
3.058361
3.125346
3.142756
3.075341
3.047070
3.057271
3.006683
3.013341
3.008080
3.055693
3.120266
3.076454
3.195176
2.972457
2.987717
3.126503
2.977054
3.011679
3.097690
2.984222
3.144371
3.020395
3.027858
3.053348
3.123084
2.974513
2.924904
3.025180
2.998717
3.070497
3.208782
2.955275
3.003007
3.025842
3.053181
3.037814
3.096561
2.957523
3.082748
2.966801
3.089620
3.064909
3.049375
3.123125
2.981686
3.026872
3.003212
3.023840
3.067855
3.053045
2.948534
2.952421
3.074814
3.082826
3.016891
3.056314
2.982618
3.132778
3.018107
2.985076
2.964352
2.977217
3.173717
3.009766
3.116514
2.886061
2.980337
3.066155
2.963510
3.066372
3.024668
3.044512
2.999052
3.149899
3.019159
3.121134
3.064532
2.919027
3.080203
3.061231
3.055232
3.114858
3.058689
3.110714
3.095258
3.002722
3.152867
2.993608
2.999389
2.971235
2.976399
2.986564
3.056466
3.108291
3.018330
3.077404
2.972750
3.150118
3.006049
3.053679
3.189491
3.055469
3.052080
2.959397
3.040097
2.931707
3.025146
2.874733
2.978687
3.070478
3.029251
3.026161
2.953875
3.052651
3.111469
3.040968
3.056746
3.030193
3.059000
3.088268
3.103711
2.876429
3.056930
3.143116
2.979962
2.996196
3.099927
3.015904
2.988037
3.077719
2.989544
3.126051
2.974281
3.014642
3.059878
3.150049
3.140594
2.982089
2.846838
3.033522
2.999705
2.959475
3.038850
3.065244
3.057266
2.907735
3.057226
3.023963
2.943017
2.956567
2.977851
3.024344
3.051264
3.066745
3.081993
2.959381
3.073779
3.041418
3.127399
3.084720
3.071146
3.015959
3.080567
2.984154
3.067226
3.064701
3.039066
2.997022
3.041190
2.976719
2.910668
3.041097
3.047781
3.083000
3.067540
3.040713
3.044765
3.042047
3.014779
3.145588
3.066470
3.042782
3.052933
2.937503
3.002449
2.994577
3.070657
2.969470
2.994439
2.965096
3.033446
3.048348
2.968592
2.946189
2.937133
3.048065
3.005422
3.130997
3.016490
3.033504
3.141770
3.078725
3.014881
3.066112
2.860969
3.048533
3.027838
3.061295
3.078475
2.987725
2.962460
3.049613
3.084194
2.969532
3.030074
2.987429
3.054361
3.042317
3.033433
2.972034
3.079799
3.050944
2.991345
2.977748
3.082687
3.030745
3.059427
2.985914
3.038378
3.074804
2.973996
3.069442
3.076721
3.049355
3.068223
3.139222
3.011102
3.077904
3.218725
2.941719
3.021593
3.094513
3.083613
3.049994
3.047226
3.113840
2.992487
3.040896
3.096468
2.971231
3.041322
2.903056
3.081212
3.060010
3.066117
3.026429
3.023769
3.089056
3.166392
2.969858
3.051226
3.034606
2.974553
3.127981
3.132542
3.060352
3.104775
3.062966
3.092743
3.094278
3.103821
3.029989
3.021583
3.076833
2.943228
2.975596
3.036158
2.987163
2.998055
2.999498
2.994758
3.065058
2.978828
3.037301
3.081108
3.153818
3.014190
3.055800
3.131811
3.124427
3.021847
2.950299
2.870271
3.157068
2.989642
3.100928
2.917701
2.970530
3.047155
3.055019
3.083294
3.019713
3.036939
3.120032
3.067031
3.070405
3.026547
3.060923
3.045701
3.095089
2.914298
3.076632
3.002047
3.116181
3.004027
3.056580
2.944271
3.045348
3.040468
3.091482
2.913621
3.110008
3.078366
3.081420
3.079980
3.072554
3.054887
3.052836
3.030778
3.137138
2.990814
3.005060
3.035458
3.009137
2.991898
3.022343
3.088539
3.025222
3.025582
3.011222
3.053724
3.054437
2.959913
3.004733
3.055307
2.994446
3.101407
2.882361
3.010269
3.057416
3.062032
2.938305
2.993467
3.100184
3.113724
3.143350
2.925991
3.071916
2.953813
3.145790
3.096984
3.134115
3.085569
2.917380
2.994135
3.223476
3.117026
3.035796
2.968938
3.099325
3.015959
3.067046
3.100993
2.896812
3.034428
2.982029
3.086725
3.138960
2.959316
3.026051
3.008041
2.999774
3.005797
3.042664
3.032451
3.061041
3.006824
3.114750
2.875626
3.018606
2.953640
2.930361
3.131684
3.033236
2.947964
3.019165
3.129097
3.075599
3.021935
2.906907
3.116036
2.973461
3.064049
3.108728
3.106929
3.186317
3.109315
3.104011
3.040367
3.003023
3.096777
2.946643
3.036493
3.053112
2.985103
3.004770
3.022247
3.013274
3.038319
2.968990
3.033279
2.962519
3.033937
2.977423
3.007661
3.072063
3.106560
3.050266
3.091327
3.138557
2.999216
3.019938
2.980610
3.057005
2.974928
3.005415
3.035786
3.116702
3.042010
3.070246
2.985187
3.058830
3.011997
3.077098
2.968002
3.074001
3.054537
2.909629
3.067269
3.066076
3.031498
3.029134
2.990860
3.046376
3.041160
3.128038
3.052879
3.055993
2.978209
3.127926
3.115651
3.088672
3.009275
3.139247
3.071851
3.034323
3.118178
3.093307
2.957244
2.981201
3.065172
3.008203
3.001437
3.133022
3.044551
2.889148
3.023474
3.145785
3.126475
3.001412
3.084150
2.942544
3.012728
3.016726
3.027178
2.976438
3.013826
3.120160
3.126247
2.864962
3.028436
2.955095
3.023309
3.216728
3.026101
3.064370
3.103550
3.103042
3.143167
3.113611
3.052762
3.059567
3.041559
2.920330
3.073646
2.953170
2.967783
3.004298
3.040946
3.062994
2.900042
2.959270
3.079897
3.052918
2.967067
2.943907
3.027279
3.047017
3.118569
2.948917
3.069129
2.967620
3.009510
3.111558
3.085050
3.042865
3.144355
3.116318
3.072428
3.005396
3.011141
3.042927
3.004850
3.041867
3.050809
3.120855
3.078963
3.060832
3.009880
3.042851
3.098518
3.013973
2.941929
3.039841
3.126032
3.012508
3.048271
3.048229
3.040225
3.041760
3.038016
2.956062
3.031489
3.115695
3.076389
3.170127
3.038012
3.081545
3.060568
3.034361
3.125213
2.954349
3.047427
3.083672
3.033250
2.887419
2.989742
2.998043
2.988992
3.073158
3.089650
3.125576
3.043345
3.104892
2.988594
3.053610
3.000773
2.998531
3.083484
2.994476
3.080510
3.011998
3.140565
3.011650
3.102001
2.993854
3.146839
3.028035
2.983327
3.086990
3.127642
3.117580
3.023429
3.014222
2.990675
3.051836
3.056167
3.091062
3.050945
3.099013
3.022660
3.085293
3.050809
2.966124
3.013966
3.077475
3.078533
3.095271
3.059543
3.167775
3.104128
3.012299
3.015990
3.067258
2.950283
3.116906
3.060023
2.961822
3.036653
3.028294
3.064597
2.961939
3.040857
3.035122
3.019274
3.069574
3.053108
3.075294
3.081774
3.049327
3.025896
3.015935
3.076963
2.984175
2.992890
3.055028
3.078706
3.165527
2.972041
3.088176
3.030442
2.985060
3.095751
2.941910
3.042290
2.999275
3.140354
3.038186
3.020340
2.996288
3.064772
3.019706
2.978417
3.059055
3.049368
3.022655
3.038675
2.947824
2.878456
3.022624
3.061346
3.004492
2.991092
3.149468
3.069611
3.048409
3.075893
2.867349
3.063010
3.069069
2.996949
3.065463
3.086775
2.992241
2.974621
2.954553
3.051432
3.068008
3.111333
3.023133
3.119827
3.007026
2.984492
3.050622
2.903629
3.104750
2.936729
2.973794
3.088374
3.043487
2.978814
3.132563
3.068593
2.977410
3.058395
3.128862
3.030371
3.020673
3.034587
2.994961
3.001164
3.055807
3.081445
3.016506
3.032070
3.077139
3.064487
3.098061
2.992516
3.103273
3.092580
3.057031
3.098842
3.038477
3.100208
2.995166
2.907377
3.030026
3.053798
3.154735
2.958669
3.081623
2.979787
3.074800
3.050672
3.065450
3.056914
3.060938
3.075379
3.063889
3.028738
2.994069
3.085628
3.071623
2.937360
2.895815
3.159294
3.120212
3.060076
2.959030
2.918234
3.153733
2.989279
3.054826
3.138257
3.042670
2.969199
2.971311
3.057572
3.012678
3.079411
3.041657
3.124411
3.056113
3.116846
2.940501
2.924473
3.059400
3.039349
3.071648
2.929640
3.023217
3.049718
3.216753
3.109855
3.049599
3.127277
2.978228
3.076345
3.047753
3.157546
2.942249
3.030839
3.204400
3.052908
2.998945
3.010527
3.099868
3.006988
3.066779
2.990332
3.159965
3.181626
3.061019
3.315187
3.007506
3.044288
2.984186
3.079805
3.013733
3.066230
2.917242
2.977679
3.066933
2.972282
3.098300
3.039403
3.039091
2.835199
3.095930
2.948686
3.018724
2.989553
3.087870
3.091487
3.103869
2.992415
2.976368
3.101998
3.000314
3.045865
3.066781
3.131937
3.062148
2.995678
2.943222
3.100746
2.986385
3.044861
2.986829
3.033518
2.990006
3.083538
2.939298
2.998813
3.084690
3.155477
3.150319
3.065101
3.024878
2.993486
2.929358
3.044453
3.072749
3.016967
2.995697
3.047088
3.032536
2.981637
3.002033
3.004747
2.959518
2.942856
2.999912
3.030731
3.029727
3.153965
3.063321
3.084365
3.076456
3.094463
2.903579
3.057003
3.022216
3.185095
3.079962
3.027098
3.063828
3.001601
2.995509
3.039240
2.999774
3.035534
3.061040
2.955992
3.022922
3.068855
2.989277
3.122668
3.032435
3.035722
2.987097
3.089330
3.064783
3.147321
3.103408
3.028728
3.056083
2.906984
3.025233
2.983335
3.131688
2.957556
3.133928
3.191417
2.972436
3.101194
3.020744
2.960859
3.062926
3.097083
3.130361
2.965276
3.043341
2.999720
3.076443
2.981387
3.050263
3.158572
2.983459
3.128562
2.956501
2.964561
3.052878
3.078859
3.018747
3.110836
3.029823
3.120690
3.053827
2.888820
3.055079
2.950244
3.015358
3.115042
3.014016
3.012522
2.977685
3.056515
3.065530
3.051309
2.989556
3.026858
3.154873
2.918213
2.908246
3.026837
3.067354
2.855561
3.166232
3.159795
3.024735
3.142985
3.025374
3.044382
3.086015
3.066921
2.950156
2.973106
2.997758
3.035975
3.144367
3.018304
2.986265
3.119053
3.026072
3.086623
3.043933
3.009008
2.975001
2.993251
3.092282
2.946914
3.084087
3.145568
2.958991
3.004055
2.987750
2.978433
3.076125
3.018500
3.032712
3.121507
2.965934
2.969477
3.053597
2.982200
2.991341
3.092617
2.967694
3.136037
3.000431
3.094902
3.020488
3.138696
3.062768
3.095236
2.991049
3.025041
2.979842
2.960465
3.008730
3.038210
3.040434
3.095069
3.009001
2.995409
3.017750
2.996751
2.965689
3.115671
3.033112
3.041270
3.021555
2.981353
3.047273
3.004048
3.004916
3.026406
3.065393
2.885085
3.022512
3.200336
3.101649
2.945037
3.017738
3.014269
3.037660
2.964299
2.954708
3.077673
2.984155
3.142100
3.108400
2.990804
2.958220
2.955599
3.003771
3.065928
3.031569
3.025907
2.973559
2.923919
3.081960
3.003497
3.108646
3.090695
3.033051
2.935743
3.098784
3.089969
3.034646
2.976122
3.037555
3.035636
2.987978
3.091199
3.077469
3.048304
3.089732
3.147528
2.971748
3.018771
3.014279
3.074253
3.067825
3.006753
2.970108
3.054728
3.155696
3.009152
3.100621
2.994921
3.112994
3.042453
3.048014
2.965800
3.017707
3.121940
3.147175
2.964658
3.031784
2.996527
3.041774
3.015416
2.959377
3.042911
3.021223
3.042124
2.960161
3.024430
3.028074
2.982944
3.025955
3.064691
3.088549
3.135057
3.048230
3.087283
2.952727
3.092598
3.005558
2.978695
3.172810
2.974071
2.926894
2.966285
3.041009
3.056146
2.976787
3.165037
3.101789
3.100807
2.981393
3.142147
2.967684
3.093939
3.101323
2.941365
3.035138
2.985189
3.036457
3.038912
2.936147
3.013906
2.946070
2.911498
3.060058
3.136731
2.971871
3.002297
3.088320
3.026726
3.129923
3.044629
3.070907
3.089105
3.003854
3.108433
3.021153
2.980173
3.108015
2.981632
2.979370
3.015445
3.092949
3.116238
3.151864
3.004780
2.944768
3.070762
3.162352
3.045709
3.008820
3.019015
2.948839
3.086488
3.043469
3.003640
2.946347
2.963697
3.076022
3.184539
3.029329
3.040556
3.057994
3.006124
3.040444
3.044165
2.986532
3.002861
2.950253
3.136187
3.061918
3.125450
3.106076
3.056904
3.059817
3.133224
2.978482
2.932620
3.094836
3.028225
3.086082
3.110901
2.984221
3.092443
3.039497
3.118216
3.043218
3.085992
2.994281
2.975489
2.973660
3.057622
3.028163
2.990966
3.156477
2.999045
3.087719
3.004544
3.069505
3.102288
3.073458
3.088889
3.066482
3.056636
3.017282
3.225672
3.001774
2.991842
3.001556
3.030867
3.018759
2.979984
2.924074
3.044642
3.030128
3.013687
2.976294
2.981947
3.060152
3.037746
3.041221
3.101755
2.991885
3.112538
3.167243
3.141032
2.928760
2.910636
2.868355
3.039111
2.902009
2.991923
2.921841
3.062744
3.105645
3.064691
3.082767
3.240971
3.047667
3.076255
2.903290
3.090441
3.047987
2.999658
2.924693
2.962212
3.114075
3.146192
3.012124
3.097599
3.012014
3.090927
3.188519
3.124142
3.070977
3.096152
3.010564
3.028368
3.062825
3.114338
3.115528
2.912420
2.948446
3.007757
3.109278
3.132325
2.936079
2.984903
2.987338
2.908900
2.946305
3.012598
2.965849
2.967729
3.043837
3.083322
3.008307
2.940176
2.977961
3.087462
3.121799
3.046529
3.005426
3.083814
3.017951
3.101296
3.013331
3.101163
3.068721
3.146815
3.121238
2.910352
3.026688
3.044439
3.012808
3.080209
3.064748
3.106903
3.001443
3.077948
3.006123
3.108446
3.153554
2.975423
3.065535
3.046216
3.168813
2.982614
2.949193
2.994758
3.094934
3.037892
3.043775
3.011827
3.038827
2.926558
3.095352
3.004402
3.064689
3.002933
3.026323
3.070225
2.973267
2.973478
3.077312
3.043136
2.998177
3.133684
2.950529
3.032010
2.988579
3.087709
2.921969
3.012076
2.932559
3.004704
3.073566
3.129334
3.069162
3.087741
3.043551
3.100901
3.002258
2.991296
3.065524
2.986089
3.050755
3.055064
2.963474
3.070671
2.952933
3.014962
3.021859
3.155388
3.012520
2.951045
3.034517
3.113038
3.138458
3.019132
3.038105
3.074567
3.064985
3.055735
3.054450
3.115018
3.105098
3.006848
2.973869
3.043446
3.080928
3.031118
2.992335
3.105027
2.967770
2.986112
3.088581
3.123241
3.021002
2.952645
3.104597
3.023998
3.091737
3.074351
3.136711
2.985841
3.042239
3.009332
3.081149
3.038267
3.066729
3.017028
3.042174
3.126361
2.975425
2.979364
3.008194
3.118926
3.054919
3.043797
3.076616
3.086361
3.100853
2.903231
3.128341
3.026533
3.036034
3.202075
3.039283
3.062842
3.002084
3.091802
3.070792
3.076064
2.958048
3.085412
3.061862
3.036184
3.099305
3.072831
3.022450
2.949574
2.991426
3.024451
3.078301
3.010467
2.982371
3.073263
3.028538
3.134762
3.066569
3.021752
2.977685
2.962427
3.103012
3.036991
2.944257
3.043785
3.111369
2.878913
3.083482
3.084717
3.165409
3.161564
3.088893
3.105791
3.011403
3.046290
2.939093
3.015512
2.959787
3.114191
3.140422
3.049251
3.014319
2.948314
3.002289
3.020067
2.978000
3.031225
3.052387
3.051461
3.058950
3.023656
3.149192
3.133884
3.055562
2.970244
2.969420
3.048755
3.029218
3.049426
3.020302
3.075172
2.987425
3.048808
3.153997
3.060363
3.026005
3.018763
3.026314
3.055096
2.919474
3.035478
3.172182
3.137913
3.104480
3.009706
3.067889
3.041619
2.976261
3.034111
3.151857
2.970889
3.087713
3.028695
2.995529
3.028415
2.928012
3.100705
3.144256
3.089250
3.034288
2.973821
3.131080
2.928359
2.970667
3.121343
3.076547
3.106344
3.070491
3.035798
3.154335
2.980559
3.086717
2.962776
3.055302
3.017086
3.033898
3.005100
2.973499
2.982123
3.013416
3.097690
3.070830
2.958552
3.106199
2.984145
3.048974
3.074004
3.042255
3.081095
3.049474
2.988523
2.930603
3.141801
3.099287
3.067729
3.116837
3.053458
3.109770
3.014347
3.049948
3.030763
3.041840
3.189571
2.993796
3.022092
3.007019
3.063544
3.095819
2.985117
3.048626
3.037129
3.064288
3.029748
2.910469
2.910467
3.058952
3.034641
2.956497
3.105129
3.061653
3.016584
3.035770
3.064206
3.025320
3.015227
3.099698
3.058039
3.073673
3.030239
3.070662
2.953224
2.942078
3.064344
2.992537
2.983557
3.096357
3.036446
2.970166
3.020938
3.048912
3.041039
3.073990
3.028405
3.035030
2.965971
3.046158
2.997097
3.046862
3.179688
3.098008
3.008162
3.012861
2.979096
2.939461
3.117851
3.023186
3.016144
2.984175
2.998927
2.938527
3.133167
3.021650
3.129531
3.081071
3.020885
3.004618
3.047269
3.040739
3.082481
3.176241
2.884001
3.017519
3.143880
3.054114
2.963426
2.986157
3.053197
3.011141
3.085796
2.977536
3.106756
2.998357
3.018365
3.047189
3.060031
3.030312
3.127786
3.005929
2.966013
2.977265
3.056206
3.000009
2.956940
3.102936
2.964398
3.086048
3.070168
3.015085
3.158792
3.033422
3.175294
3.047795
2.853581
3.127863
3.155337
3.154373
3.094359
3.064475
3.043458
3.064480
3.063692
3.104129
3.061582
2.954811
2.975269
3.042012
3.007959
3.185020
3.053258
3.004756
3.067338
3.214536
2.995254
2.984068
3.042161
2.971399
3.012948
2.989038
3.099189
3.098004
2.980526
2.959551
3.023066
3.132838
3.035517
2.939341
3.009094
3.074032
3.114430
3.149112
3.060293
2.870478
3.127636
3.031846
3.046688
3.066284
3.033793
3.089240
3.030750
2.980395
3.136757
2.997412
3.062822
2.996749
3.074228
3.111986
3.033909
2.959786
3.009252
3.038234
3.041266
2.967869
3.040224
3.076546
3.092502
2.958946
3.116589
3.108357
3.020869
3.066237
3.036020
3.053339
3.047922
3.080000
2.979037
3.077653
2.929506
3.037082
3.014776
2.994983
2.928807
3.004999
3.052102
2.993058
2.949067
2.954346
3.054208
3.112080
2.993346
3.083058
3.053218
3.061388
3.102054
3.026991
3.006710
2.992410
3.021178
3.087450
3.095560
2.954413
3.159733
3.132460
3.078308
2.975239
3.092094
3.098235
3.011521
2.991590
2.982968
3.069217
3.025593
2.986289
3.143203
3.044062
3.134807
2.966593
3.103042
3.137993
3.082446
2.960310
3.055784
2.991962
2.986699
3.056612
3.080491
2.994553
3.061227
3.001443
2.995692
3.003845
3.005097
3.078715
3.086626
3.143879
3.033231
2.921872
3.026759
3.069224
3.080273
3.106717
3.032096
3.120752
3.021739
2.958707
3.098027
3.082046
3.032224
3.056815
3.048911
3.127817
3.023868
2.981513
2.961143
3.007887
3.029681
2.997170
3.041415
3.001613
3.055333
3.104824
2.986748
3.034360
3.069506
3.082298
2.986891
2.887474
2.998845
3.112922
3.086284
3.023788
3.035861
2.990624
3.053250
3.010268
3.015889
3.149311
3.102877
3.041931
3.062840
3.085254
3.012458
3.199892
2.987021
3.005253
3.133676
3.009469
3.078800
2.822925
2.887084
3.057271
3.141858
3.071096
3.108421
2.944832
3.012384
3.110586
2.915082
3.050105
3.178396
3.086176
2.961544
3.068057
3.038433
2.953922
2.977828
3.147005
3.122764
3.078308
3.088087
2.900235
3.058415
3.093084
2.996643
3.082133
2.896199
3.014520
3.050211
3.070037
2.984825
3.108987
2.985427
3.022438
3.074441
2.927336
2.975107
3.069611
3.128776
2.923848
3.041739
3.122951
3.012897
3.048560
2.935428
3.051565
2.941447
3.203338
3.011780
3.182083
3.080084
3.190908
3.030570
3.087251
3.148980
3.066339
2.976299
2.940017
3.013074
3.127120
3.074997
3.021521
3.008140
3.028615
3.109968
2.942572
3.022427
3.043497
3.059510
3.090352
2.940839
2.970904
3.019475
3.095041
2.999399
3.073206
3.049000
2.990962
3.088700
3.063692
2.936233
2.986599
3.053106
3.021721
2.968451
3.069288
3.036754
3.025084
3.057774
2.935690
3.128777
3.000953
3.050067
3.074568
3.001129
3.026914
3.045776
3.066323
3.063065
3.061622
3.052569
2.970658
2.873687
3.139868
3.072054
3.021030
3.111853
3.093956
3.056556
3.045572
2.916673
3.007201
3.079745
3.034481
2.970770
2.980355
3.048278
2.931335
2.960505
3.138969
3.064972
3.012669
3.064846
3.115558
2.977854
2.941184
2.945310
2.895888
3.030484
3.002468
2.965203
2.994701
2.930931
3.051896
2.999554
3.083094
3.041840
3.023115
3.050396
3.068437
3.028047
3.044833
3.000632
2.991096
2.898140
2.972468
2.913447
3.099809
3.064158
3.008422
3.089076
3.042052
2.999748
3.021300
3.124872
3.005253
3.066399
3.102747
3.140313
3.068549
2.910793
2.958080
3.046091
3.027054
3.091826
3.041564
2.988508
3.012106
3.118530
3.013362
2.941611
3.164400
2.984613
3.091052
3.088151
3.029063
2.981410
3.080359
3.061089
2.995929
2.903971
2.998783
3.056817
3.121626
3.042347
3.112802
3.006906
3.001376
3.021022
3.047432
3.082662
2.938517
2.928419
2.993462
3.108959
3.009955
3.068050
3.131880
3.064936
3.096252
3.096799
3.047112
3.060575
3.075578
2.937218
3.067536
3.039582
3.045193
2.950918
3.040401
3.074060
2.925263
2.974616
2.997973
3.116323
3.187138
2.977416
3.008800
3.090772
3.043254
3.029536
3.142797
2.972128
3.081623
3.244530
3.126204
2.985194
2.960417
3.011430
3.051344
3.033788
3.079276
3.064696
3.035604
3.043144
3.138342
2.983874
3.057916
3.024203
3.071118
3.005601
3.045070
3.080682
3.022126
3.015260
3.000365
3.008873
2.991792
2.951101
3.044576
2.983464
3.031223
2.906698
3.069710
2.940320
3.072353
3.058847
3.179650
2.978714
3.066646
3.035689
3.007097
3.018343
2.984000
3.006486
3.054700
3.040088
2.915533
2.965174
3.027143
2.961264
3.047294
2.984354
3.050062
3.112733
3.028388
2.967367
2.998799
3.064635
2.972790
3.050362
3.118402
3.107983
3.091086
3.069588
2.964779
2.960368
3.024591
2.981670
2.950185
3.015651
2.941724
3.089141
3.200676
2.983484
3.026755
3.142253
3.184401
3.001380
3.101682
3.170126
3.001510
3.068093
3.000664
3.029193
3.240391
2.995908
2.976734
2.911590
3.053706
3.035935
2.981334
3.100879
3.044396
3.007800
2.958294
3.046109
3.033718
3.162075
3.072412
3.055545
3.097868
3.135771
3.006934
3.238987
3.083421
2.987421
3.100115
3.143989
3.012712
2.985572
3.074651
3.002572
3.115981
3.004871
2.943855
2.982771
3.025019
3.135704
2.940153
3.191204
3.052968
2.978022
3.089009
2.959097
2.975947
2.993865
3.061291
3.117806
2.907575
3.047391
3.040228
3.067096
3.076113
3.056349
3.034589
3.040021
3.023462
3.029306
2.992078
3.025966
3.118548
3.063926
3.158431
3.115622
3.009434
3.030488
3.089411
2.927511
3.069563
2.970055
3.140400
2.961046
2.983713
2.997725
3.159083
3.036202
3.074042
3.110160
3.136616
3.057327
3.090519
3.023481
3.122998
3.000361
3.064520
3.073627
3.035336
2.985132
3.023796
3.014749
3.096350
3.043229
3.025537
2.960258
2.965035
3.137091
2.989999
3.104809
3.072494
3.060115
3.122297
3.129518
3.007743
3.060876
3.012326
2.953603
3.119323
2.979444
2.993259
3.087970
2.913145
3.069120
2.953545
2.940882
3.040180
2.984725
2.913707
2.959999
2.954694
2.893878
3.135521
3.090150
3.094365
3.133598
3.065430
2.980026
3.100167
3.166400
3.103842
2.975821
3.037271
3.034395
2.980254
3.086511
3.043911
3.077237
3.083207
3.010819
3.079910
3.077942
3.152801
3.104072
3.117427
3.057156
3.030722
2.903517
3.016208
3.139243
3.138903
3.049123
2.972973
3.061044
2.995541
3.039855
3.130008
3.053518
2.919297
3.077588
3.005718
3.081195
3.066189
3.024088
3.064561
3.236110
2.967007
3.060529
3.122918
3.231347
2.996878
3.115466
2.988160
3.048519
2.974825
3.072068
3.038673
3.163086
3.012173
2.975909
3.088542
3.020057
2.986360
3.032854
3.095769
2.982785
3.187987
3.100526
3.167483
3.149626
3.142017
3.073095
3.041875
3.047564
3.164372
3.017313
2.977596
3.044816
3.156990
3.105452
2.982450
2.895448
2.993777
3.150953
2.996953
2.978290
2.990884
3.126010
2.937716
3.023005
3.076997
3.082628
3.003883
2.972981
3.014344
2.972208
3.090149
3.057582
3.072921
2.951715
3.048429
3.084186
2.990977
3.021394
3.055895
3.136082
2.944939
3.158871
3.052222
3.047071
2.980626
3.021793
3.157659
3.131830
3.002576
3.112418
3.100943
3.053525
3.117328
2.952710
3.053610
3.006339
3.034245
3.156285
2.975552
2.983192
2.953033
2.916774
3.033736
3.187589
2.983993
2.988817
2.952429
2.999633
3.099901
2.991413
3.032411
3.046216
3.073553
3.098698
3.032155
3.178479
3.132232
3.091518
2.972864
3.032134
3.120495
3.146125
3.155532
3.001800
2.942500
2.884015
3.037212
3.131716
2.982720
2.988366
3.064297
2.952305
3.011651
3.090646
3.067888
3.181385
3.024682
3.059852
3.068314
3.064605
3.100243
3.049449
2.990784
3.064286
3.020680
3.063279
2.987226
3.036891
3.045752
2.930852
3.003104
3.022102
3.032103
3.000214
2.967791
3.020022
3.050435
2.995973
2.988795
3.051957
3.121995
3.025107
2.970343
3.018244
2.937206
3.129810
3.042952
3.082719
3.107170
3.110722
2.980971
3.124622
2.965878
2.997949
2.975589
3.009281
2.982418
3.082702
3.154753
3.050057
3.115358
3.074697
3.156923
3.066311
3.089262
3.067134
2.944838
3.087819
3.149950
3.019677
3.036308
3.026551
2.995171
2.999564
3.040892
3.015197
3.040320
3.042307
2.973206
3.042971
3.114741
2.987165
3.010620
3.034992
3.117571
3.062055
3.169897
2.971666
2.994732
3.106436
2.994376
2.947181
2.993006
3.025680
3.069273
2.999035
3.052827
3.112042
3.074237
3.048399
3.094273
3.076563
3.065119
3.194810
2.950900
3.014698
3.085059
2.978943
3.121690
3.119715
3.119773
2.940618
3.004907
3.093432
3.185460
2.943860
3.079872
3.087768
3.066206
3.075652
3.006280
3.145375
3.021137
2.950037
3.005495
3.033878
3.016061
3.043168
3.070009
3.074512
3.130904
3.122094
3.038490
3.008525
3.025038
2.962596
2.970090
3.036202
2.918473
3.090986
2.972021
3.020742
3.066404
3.148339
2.828142
3.014836
2.954383
3.027596
2.952971
3.018111
3.092828
3.062669
2.962026
3.066835
3.036545
3.080821
3.037571
3.013153
3.056442
3.085597
2.964183
2.942339
3.137488
2.985355
2.912428
3.001980
3.005895
2.993806
3.078706
3.171832
3.110969
3.027654
3.139730
3.077185
3.080846
3.044598
3.027267
2.997555
3.116051
3.079468
3.024444
2.994900
2.962102
3.051266
2.906749
3.000999
3.119704
3.118073
2.879374
3.025319
3.039247
3.164565
3.029832
2.963177
3.124797
3.007879
2.999424
3.179760
2.957650
3.117227
3.079515
2.940216
3.060649
3.091469
2.946831
3.125649
3.045586
2.983737
3.214030
3.142545
2.990680
3.016390
2.993833
3.040054
2.978953
2.993769
3.019858
3.039843
2.996159
3.062334
2.972449
3.077036
3.054388
3.038857
2.988118
2.993723
3.012624
2.984119
3.092258
2.989324
3.038666
3.030833
3.072288
3.015491
3.030250
3.075339
3.084059
3.144949
2.958501
2.900248
3.118312
3.138673
3.080264
3.088659
3.002043
2.954990
3.067202
3.088929
2.989757
3.018552
3.065686
3.148931
2.939952
3.125718
3.058276
3.058005
3.014809
3.142316
3.018696
3.137303
2.985690
2.970274
3.017013
3.007400
2.962622
3.018573
3.102508
2.956353
3.018550
3.087706
2.969672
3.075253
3.070741
3.063214
2.956613
3.057984
3.074946
2.942672
2.944943
3.015323
3.060632
2.997853
2.985269
3.034955
2.975086
3.039744
2.894169
3.022092
3.066736
2.970917
3.103161
3.003630
3.171425
3.044084
3.124514
2.888958
2.997450
3.072344
3.139662
3.043268
2.993876
2.936853
3.023806
3.090852
3.069058
2.989533
3.021463
3.037354
3.134426
2.928634
3.088890
2.898066
3.003334
3.138965
3.047984
3.029401
2.961071
3.031967
3.063208
3.030936
3.042862
3.153514
2.946621
3.065690
3.017693
2.997452
3.092843
3.025735
2.954007
2.952201
2.941602
3.037655
3.071771
3.078298
2.998441
2.960984
3.110548
2.931338
3.058131
3.100322
2.970531
2.996849
2.993613
3.006808
2.954153
3.082377
2.887945
2.947336
3.014377
3.035306
3.045580
3.099336
3.022279
3.012258
3.126641
2.998424
2.998725
2.971933
3.145770
3.057370
3.052062
3.065567
3.077584
3.063488
3.093081
2.997028
3.049107
2.970873
3.053756
3.018414
2.924540
3.054682
3.001825
3.009116
3.172099
3.094827
3.089704
3.068380
2.997622
3.072342
3.133837
3.036189
3.021467
3.072721
3.004706
2.959819
2.944552
2.944876
3.044183
3.114191
2.950625
3.012712
3.155531
3.100191
2.994273
3.071706
3.076842
3.060240
3.111527
2.957002
3.048115
2.944163
2.942109
3.100491
3.036791
3.139490
3.074150
2.999155
2.958998
2.970505
2.954065
3.012908
3.042713
3.137013
3.185621
3.031022
3.079800
3.109428
3.095756
3.084814
3.007403
3.032607
3.070374
3.056113
2.995891
3.028907
3.052295
3.020544
3.057509
3.085627
3.065332
3.000549
2.913711
2.946396
2.956656
3.043593
3.053731
2.946869
2.994209
3.011960
3.120537
3.111610
3.024681
3.015940
2.876199
3.012301
3.059967
2.994441
3.046265
2.963404
3.029182
2.962937
3.031404
3.020636
3.242436
3.122090
2.964579
2.845010
2.958628
3.051920
3.118242
3.043086
3.037217
2.917780
2.940030
2.957941
3.033894
3.053969
3.092917
3.060945
3.125837
2.985786
2.931757
2.972343
3.072194
3.050766
3.111166
3.108418
3.086113
3.131323
3.086658
3.047671
3.034087
3.068163
2.979182
3.040701
3.131846
3.068806
2.966867
3.057619
3.049314
2.861560
3.022300
3.003479
3.069106
3.052837
2.934229
3.073122
3.090854
3.028400
3.033231
3.017537
3.009977
3.031585
3.061822
3.026496
2.996888
2.980733
2.994776
3.070002
3.016064
3.042436
2.962004
3.116077
2.945816
3.094213
3.127093
3.046129
3.076295
3.097152
2.993872
2.961955
3.076600
3.050200
2.914965
3.101991
2.947103
3.043520
2.994688
2.993943
3.094002
3.011409
3.071692
2.975854
2.937421
2.984348
3.199087
3.048290
3.013698
3.029558
3.026792
3.102701
2.946118
3.091470
2.995308
3.140172
3.048915
3.024964
3.025689
3.040564
3.134093
3.047678
3.010024
3.141406
3.021051
2.883281
3.034085
3.162334
2.896334
3.023155
3.063645
3.077945
3.004983
3.014655
3.121824
3.122879
3.114209
2.967089
3.067295
3.049191
3.079916
3.066279
3.035122
2.996422
3.044949
3.182548
3.100323
2.993645
3.082894
3.112379
2.973980
2.952019
2.944676
3.168846
3.027520
2.912432
2.978858
3.021911
3.133236
3.081351
3.046955
3.014767
3.035260
2.892116
2.979544
3.049411
3.041538
3.189338
3.052463
3.015465
3.034426
2.913928
3.087368
3.055160
2.955098
3.003112
3.077142
3.186596
3.017230
3.040511
3.091593
3.061414
2.962344
3.015901
3.008438
3.013772
3.025911
3.024735
3.151744
3.013953
2.960372
3.006604
2.899335
3.073791
3.082399
3.032652
3.184384
3.068019
3.053579
3.073636
2.932097
3.009085
2.910134
3.108678
2.973580
3.121024
2.885840
2.973185
3.016907
3.111052
2.975367
3.023180
3.016521
3.117550
2.857389
3.084711
3.107002
3.034698
3.153755
3.037850
2.958892
2.996061
2.976445
2.945256
3.154508
3.108456
3.035860
2.978889
3.123417
3.052289
3.079475
2.984367
3.019525
3.003054
3.037674
3.091191
3.013341
3.114304
3.100499
3.060575
2.988171
3.059168
3.098454
3.074974
3.045934
2.938013
3.100459
3.096500
2.990766
3.240362
3.134974
3.051238
3.030674
2.873114
3.023101
3.031424
2.912841
3.111592
2.967429
3.083140
3.072802
2.994828
3.073525
3.043788
3.120205
2.838398
3.066872
3.045912
3.046536
3.020840
3.051417
3.024523
2.969502
2.979994
3.087374
3.010123
3.054374
3.125262
3.047586
3.063021
3.112092
3.027042
3.030437
3.053745
2.993888
3.085653
3.061167
3.050541
3.007004
3.044813
3.005365
3.011429
3.014686
3.040295
3.118518
3.005473
3.011199
3.001733
3.044324
2.948649
3.020232
3.002964
3.157641
3.061608
3.111593
3.045951
3.083727
3.062393
3.067684
3.084642
3.056979
3.126658
3.053904
3.045905
3.119358
3.019636
2.963538
3.049339
2.970521
3.089134
3.074561
3.026783
3.045406
3.197714
3.044100
2.976062
3.020038
3.008745
3.068905
3.110126
3.159891
3.049362
3.074504
3.028523
3.050385
3.065359
3.013550
3.018449
3.060181
3.043496
2.998427
3.065981
3.063258
3.062899
3.048489
3.134529
3.054634
2.976185
3.174811
3.126695
2.989619
2.899044
3.023729
3.085052
3.117646
2.920193
2.984978
3.003172
2.987560
3.050587
3.079736
3.098512
2.948070
3.029955
2.977309
3.078515
3.078789
3.100429
3.031323
3.002557
3.000937
3.087581
3.177268
3.007293
3.056746
3.014508
2.957703
2.990661
3.123663
3.040255
3.036105
3.049916
3.013973
3.004583
3.064560
3.072372
2.970795
3.112157
3.035797
3.085376
2.987228
3.029099
3.077543
3.050897
3.068810
3.098728
3.055765
3.019002
3.105807
3.118372
3.057619
3.015895
2.947004
3.005420
2.940522
3.009049
3.004459
3.062856
3.068636
2.994555
3.106018
3.045252
2.940617
3.075712
3.058592
3.044440
3.083331
2.944714
3.085123
3.081034
3.098289
3.050502
3.148462
2.978825
2.987149
3.112259
2.986550
3.108454
3.167640
3.081144
3.181218
2.940262
2.996415
3.025102
3.028283
3.063886
3.180764
3.101277
3.041246
3.117472
3.033481
3.103693
3.075169
2.987580
2.966100
3.023979
3.138149
3.036992
3.060852
3.009595
2.939134
2.998358
2.993680
3.036654
3.060623
3.002346
3.088672
2.937259
3.092313
3.113429
3.100398
3.061887
3.011531
3.011454
3.055547
2.971616
3.123835
2.946879
3.062537
3.119870
2.997256
3.028986
3.031141
2.956447
3.103196
2.906237
2.989053
3.188225
3.022550
3.093475
3.020725
3.120783
3.026624
3.134831
3.042522
3.072273
3.078522
3.029942
3.054556
3.064094
3.088373
3.045821
2.937273
3.079737
3.068759
2.994927
3.138510
2.936991
2.980589
3.027348
3.040028
3.043509
2.910024
3.073589
2.980755
3.008320
3.028669
3.098789
3.061664
2.954901
2.976995
3.058873
3.077849
3.021211
2.966071
3.005993
3.060258
3.098714
3.006606
3.045513
3.100770
3.111616
2.998286
3.029831
2.940689
2.942150
2.936521
3.025118
3.075349
2.991320
3.042593
3.159232
3.032309
3.077104
3.053610
3.057801
3.013879
3.060761
2.974774
3.096914
2.975010
3.026669
3.134297
3.045184
3.041770
3.013211
3.039909
3.065673
2.974269
3.060267
2.994156
3.169911
3.044335
3.094441
3.040286
3.071075
3.006974
3.106612
3.026211
3.067961
3.030532
2.984326
3.150033
3.062364
3.052180
2.959874
3.037553
3.089766
2.987270
3.004365
3.106017
3.114856
3.054207
3.039440
3.077022
3.098566
3.026956
2.995243
3.153817
3.017025
3.111222
3.088350
3.062844
2.998916
3.090978
2.966262
3.051761
3.082174
2.990114
3.109886
2.962755
2.940112
2.953024
3.061791
3.081925
3.117679
3.115604
2.975251
2.955753
3.074505
3.056404
3.102436
3.035848
3.076095
2.982451
3.017876
3.010569
3.055994
2.936569
3.004049
3.130932
3.014879
3.167875
2.862414
2.970942
3.035630
3.135254
2.995896
3.074318
2.886440
2.980774
3.015352
3.093040
3.025258
3.098572
2.981953
3.033964
2.988356
2.983078
3.092121
3.075418
3.064906
3.188264
3.100810
3.001193
2.864221
2.935224
3.013689
3.036827
2.984156
3.113948
2.907831
3.025645
2.980143
3.061855
3.129936
3.044473
3.034227
2.997291
3.077670
2.923611
3.076131
2.920542
2.993695
3.135480
3.183608
3.108011
2.964877
2.997644
3.151290
3.068698
3.111849
3.033323
3.070032
3.118352
3.040795
3.119238
3.027678
3.159994
3.063819
3.006625
2.926860
3.069518
2.912290
2.986633
2.967362
3.039473
2.967564
3.049836
2.977552
3.046429
2.954494
2.953472
3.077381
2.986088
2.953742
3.060445
3.136775
3.117157
3.065413
3.105832
2.940079
3.199571
3.022139
3.021996
3.022763
3.064858
3.141263
2.974353
2.893587
3.009014
3.132364
3.076710
3.009059
3.044281
3.053191
3.021669
2.973604
2.909160
2.942370
2.974386
3.053462
2.953215
3.042301
3.036772
3.109792
3.184967
3.084739
3.042364
2.999080
3.055512
3.026231
3.041575
3.041397
2.942577
3.052589
3.034718
3.071780
3.078877
3.051489
3.085203
3.094345
3.013850
3.111566
2.970456
3.005951
3.054900
2.945853
3.035161
3.124494
2.965135
2.992528
3.070388
2.926436
2.924940
3.192102
2.850845
2.936906
3.145669
2.890316
3.000879
2.959329
3.003059
3.024081
3.119117
2.901861
3.050363
3.073693
3.134730
3.034916
3.083365
3.064529
2.986474
2.977477
3.075799
3.121102
3.079610
3.120929
2.999706
3.014204
2.937385
2.936950
3.089112
3.085792
2.977817
3.014318
3.084185
3.062841
2.932357
3.108205
3.068834
2.969021
3.063826
3.038488
3.056984
3.200997
3.036265
3.035535
3.030966
3.043803
3.047708
2.987411
2.978377
2.979864
3.000716
3.012864
2.936691
3.162394
3.023367
2.999568
3.066320
3.046972
3.131798
2.841138
3.011384
3.055697
3.089959
3.037047
3.060593
3.037891
2.979408
2.894748
3.027690
3.046441
3.009182
3.078266
3.163816
3.025050
3.034061
3.029534
3.128530
2.900041
3.028923
3.101301
3.042215
2.953183
3.035163
3.142380
2.941144
3.090950
3.005219
2.915353
2.912443
3.102386
3.147005
3.208637
3.150123
2.984234
3.091154
3.186636
2.946631
3.098024
3.101489
3.053698
3.110598
3.017253
3.052642
3.016502
3.033917
3.040283
3.050133
3.037738
3.103581
2.995679
3.034991
2.984260
2.980267
3.019750
2.955734
3.042337
2.989272
3.006355
3.054900
3.152960
3.021990
3.134173
3.049599
2.949839
2.992570
2.997844
3.051894
3.002131
2.999828
3.037809
2.954855
3.113222
3.034208
3.033817
3.000195
3.017435
3.064854
2.969389
3.064436
3.104322
3.006242
2.995243
3.038364
3.049660
2.962169
3.083942
3.046772
3.041918
3.044978
3.043350
3.102964
3.226149
3.030457
3.090896
3.034206
2.966098
3.032078
3.051677
3.010759
3.007575
3.011553
2.983944
2.905860
3.036844
2.965180
2.971244
2.960934
3.143423
3.092186
2.969387
3.011502
3.163513
3.055781
2.965142
3.035552
2.919966
3.082405
3.007208
3.077481
3.071931
3.195480
3.090081
3.004178
3.082688
3.073025
2.998672
3.099443
3.003431
2.961046
3.072492
3.122430
3.103891
3.114228
3.030641
3.157760
3.182002
3.054058
3.054846
3.055780
3.028565
3.084544
3.013861
3.007418
2.945416
3.017075
2.959635
3.096714
3.023935
3.023849
2.972330
3.022828
3.115716
2.984477
3.052029
3.190194
3.115888
2.920574
3.017717
3.039680
2.939981
3.015347
3.021404
3.118134
3.109400
3.164585
2.976892
2.989714
3.033901
3.147192
3.065182
2.997885
2.991107
2.962784
2.980974
2.960223
2.971821
2.983015
2.999061
3.007851
2.991720
3.065246
3.061094
3.000669
3.017899
3.004535
3.177171
3.082410
2.997157
3.232669
2.912569
2.989450
3.069877
3.009637
3.002124
2.989826
2.962938
3.103101
2.996881
3.059199
2.963396
3.086568
3.079018
2.991315
3.048646
3.025555
2.953478
2.952575
3.173150
3.050423
3.020840
2.993079
2.954161
3.111590
3.002624
3.093455
3.124695
3.110570
3.039887
2.961191
3.054306
2.985395
3.023233
3.129338
3.079653
2.894980
3.113636
3.065918
3.088058
3.052160
3.021115
3.019176
2.956640
3.020062
3.089673
3.036564
2.887062
3.086272
3.033648
2.971719
3.003397
3.058467
3.042570
3.127601
3.032778
3.035146
2.946593
2.991517
2.979809
2.914879
3.075908
2.964380
3.012137
3.106310
2.948923
3.127722
2.894616
3.002350
2.986531
3.010182
3.034124
3.032525
2.987930
3.010009
3.068213
3.027131
2.999494
3.126785
3.007163
2.973933
2.987297
3.115973
3.029879
3.148301
3.042266
3.040040
3.048004
3.174930
3.013452
3.010930
2.982852
3.165677
3.027207
3.024375
2.991665
3.040484
2.911240
2.933488
3.100423
3.074686
2.880290
3.112633
3.060229
3.067561
3.005144
3.014816
3.099855
3.153052
3.041335
2.970210
3.054877
3.074542
3.078550
2.972961
3.082467
2.969476
3.072101
2.995300
3.033833
2.982118
2.984511
3.263698
2.965336
3.038996
3.074161
3.101685
3.003598
2.958286
3.095624
3.142477
3.038956
2.983464
3.132133
3.023377
3.005584
3.096871
3.053375
3.022777
3.059635
2.982477
3.071717
2.948658
3.106981
2.969960
3.133643
3.063152
3.113597
3.072599
3.037316
3.114565
3.046841
3.041695
3.080142
3.001828
3.033809
2.987998
2.994122
2.986065
3.009883
3.027123
3.055305
2.971711
2.962950
3.020231
3.062176
2.983863
3.100903
2.975983
3.159637
3.099124
3.073662
2.999078
3.068294
3.012522
3.111452
2.995753
3.007013
3.002548
2.992397
3.085298
3.093619
3.066886
3.137587
3.172361
3.041958
3.203907
3.165722
3.058450
3.005488
3.028906
2.913074
3.074127
3.066867
3.115102
2.989835
3.028046
3.004877
2.930358
3.154350
3.033996
2.967488
3.109232
3.159085
3.097564
2.943738
3.015224
3.052239
3.052668
3.128514
3.067422
3.037445
3.040624
2.984752
2.998158
3.148921
3.089725
3.163039
3.064153
2.989245
3.091513
3.088724
3.034162
3.112766
2.978371
3.047699
3.022552
3.036745
2.990371
3.006901
3.217330
3.109520
3.095770
3.037117
3.075306
2.997785
3.179477
3.034174
3.063952
3.063853
3.038963
3.081394
3.037218
3.039717
3.105125
3.085792
3.040473
2.968825
3.060754
3.057545
3.090472
3.034268
3.119340
3.010690
3.033399
3.141260
2.959144
3.092541
3.029861
3.025776
2.954525
3.021268
3.105273
3.005928
3.057027
3.132008
3.164467
3.071424
3.033614
2.944436
3.118746
3.119753
3.044276
3.086544
3.012699
3.058230
3.133395
2.974098
3.090622
2.876553
3.097713
3.118244
3.037521
3.150549
3.058783
3.172806
2.911756
3.006705
3.079144
2.925638
3.122270
3.155255
2.967246
3.105407
2.996058
3.002370
3.114011
3.088057
3.059305
2.968418
3.072234
3.041973
3.095665
3.043192
3.025560
3.139310
2.958714
3.047848
3.056190
3.105293
3.075531
3.143679
3.011057
3.136152
3.060932
2.958496
2.979499
3.037905
2.917272
2.940879
2.994348
3.043652
3.027237
3.037955
2.915060
3.024526
3.044201
3.094914
3.011042
2.909239
3.223026
3.041210
3.110748
3.132400
3.133942
2.979502
3.144701
3.012365
2.978834
3.177615
3.015714
2.988909
2.933722
3.020261
3.042417
3.015727
2.998483
3.132376
2.997478
3.084282
3.069654
3.048100
2.924800
3.057668
3.093872
3.050934
3.043316
2.999587
3.051391
3.103272
3.025850
3.022287
3.021030
3.052708
3.023570
3.144819
2.993790
3.109813
3.067803
3.102945
3.064254
3.083184
2.940906
3.007997
3.024061
2.949138
3.126060
2.968844
3.059746
3.084787
3.044602
3.043345
3.138264
3.072384
3.096433
2.942252
3.088521
2.947407
3.034413
3.129267
3.011571
2.991044
2.973005
2.949177
3.146403
3.036121
3.131914
2.997225
2.996829
2.972281
3.019891
3.089380
3.049139
2.931226
3.089461
3.043413
3.076419
3.058402
2.922524
2.856541
3.044441
3.107806
3.183742
3.038011
3.025595
2.964956
3.090457
3.209676
3.139813
2.971215
3.062516
3.100369
3.139203
3.088199
2.995715
3.002436
3.024354
3.077388
3.095301
2.985703
3.124602
3.034059
2.952460
3.134848
3.018610
3.102046
3.033828
3.063282
3.040789
2.964417
3.073612
3.072256
2.904823
3.078024
3.072028
3.077836
2.982233
3.079669
2.955811
3.102959
3.130934
3.001991
2.999802
3.095681
3.065739
3.069366
3.000306
3.094928
3.066129
2.985925
3.045133
2.996148
3.102644
2.999750
3.005289
3.109451
2.966340
3.096113
3.025488
2.974451
3.066162
2.962057
3.093746
3.022338
3.073181
3.053703
3.151177
3.059020
2.977964
3.056441
2.909910
3.025469
2.953335
3.087220
3.107784
2.958197
2.967608
3.040926
2.981338
3.046167
3.008181
3.114269
3.054382
3.031667
3.003503
3.002160
2.995829
3.093900
3.016151
2.983158
3.041680
2.972683
3.098222
3.011879
3.097553
2.963701
3.034639
2.967310
3.024536
3.022164
3.117602
3.051981
3.057308
3.118508
3.016785
3.087069
3.072950
2.967324
2.957798
3.060812
2.927698
3.039762
3.040303
3.039683
2.987473
3.063883
3.089788
3.045998
2.986077
3.010584
2.960450
3.039298
3.004400
3.039789
3.100716
3.107918
3.023696
3.070520
3.144695
3.112540
3.045956
3.089016
2.976887
3.018020
3.027770
3.030047
2.947980
3.081421
3.014782
3.009616
3.004870
2.940517
2.979845
2.924743
2.922863
2.926852
2.968037
3.026500
3.118668
3.017114
3.135833
2.980682
2.957229
2.947091
3.015819
2.961196
2.984061
3.156764
3.024696
3.034155
2.911663
3.084879
3.154456
3.042380
3.066330
2.970694
3.003637
3.016446
3.008441
3.025614
3.021007
3.031501
2.964917
3.010041
2.978218
2.935490
3.128990
3.215382
3.015141
3.214860
3.032909
3.102142
3.002438
3.075344
3.113849
3.077735
3.158016
3.075688
3.152605
2.983983
3.158656
2.938940
3.072505
3.087855
3.033771
3.081222
2.987913
2.952534
3.053108
2.980782
2.939077
3.072954
3.062117
3.013774
3.026442
3.045012
2.969545
2.940240
3.076827
3.078550
2.981481
3.026904
2.998536
3.079664
3.049235
3.083894
3.019178
3.052433
2.963830
3.045121
3.106724
2.955526
2.979307
3.097154
3.087643
3.068649
3.021410
2.949094
2.949935
2.961529
3.038678
3.013880
3.080005
3.022392
2.943287
3.108119
3.057562
2.877987
3.026454
2.987973
3.030370
3.066210
2.990840
3.010581
3.013364
3.125880
3.099278
2.900292
3.158601
3.005235
3.057810
2.990377
2.982530
3.051152
3.021859
3.060220
3.037425
3.013252
3.032219
3.056129
3.031079
2.969252
2.993068
2.996489
3.048184
3.086663
2.984689
3.117629
3.006116
3.179742
3.092034
2.988848
3.003977
3.014332
2.982479
3.071400
3.025659
2.920167
3.141760
2.999991
3.000752
2.986905
2.911013
3.068598
3.016512
3.050766
3.037967
3.035635
3.060417
2.945779
3.022043
3.083094
3.056534
3.068840
2.993950
2.893720
3.119944
2.948823
3.084210
3.123669
3.119290
3.057163
3.048873
3.039008
3.026817
3.087331
3.106783
2.924577
3.049255
2.958268
2.958667
3.173049
3.117678
3.041856
2.931647
2.956758
2.974841
3.093863
3.065867
3.001190
2.992795
3.065904
2.897537
3.081781
3.012794
3.060818
3.015193
3.011719
3.087818
3.076980
3.059212
2.990089
3.054107
2.963689
3.016846
3.026254
3.053070
3.135798
3.047908
2.936446
3.053594
3.052735
3.101884
2.974031
3.030232
3.032683
2.960711
3.052324
3.145092
3.078247
2.949604
3.087466
3.025013
3.101147
2.952255
3.029515
3.050977
3.019138
3.093803
3.081148
3.018850
2.988256
3.096769
3.055820
3.014989
2.955819
3.077944
3.061011
3.054458
3.090776
2.987824
3.144886
2.986151
2.960548
3.070566
3.058534
3.081924
3.029953
2.962980
2.962852
2.939014
3.087695
2.998255
3.042943
3.052822
2.966180
3.032551
3.012155
3.064350
2.958901
3.071345
3.026897
3.141488
3.021401
3.171734
2.977930
3.134685
2.985690
2.860770
3.039274
3.028987
2.974317
3.023400
3.030477
2.957549
2.936381
2.883109
3.022333
3.025003
3.144506
3.153112
2.962518
3.053920
3.091773
2.980434
3.108079
3.105621
2.897202
2.945775
3.111078
2.981938
3.055653
3.118313
3.086707
2.985634
3.122438
2.927482
3.016585
2.880301
3.035379
3.095707
3.103998
3.046791
2.930339
2.941328
2.987430
2.994537
3.002078
3.047756
2.949323
2.992492
3.147384
2.931615
2.976120
3.143217
2.967546
2.974885
3.075493
3.021325
2.997817
3.104021
3.016241
3.048332
3.105624
2.981376
2.986820
3.061167
2.993291
3.014472
3.074028
3.060485
3.052972
2.993007
2.971392
3.008928
3.002504
3.070233
3.029419
3.065098
2.903355
3.088317
3.138605
3.002932
3.021930
3.027639
2.905174
2.970413
3.027950
3.003125
3.038406
2.940281
2.988341
2.947709
3.131711
2.919392
3.103451
3.009657
3.077236
3.042943
3.044937
3.067142
3.031441
3.083175
3.017939
2.914813
3.052059
3.078497
3.121030
2.989321
3.013362
3.130908
3.088219
3.037630
3.022216
3.032181
2.959860
2.941805
3.072598
3.083723
3.110736
3.241517
3.125899
2.971673
2.981346
3.059505
3.065688
3.079263
2.975837
3.069096
3.128644
2.983972
2.951021
3.001352
3.163293
2.998254
3.121971
2.954169
3.050882
3.088584
3.027344
3.119879
3.041892
3.091599
3.056674
3.066194
3.046274
3.015482
3.107854
2.988090
3.006492
3.063354
2.945188
3.006500
3.024156
3.073621
3.031571
3.045740
3.052437
3.047344
3.099317
2.983595
3.094118
3.050812
2.990011
3.019668
3.090980
3.000691
2.982450
3.011172
3.077488
3.090434
3.014788
3.043576
2.921992
