# r(Angstrom) g(r)
0.016396 0.000000
0.049189 0.000000
0.081981 0.000000
0.114773 0.000000
0.147566 0.000000
0.180358 0.000000
0.213150 0.000000
0.245943 0.000000
0.278735 0.000000
0.311527 0.000000
0.344320 0.000000
0.377112 0.000000
0.409904 0.000000
0.442697 0.000000
0.475489 0.000000
0.508281 0.000000
0.541074 0.000000
0.573866 0.000000
0.606658 0.000000
0.639451 0.000000
0.672243 0.000000
0.705035 0.000000
0.737828 0.000000
0.770620 0.000000
0.803412 0.000000
0.836205 0.000000
0.868997 0.000000
0.901789 0.000000
0.934582 0.000000
0.967374 0.000000
1.000166 0.000000
1.032959 0.000000
1.065751 0.000000
1.098543 0.000000
1.131336 0.000000
1.164128 0.000000
1.196920 0.000000
1.229713 0.000000
1.262505 0.000000
1.295297 0.000000
1.328090 0.000000
1.360882 0.000000
1.393674 0.000000
1.426467 0.000000
1.459259 0.000000
1.492051 0.000000
1.524844 0.000000
1.557636 0.000000
1.590428 0.000000
1.623221 0.000000
1.656013 0.000000
1.688805 0.000000
1.721598 0.000000
1.754390 0.000000
1.787182 0.000000
1.819975 0.000000
1.852767 0.000000
1.885559 0.000000
1.918352 0.000000
1.951144 0.000000
1.983936 0.000000
2.016729 0.000000
2.049521 0.000000
2.082313 0.000000
2.115106 0.000000
2.147898 0.000000
2.180690 0.000000
2.213483 0.000000
2.246275 0.000000
2.279067 0.001595
2.311860 0.000000
2.344652 0.003003
2.377444 0.007304
2.410237 0.044189
2.443029 0.156669
2.475821 0.449667
2.508614 1.020406
2.541406 2.041375
2.574198 3.396888
2.606991 4.865579
2.639783 5.715529
2.672575 6.027226
2.705368 5.097213
2.738160 3.897043
2.770952 2.548035
2.803745 1.538195
2.836537 0.864103
2.869329 0.498604
2.902122 0.447988
2.934914 0.406195
2.967706 0.495159
3.000499 0.683903
3.033291 0.750970
3.066083 0.863487
3.098876 0.929008
3.131668 0.988018
3.164460 1.048005
3.197253 1.144841
3.230045 1.140579
3.262837 1.104856
3.295630 1.207942
3.328422 1.122167
3.361214 1.136879
3.394007 1.088756
3.426799 1.020491
3.459591 1.020850
3.492384 1.024096
3.525176 0.929226
3.557968 0.848159
3.590761 0.803044
3.623553 0.675144
3.656345 0.670606
3.689138 0.577146
3.721930 0.542553
3.754722 0.538928
3.787515 0.553203
3.820307 0.538174
3.853099 0.613658
3.885892 0.649443
3.918684 0.710306
3.951476 0.801281
3.984269 0.825413
4.017061 0.863756
4.049853 0.844685
4.082646 0.794146
4.115438 0.774958
4.148230 0.680705
4.181023 0.616687
4.213815 0.494634
4.246607 0.437489
4.279400 0.355763
4.312192 0.315224
4.344984 0.279336
4.377777 0.263938
4.410569 0.274045
4.443361 0.345424
4.476154 0.396588
4.508946 0.511233
4.541738 0.624332
4.574531 0.805546
4.607323 0.903125
4.640115 1.061667
4.672908 1.205233
4.705700 1.410906
4.738492 1.579013
4.771285 1.701279
4.804077 1.865414
4.836869 1.934645
4.869662 1.987201
4.902454 1.975274
4.935246 1.880832
4.968039 1.811245
5.000831 1.656087
5.033623 1.625535
5.066416 1.590416
5.099208 1.598212
5.132000 1.657427
5.164793 1.644603
5.197585 1.652960
5.230377 1.647388
5.263170 1.586230
5.295962 1.468388
5.328754 1.338971
5.361547 1.212450
5.394339 1.075774
5.427131 1.031531
5.459924 0.931040
5.492716 0.863123
5.525508 0.829481
5.558301 0.820614
5.591093 0.789526
5.623885 0.758346
5.656678 0.782612
5.689470 0.768475
5.722262 0.778543
5.755055 0.776409
5.787847 0.764385
5.820639 0.797603
5.853432 0.810417
5.886224 0.800064
5.919016 0.787663
5.951809 0.790950
5.984601 0.775750
6.017393 0.733522
6.050186 0.730164
6.082978 0.693190
6.115770 0.659664
6.148563 0.634064
6.181355 0.618513
6.214147 0.593729
6.246940 0.546694
6.279732 0.549479
6.312524 0.567873
6.345317 0.569368
6.378109 0.589190
6.410901 0.619401
6.443694 0.651131
6.476486 0.689858
6.509278 0.727430
6.542071 0.741957
