# r(Angstrom) g(r)
0.016631 0.000000
0.049894 0.000000
0.083157 0.000000
0.116420 0.000000
0.149683 0.000000
0.182945 0.000000
0.216208 0.000000
0.249471 0.000000
0.282734 0.000000
0.315997 0.000000
0.349259 0.000000
0.382522 0.000000
0.415785 0.000000
0.449048 0.000000
0.482311 0.000000
0.515574 0.000000
0.548836 0.000000
0.582099 0.000000
0.615362 0.000000
0.648625 0.000000
0.681888 0.000000
0.715150 0.000000
0.748413 0.000000
0.781676 0.000000
0.814939 0.000000
0.848202 0.000000
0.881464 0.000000
0.914727 0.000000
0.947990 0.000000
0.981253 0.000000
1.014516 0.000000
1.047778 0.000000
1.081041 0.000000
1.114304 0.000000
1.147567 0.000000
1.180830 0.000000
1.214093 0.000000
1.247355 0.000000
1.280618 0.000000
1.313881 0.000000
1.347144 0.000000
1.380407 0.000000
1.413669 0.000000
1.446932 0.000000
1.480195 0.000000
1.513458 0.000000
1.546721 0.000000
1.579983 0.000000
1.613246 0.000000
1.646509 0.000000
1.679772 0.000000
1.713035 0.000000
1.746297 0.000000
1.779560 0.000000
1.812823 0.000000
1.846086 0.000000
1.879349 0.000000
1.912612 0.000000
1.945874 0.000000
1.979137 0.000000
2.012400 0.000000
2.045663 0.000000
2.078926 0.000000
2.112188 0.000000
2.145451 0.000000
2.178714 0.000000
2.211977 0.000000
2.245240 0.000000
2.278502 0.000000
2.311765 0.000000
2.345028 0.000000
2.378291 0.000000
2.411554 0.000000
2.444816 0.000000
2.478079 0.000000
2.511342 0.000000
2.544605 0.000000
2.577868 0.000000
2.611130 0.000000
2.644393 0.000000
2.677656 0.000000
2.710919 0.000000
2.744182 0.000000
2.777445 0.000000
2.810707 0.008688
2.843970 0.033810
2.877233 0.186196
2.910496 0.772786
2.943759 1.695620
2.977021 3.774715
3.010284 5.468466
3.043547 6.342671
3.076810 5.654695
3.110073 4.425739
3.143335 3.612294
3.176598 2.644971
3.209861 1.745179
3.243124 1.228027
3.276387 0.670747
3.309649 0.353618
3.342912 0.187236
3.376175 0.111267
3.409438 0.050113
3.442701 0.020276
3.475964 0.005718
3.509226 0.005598
3.542489 0.005432
3.575752 0.000000
3.609015 0.000000
3.642278 0.005154
3.675540 0.007591
3.708803 0.024796
3.742066 0.024400
3.775329 0.050453
3.808592 0.063607
3.841854 0.097410
3.875117 0.113791
3.908380 0.212863
3.941643 0.220190
3.974906 0.292418
4.008168 0.368465
4.041431 0.471657
4.074694 0.566719
4.107957 0.714331
4.141220 0.858298
4.174483 0.982564
4.207745 1.193312
4.241008 1.357607
4.274271 1.394342
4.307534 1.649827
4.340797 1.669164
4.374059 1.743483
4.407322 1.816962
4.440585 1.993708
4.473848 1.917920
4.507111 2.070722
4.540373 1.995165
4.573636 1.848975
4.606899 1.865667
4.640162 1.889981
4.673425 1.957216
4.706687 1.954221
4.739950 1.893125
4.773213 1.895629
4.806476 1.890404
4.839739 1.870045
4.873001 1.914005
4.906264 1.892411
4.939527 1.738927
4.972790 1.705134
5.006053 1.770371
5.039316 1.614504
5.072578 1.488136
5.105841 1.375804
5.139104 1.283886
5.172367 1.180060
5.205630 1.073426
5.238892 0.979513
5.272155 0.946312
5.305418 1.012265
5.338681 0.938435
5.371944 0.889952
5.405206 0.963509
5.438469 1.060535
5.471732 1.147323
5.504995 1.029718
5.538258 1.105553
5.571520 1.110108
5.604783 1.108724
5.638046 1.146756
5.671309 0.988415
5.704572 0.937840
5.737835 0.845968
5.771097 0.686934
5.804360 0.572434
5.837623 0.477421
5.870886 0.363667
5.904149 0.291767
5.937411 0.232285
5.970674 0.170047
6.003937 0.113987
6.037200 0.093039
6.070463 0.075224
6.103725 0.064282
6.136988 0.061814
6.170251 0.075431
6.203514 0.079093
6.236777 0.099500
6.270039 0.117480
6.303302 0.150708
6.336565 0.210556
6.369828 0.234445
6.403091 0.307920
6.436354 0.346332
6.469616 0.419719
6.502879 0.459900
6.536142 0.544280
6.569405 0.571386
6.602668 0.625267
6.635930 0.758136
