# All individual data points from all datasets
# Note: Adsorption energy has been multiplied by -1
# Temp(K)	Pressure	log10(P/1bar)	1000/T(K^-1)	Coverage(atom/nm²)	E_ads(eV)	Folder
500	0.1 bar	-1.0000	2.0000	1.963988	27.817463	RMD_Relax_500k_0.1atm
500	0.1 bar	-1.0000	2.0000	1.904110	24.115981	RMD_Relax_500k_0.1atm
500	0.1 bar	-1.0000	2.0000	1.892134	25.688778	RMD_Relax_500k_0.1atm
500	0.1 bar	-1.0000	2.0000	1.784355	27.041572	RMD_Relax_500k_0.1atm
500	0.1 bar	-1.0000	2.0000	1.904110	24.408283	RMD_Relax_500k_0.1atm
500	0.25 bar	-0.6021	2.0000	2.023865	25.120227	RMD_Relax_500k_0.25atm
500	0.25 bar	-0.6021	2.0000	1.892134	25.913547	RMD_Relax_500k_0.25atm
500	0.25 bar	-0.6021	2.0000	2.011890	24.750189	RMD_Relax_500k_0.25atm
500	0.25 bar	-0.6021	2.0000	2.023865	25.264274	RMD_Relax_500k_0.25atm
500	0.25 bar	-0.6021	2.0000	1.844232	26.226725	RMD_Relax_500k_0.25atm
500	0.5 bar	-0.3010	2.0000	2.011890	24.912737	RMD_Relax_500k_0.5atm
500	0.5 bar	-0.3010	2.0000	2.047816	24.308050	RMD_Relax_500k_0.5atm
500	0.5 bar	-0.3010	2.0000	1.904110	25.432257	RMD_Relax_500k_0.5atm
500	0.5 bar	-0.3010	2.0000	1.844232	25.797407	RMD_Relax_500k_0.5atm
500	0.5 bar	-0.3010	2.0000	1.987939	24.347263	RMD_Relax_500k_0.5atm
500	0.75 bar	-0.1249	2.0000	1.928061	25.410203	RMD_Relax_500k_0.75atm
500	0.75 bar	-0.1249	2.0000	1.975963	24.680210	RMD_Relax_500k_0.75atm
500	0.75 bar	-0.1249	2.0000	2.119670	23.650929	RMD_Relax_500k_0.75atm
500	0.75 bar	-0.1249	2.0000	1.952012	24.942921	RMD_Relax_500k_0.75atm
500	0.75 bar	-0.1249	2.0000	2.107694	25.407372	RMD_Relax_500k_0.75atm
500	1 bar	0.0000	2.0000	1.808306	26.003100	RMD_Relax_500k_1atm
500	1 bar	0.0000	2.0000	1.880159	23.645002	RMD_Relax_500k_1atm
500	1 bar	0.0000	2.0000	2.119670	26.204635	RMD_Relax_500k_1atm
500	1 bar	0.0000	2.0000	2.071767	25.419489	RMD_Relax_500k_1atm
500	1 bar	0.0000	2.0000	2.023865	23.478227	RMD_Relax_500k_1atm
500	2.5 bar	0.3979	2.0000	1.916086	24.613495	RMD_Relax_500k_2.5atm
500	2.5 bar	0.3979	2.0000	1.916086	26.650037	RMD_Relax_500k_2.5atm
500	2.5 bar	0.3979	2.0000	1.808306	25.602456	RMD_Relax_500k_2.5atm
500	2.5 bar	0.3979	2.0000	1.952012	24.551190	RMD_Relax_500k_2.5atm
500	2.5 bar	0.3979	2.0000	2.119670	24.630271	RMD_Relax_500k_2.5atm
500	5 bar	0.6990	2.0000	1.856208	25.095967	RMD_Relax_500k_5atm
500	5 bar	0.6990	2.0000	2.071767	24.395539	RMD_Relax_500k_5atm
500	5 bar	0.6990	2.0000	1.975963	23.560014	RMD_Relax_500k_5atm
500	5 bar	0.6990	2.0000	1.940037	23.900159	RMD_Relax_500k_5atm
500	5 bar	0.6990	2.0000	1.844232	24.461240	RMD_Relax_500k_5atm
500	7.5 bar	0.8751	2.0000	1.868183	25.274346	RMD_Relax_500k_7.5atm
500	7.5 bar	0.8751	2.0000	1.975963	23.939291	RMD_Relax_500k_7.5atm
500	7.5 bar	0.8751	2.0000	1.987939	24.791014	RMD_Relax_500k_7.5atm
500	7.5 bar	0.8751	2.0000	1.844232	25.432245	RMD_Relax_500k_7.5atm
500	7.5 bar	0.8751	2.0000	1.952012	24.732210	RMD_Relax_500k_7.5atm
500	10 bar	1.0000	2.0000	2.059792	25.069641	RMD_Relax_500k_10atm
500	10 bar	1.0000	2.0000	2.011890	23.944415	RMD_Relax_500k_10atm
500	10 bar	1.0000	2.0000	1.987939	25.241375	RMD_Relax_500k_10atm
500	10 bar	1.0000	2.0000	1.987939	23.624437	RMD_Relax_500k_10atm
500	10 bar	1.0000	2.0000	1.987939	24.004770	RMD_Relax_500k_10atm
600	0.1 bar	-1.0000	1.6667	1.677020	30.368190	RMD_Relax_600k_0.1atm
600	0.1 bar	-1.0000	1.6667	1.688998	31.183405	RMD_Relax_600k_0.1atm
600	0.1 bar	-1.0000	1.6667	1.760871	33.024603	RMD_Relax_600k_0.1atm
600	0.1 bar	-1.0000	1.6667	1.665041	30.694032	RMD_Relax_600k_0.1atm
600	0.1 bar	-1.0000	1.6667	1.868679	32.000754	RMD_Relax_600k_0.1atm
600	0.25 bar	-0.6021	1.6667	1.724935	30.175568	RMD_Relax_600k_0.25atm
600	0.25 bar	-0.6021	1.6667	1.724935	32.975754	RMD_Relax_600k_0.25atm
600	0.25 bar	-0.6021	1.6667	1.808786	31.341560	RMD_Relax_600k_0.25atm
600	0.25 bar	-0.6021	1.6667	1.688998	29.796676	RMD_Relax_600k_0.25atm
600	0.25 bar	-0.6021	1.6667	1.748892	30.277435	RMD_Relax_600k_0.25atm
600	0.5 bar	-0.3010	1.6667	1.784828	29.223250	RMD_Relax_600k_0.5atm
600	0.5 bar	-0.3010	1.6667	1.940551	27.969896	RMD_Relax_600k_0.5atm
600	0.5 bar	-0.3010	1.6667	2.000445	29.058751	RMD_Relax_600k_0.5atm
600	0.5 bar	-0.3010	1.6667	1.712956	28.206516	RMD_Relax_600k_0.5atm
600	0.5 bar	-0.3010	1.6667	1.856700	31.159483	RMD_Relax_600k_0.5atm
600	0.75 bar	-0.1249	1.6667	1.724935	30.885723	RMD_Relax_600k_0.75atm
600	0.75 bar	-0.1249	1.6667	1.724935	30.801027	RMD_Relax_600k_0.75atm
600	0.75 bar	-0.1249	1.6667	1.832743	29.003479	RMD_Relax_600k_0.75atm
600	0.75 bar	-0.1249	1.6667	1.844722	27.944434	RMD_Relax_600k_0.75atm
600	0.75 bar	-0.1249	1.6667	1.808786	30.213150	RMD_Relax_600k_0.75atm
600	1 bar	0.0000	1.6667	1.700977	30.394913	RMD_Relax_600k_1atm
600	1 bar	0.0000	1.6667	1.868679	29.378770	RMD_Relax_600k_1atm
600	1 bar	0.0000	1.6667	1.916594	27.894208	RMD_Relax_600k_1atm
600	1 bar	0.0000	1.6667	1.796807	29.834405	RMD_Relax_600k_1atm
600	1 bar	0.0000	1.6667	1.784828	28.634871	RMD_Relax_600k_1atm
600	2.5 bar	0.3979	1.6667	1.820764	27.766466	RMD_Relax_600k_2.5atm
600	2.5 bar	0.3979	1.6667	1.712956	33.929150	RMD_Relax_600k_2.5atm
600	2.5 bar	0.3979	1.6667	1.724935	32.337232	RMD_Relax_600k_2.5atm
600	2.5 bar	0.3979	1.6667	1.760871	29.213470	RMD_Relax_600k_2.5atm
600	2.5 bar	0.3979	1.6667	1.856700	29.362049	RMD_Relax_600k_2.5atm
600	5 bar	0.6990	1.6667	1.892636	29.196723	RMD_Relax_600k_5atm
600	5 bar	0.6990	1.6667	1.820764	28.738971	RMD_Relax_600k_5atm
600	5 bar	0.6990	1.6667	1.940551	28.872142	RMD_Relax_600k_5atm
600	5 bar	0.6990	1.6667	1.856700	27.865825	RMD_Relax_600k_5atm
600	5 bar	0.6990	1.6667	1.892636	28.411889	RMD_Relax_600k_5atm
600	7.5 bar	0.8751	1.6667	1.892636	28.426652	RMD_Relax_600k_7.5atm
600	7.5 bar	0.8751	1.6667	1.892636	29.381909	RMD_Relax_600k_7.5atm
600	7.5 bar	0.8751	1.6667	1.772849	31.665468	RMD_Relax_600k_7.5atm
600	7.5 bar	0.8751	1.6667	1.904615	29.101504	RMD_Relax_600k_7.5atm
600	7.5 bar	0.8751	1.6667	1.916594	29.688858	RMD_Relax_600k_7.5atm
600	10 bar	1.0000	1.6667	1.820764	30.392502	RMD_Relax_600k_10atm
600	10 bar	1.0000	1.6667	1.976487	29.250740	RMD_Relax_600k_10atm
600	10 bar	1.0000	1.6667	2.036381	28.656016	RMD_Relax_600k_10atm
600	10 bar	1.0000	1.6667	1.916594	29.394295	RMD_Relax_600k_10atm
600	10 bar	1.0000	1.6667	2.012424	27.944560	RMD_Relax_600k_10atm
700	0.1 bar	-1.0000	1.4286	1.532256	33.637650	RMD_Relax_700k_0.1atm
700	0.1 bar	-1.0000	1.4286	1.556198	32.276038	RMD_Relax_700k_0.1atm
700	0.1 bar	-1.0000	1.4286	1.568169	31.622249	RMD_Relax_700k_0.1atm
700	0.1 bar	-1.0000	1.4286	1.592110	31.873570	RMD_Relax_700k_0.1atm
700	0.1 bar	-1.0000	1.4286	1.604081	31.534955	RMD_Relax_700k_0.1atm
700	0.25 bar	-0.6021	1.4286	1.556198	31.627882	RMD_Relax_700k_0.25atm
700	0.25 bar	-0.6021	1.4286	1.568169	32.023152	RMD_Relax_700k_0.25atm
700	0.25 bar	-0.6021	1.4286	1.472403	32.870854	RMD_Relax_700k_0.25atm
700	0.25 bar	-0.6021	1.4286	1.544227	30.386830	RMD_Relax_700k_0.25atm
700	0.25 bar	-0.6021	1.4286	1.484373	33.391587	RMD_Relax_700k_0.25atm
700	0.5 bar	-0.3010	1.4286	1.639993	31.537078	RMD_Relax_700k_0.5atm
700	0.5 bar	-0.3010	1.4286	1.628022	29.006219	RMD_Relax_700k_0.5atm
700	0.5 bar	-0.3010	1.4286	1.568169	32.724623	RMD_Relax_700k_0.5atm
700	0.5 bar	-0.3010	1.4286	1.604081	31.024948	RMD_Relax_700k_0.5atm
700	0.5 bar	-0.3010	1.4286	1.568169	30.361845	RMD_Relax_700k_0.5atm
700	0.75 bar	-0.1249	1.4286	1.639993	31.998173	RMD_Relax_700k_0.75atm
700	0.75 bar	-0.1249	1.4286	1.568169	30.091593	RMD_Relax_700k_0.75atm
700	0.75 bar	-0.1249	1.4286	1.616052	31.446032	RMD_Relax_700k_0.75atm
700	0.75 bar	-0.1249	1.4286	1.651964	31.328636	RMD_Relax_700k_0.75atm
700	0.75 bar	-0.1249	1.4286	1.448461	31.931480	RMD_Relax_700k_0.75atm
700	1 bar	0.0000	1.4286	1.639993	30.705330	RMD_Relax_700k_1atm
700	1 bar	0.0000	1.4286	1.544227	31.707470	RMD_Relax_700k_1atm
700	1 bar	0.0000	1.4286	1.759701	30.423261	RMD_Relax_700k_1atm
700	1 bar	0.0000	1.4286	1.496344	32.727500	RMD_Relax_700k_1atm
700	1 bar	0.0000	1.4286	1.639993	30.184873	RMD_Relax_700k_1atm
700	2.5 bar	0.3979	1.4286	1.723788	28.009168	RMD_Relax_700k_2.5atm
700	2.5 bar	0.3979	1.4286	1.747730	31.227565	RMD_Relax_700k_2.5atm
700	2.5 bar	0.3979	1.4286	1.616052	32.249055	RMD_Relax_700k_2.5atm
700	2.5 bar	0.3979	1.4286	1.687876	30.431070	RMD_Relax_700k_2.5atm
700	2.5 bar	0.3979	1.4286	1.723788	29.214694	RMD_Relax_700k_2.5atm
700	5 bar	0.6990	1.4286	1.759701	30.531237	RMD_Relax_700k_5atm
700	5 bar	0.6990	1.4286	1.651964	30.839008	RMD_Relax_700k_5atm
700	5 bar	0.6990	1.4286	1.628022	30.588499	RMD_Relax_700k_5atm
700	5 bar	0.6990	1.4286	1.639993	31.524622	RMD_Relax_700k_5atm
700	5 bar	0.6990	1.4286	1.580139	30.622733	RMD_Relax_700k_5atm
700	7.5 bar	0.8751	1.4286	1.592110	31.387806	RMD_Relax_700k_7.5atm
700	7.5 bar	0.8751	1.4286	1.592110	31.699096	RMD_Relax_700k_7.5atm
700	7.5 bar	0.8751	1.4286	1.675905	30.620188	RMD_Relax_700k_7.5atm
700	7.5 bar	0.8751	1.4286	1.759701	30.590021	RMD_Relax_700k_7.5atm
700	7.5 bar	0.8751	1.4286	1.723788	30.807480	RMD_Relax_700k_7.5atm
700	10 bar	1.0000	1.4286	1.663935	29.248924	RMD_Relax_700k_10atm
700	10 bar	1.0000	1.4286	1.699847	28.702022	RMD_Relax_700k_10atm
700	10 bar	1.0000	1.4286	1.759701	29.871315	RMD_Relax_700k_10atm
700	10 bar	1.0000	1.4286	1.735759	30.060467	RMD_Relax_700k_10atm
700	10 bar	1.0000	1.4286	1.771671	30.855313	RMD_Relax_700k_10atm
800	0.1 bar	-1.0000	1.2500	1.423927	34.125592	RMD_Relax_800k_0.1atm
800	0.1 bar	-1.0000	1.2500	1.603414	33.724622	RMD_Relax_800k_0.1atm
800	0.1 bar	-1.0000	1.2500	1.579482	33.166828	RMD_Relax_800k_0.1atm
800	0.1 bar	-1.0000	1.2500	1.639311	32.643392	RMD_Relax_800k_0.1atm
800	0.1 bar	-1.0000	1.2500	1.615379	33.573340	RMD_Relax_800k_0.1atm
800	0.25 bar	-0.6021	1.2500	1.735037	30.298476	RMD_Relax_800k_0.25atm
800	0.25 bar	-0.6021	1.2500	1.699140	31.001629	RMD_Relax_800k_0.25atm
800	0.25 bar	-0.6021	1.2500	1.723071	32.343806	RMD_Relax_800k_0.25atm
800	0.25 bar	-0.6021	1.2500	1.447859	34.380258	RMD_Relax_800k_0.25atm
800	0.25 bar	-0.6021	1.2500	1.675208	33.473559	RMD_Relax_800k_0.25atm
800	0.5 bar	-0.3010	1.2500	1.603414	31.603778	RMD_Relax_800k_0.5atm
800	0.5 bar	-0.3010	1.2500	1.615379	35.042814	RMD_Relax_800k_0.5atm
800	0.5 bar	-0.3010	1.2500	1.747003	31.457705	RMD_Relax_800k_0.5atm
800	0.5 bar	-0.3010	1.2500	1.842729	29.676382	RMD_Relax_800k_0.5atm
800	0.5 bar	-0.3010	1.2500	1.543585	31.647994	RMD_Relax_800k_0.5atm
800	0.75 bar	-0.1249	1.2500	1.723071	30.464021	RMD_Relax_800k_0.75atm
800	0.75 bar	-0.1249	1.2500	1.735037	32.514384	RMD_Relax_800k_0.75atm
800	0.75 bar	-0.1249	1.2500	1.675208	31.731132	RMD_Relax_800k_0.75atm
800	0.75 bar	-0.1249	1.2500	1.747003	29.345335	RMD_Relax_800k_0.75atm
800	0.75 bar	-0.1249	1.2500	1.651277	32.478681	RMD_Relax_800k_0.75atm
800	1 bar	0.0000	1.2500	1.507687	33.204104	RMD_Relax_800k_1atm
800	1 bar	0.0000	1.2500	1.735037	31.368630	RMD_Relax_800k_1atm
800	1 bar	0.0000	1.2500	1.711106	32.292731	RMD_Relax_800k_1atm
800	1 bar	0.0000	1.2500	1.806832	30.849677	RMD_Relax_800k_1atm
800	1 bar	0.0000	1.2500	1.711106	30.753250	RMD_Relax_800k_1atm
800	2.5 bar	0.3979	1.2500	1.723071	30.797985	RMD_Relax_800k_2.5atm
800	2.5 bar	0.3979	1.2500	1.818798	30.487798	RMD_Relax_800k_2.5atm
800	2.5 bar	0.3979	1.2500	1.794866	30.171157	RMD_Relax_800k_2.5atm
800	2.5 bar	0.3979	1.2500	1.675208	30.587745	RMD_Relax_800k_2.5atm
800	2.5 bar	0.3979	1.2500	1.818798	31.166314	RMD_Relax_800k_2.5atm
800	5 bar	0.6990	1.2500	1.711106	31.472706	RMD_Relax_800k_5atm
800	5 bar	0.6990	1.2500	1.699140	30.314862	RMD_Relax_800k_5atm
800	5 bar	0.6990	1.2500	1.747003	31.194779	RMD_Relax_800k_5atm
800	5 bar	0.6990	1.2500	1.663242	32.801645	RMD_Relax_800k_5atm
800	5 bar	0.6990	1.2500	1.770934	31.147310	RMD_Relax_800k_5atm
800	7.5 bar	0.8751	1.2500	1.926490	28.860128	RMD_Relax_800k_7.5atm
800	7.5 bar	0.8751	1.2500	1.723071	32.376577	RMD_Relax_800k_7.5atm
800	7.5 bar	0.8751	1.2500	1.806832	28.926218	RMD_Relax_800k_7.5atm
800	7.5 bar	0.8751	1.2500	1.878626	30.323887	RMD_Relax_800k_7.5atm
800	7.5 bar	0.8751	1.2500	1.998284	29.304190	RMD_Relax_800k_7.5atm
800	10 bar	1.0000	1.2500	1.902558	30.094274	RMD_Relax_800k_10atm
800	10 bar	1.0000	1.2500	1.758969	30.746485	RMD_Relax_800k_10atm
800	10 bar	1.0000	1.2500	1.758969	33.324718	RMD_Relax_800k_10atm
800	10 bar	1.0000	1.2500	1.914524	28.416667	RMD_Relax_800k_10atm
800	10 bar	1.0000	1.2500	1.998284	29.499795	RMD_Relax_800k_10atm
900	0.1 bar	-1.0000	1.1111	1.423635	35.161549	RMD_Relax_900k_0.1atm
900	0.1 bar	-1.0000	1.1111	1.447561	35.795935	RMD_Relax_900k_0.1atm
900	0.1 bar	-1.0000	1.1111	1.603084	33.631374	RMD_Relax_900k_0.1atm
900	0.1 bar	-1.0000	1.1111	1.447561	35.089942	RMD_Relax_900k_0.1atm
900	0.1 bar	-1.0000	1.1111	1.519341	36.050091	RMD_Relax_900k_0.1atm
900	0.25 bar	-0.6021	1.1111	1.519341	35.403027	RMD_Relax_900k_0.25atm
900	0.25 bar	-0.6021	1.1111	1.483451	37.454256	RMD_Relax_900k_0.25atm
900	0.25 bar	-0.6021	1.1111	1.519341	35.168614	RMD_Relax_900k_0.25atm
900	0.25 bar	-0.6021	1.1111	1.495414	35.104312	RMD_Relax_900k_0.25atm
900	0.25 bar	-0.6021	1.1111	1.567194	33.984741	RMD_Relax_900k_0.25atm
900	0.5 bar	-0.3010	1.1111	1.567194	37.643809	RMD_Relax_900k_0.5atm
900	0.5 bar	-0.3010	1.1111	1.531304	34.692399	RMD_Relax_900k_0.5atm
900	0.5 bar	-0.3010	1.1111	1.591121	34.569875	RMD_Relax_900k_0.5atm
900	0.5 bar	-0.3010	1.1111	1.627011	34.535420	RMD_Relax_900k_0.5atm
900	0.5 bar	-0.3010	1.1111	1.459525	35.598655	RMD_Relax_900k_0.5atm
900	0.75 bar	-0.1249	1.1111	1.471488	37.409279	RMD_Relax_900k_0.75atm
900	0.75 bar	-0.1249	1.1111	1.638974	34.417707	RMD_Relax_900k_0.75atm
900	0.75 bar	-0.1249	1.1111	1.555231	36.584318	RMD_Relax_900k_0.75atm
900	0.75 bar	-0.1249	1.1111	1.567194	34.915550	RMD_Relax_900k_0.75atm
900	0.75 bar	-0.1249	1.1111	1.603084	34.056093	RMD_Relax_900k_0.75atm
900	1 bar	0.0000	1.1111	1.471488	34.157031	RMD_Relax_900k_1atm
900	1 bar	0.0000	1.1111	1.459525	35.078695	RMD_Relax_900k_1atm
900	1 bar	0.0000	1.1111	1.603084	34.018912	RMD_Relax_900k_1atm
900	1 bar	0.0000	1.1111	1.483451	36.103712	RMD_Relax_900k_1atm
900	1 bar	0.0000	1.1111	1.507378	36.385619	RMD_Relax_900k_1atm
900	2.5 bar	0.3979	1.1111	1.662901	34.257113	RMD_Relax_900k_2.5atm
900	2.5 bar	0.3979	1.1111	1.567194	33.859274	RMD_Relax_900k_2.5atm
900	2.5 bar	0.3979	1.1111	1.603084	32.499852	RMD_Relax_900k_2.5atm
900	2.5 bar	0.3979	1.1111	1.579158	35.210749	RMD_Relax_900k_2.5atm
900	2.5 bar	0.3979	1.1111	1.674864	32.768656	RMD_Relax_900k_2.5atm
900	5 bar	0.6990	1.1111	1.722717	33.118722	RMD_Relax_900k_5atm
900	5 bar	0.6990	1.1111	1.638974	35.495789	RMD_Relax_900k_5atm
900	5 bar	0.6990	1.1111	1.519341	33.500913	RMD_Relax_900k_5atm
900	5 bar	0.6990	1.1111	1.627011	34.151135	RMD_Relax_900k_5atm
900	5 bar	0.6990	1.1111	1.555231	32.770780	RMD_Relax_900k_5atm
900	7.5 bar	0.8751	1.1111	1.615048	32.751345	RMD_Relax_900k_7.5atm
900	7.5 bar	0.8751	1.1111	1.603084	33.908602	RMD_Relax_900k_7.5atm
900	7.5 bar	0.8751	1.1111	1.555231	34.933354	RMD_Relax_900k_7.5atm
900	7.5 bar	0.8751	1.1111	1.638974	34.594589	RMD_Relax_900k_7.5atm
900	7.5 bar	0.8751	1.1111	1.698791	35.895913	RMD_Relax_900k_7.5atm
900	10 bar	1.0000	1.1111	1.567194	35.523914	RMD_Relax_900k_10atm
900	10 bar	1.0000	1.1111	1.650938	34.966993	RMD_Relax_900k_10atm
900	10 bar	1.0000	1.1111	1.543268	34.577640	RMD_Relax_900k_10atm
900	10 bar	1.0000	1.1111	1.710754	33.870926	RMD_Relax_900k_10atm
900	10 bar	1.0000	1.1111	1.591121	34.143237	RMD_Relax_900k_10atm
1000	0.1 bar	-1.0000	1.0000	1.125518	37.141322	RMD_Relax_1000k_0.1atm
1000	0.1 bar	-1.0000	1.0000	1.149465	36.127973	RMD_Relax_1000k_0.1atm
1000	0.1 bar	-1.0000	1.0000	1.329069	33.946158	RMD_Relax_1000k_0.1atm
1000	0.1 bar	-1.0000	1.0000	1.125518	38.829681	RMD_Relax_1000k_0.1atm
1000	0.1 bar	-1.0000	1.0000	1.257227	31.740369	RMD_Relax_1000k_0.1atm
1000	0.25 bar	-0.6021	1.0000	1.388937	36.293128	RMD_Relax_1000k_0.25atm
1000	0.25 bar	-0.6021	1.0000	1.269201	38.215756	RMD_Relax_1000k_0.25atm
1000	0.25 bar	-0.6021	1.0000	1.353016	35.409391	RMD_Relax_1000k_0.25atm
1000	0.25 bar	-0.6021	1.0000	1.197360	36.737057	RMD_Relax_1000k_0.25atm
1000	0.25 bar	-0.6021	1.0000	1.293148	33.436457	RMD_Relax_1000k_0.25atm
1000	0.5 bar	-0.3010	1.0000	1.233280	32.762769	RMD_Relax_1000k_0.5atm
1000	0.5 bar	-0.3010	1.0000	1.245254	34.135759	RMD_Relax_1000k_0.5atm
1000	0.5 bar	-0.3010	1.0000	1.353016	34.365888	RMD_Relax_1000k_0.5atm
1000	0.5 bar	-0.3010	1.0000	1.269201	33.355806	RMD_Relax_1000k_0.5atm
1000	0.5 bar	-0.3010	1.0000	1.233280	34.831170	RMD_Relax_1000k_0.5atm
1000	0.75 bar	-0.1249	1.0000	1.376963	31.332652	RMD_Relax_1000k_0.75atm
1000	0.75 bar	-0.1249	1.0000	1.257227	35.392833	RMD_Relax_1000k_0.75atm
1000	0.75 bar	-0.1249	1.0000	1.317095	33.749064	RMD_Relax_1000k_0.75atm
1000	0.75 bar	-0.1249	1.0000	1.257227	35.034242	RMD_Relax_1000k_0.75atm
1000	0.75 bar	-0.1249	1.0000	1.436831	34.479767	RMD_Relax_1000k_0.75atm
1000	1 bar	0.0000	1.0000	1.353016	35.258959	RMD_Relax_1000k_1atm
1000	1 bar	0.0000	1.0000	1.412884	32.334577	RMD_Relax_1000k_1atm
1000	1 bar	0.0000	1.0000	1.293148	32.363584	RMD_Relax_1000k_1atm
1000	1 bar	0.0000	1.0000	1.305122	32.813654	RMD_Relax_1000k_1atm
1000	1 bar	0.0000	1.0000	1.329069	35.554652	RMD_Relax_1000k_1atm
1000	2.5 bar	0.3979	1.0000	1.376963	34.321394	RMD_Relax_1000k_2.5atm
1000	2.5 bar	0.3979	1.0000	1.281175	33.191343	RMD_Relax_1000k_2.5atm
1000	2.5 bar	0.3979	1.0000	1.448805	32.286280	RMD_Relax_1000k_2.5atm
1000	2.5 bar	0.3979	1.0000	1.388937	33.650975	RMD_Relax_1000k_2.5atm
1000	2.5 bar	0.3979	1.0000	1.424858	31.790822	RMD_Relax_1000k_2.5atm
1000	5 bar	0.6990	1.0000	1.484726	31.018379	RMD_Relax_1000k_5atm
1000	5 bar	0.6990	1.0000	1.293148	33.740778	RMD_Relax_1000k_5atm
1000	5 bar	0.6990	1.0000	1.472752	32.133797	RMD_Relax_1000k_5atm
1000	5 bar	0.6990	1.0000	1.412884	34.413058	RMD_Relax_1000k_5atm
1000	5 bar	0.6990	1.0000	1.376963	32.584730	RMD_Relax_1000k_5atm
1000	7.5 bar	0.8751	1.0000	1.508673	33.249153	RMD_Relax_1000k_7.5atm
1000	7.5 bar	0.8751	1.0000	1.329069	33.854529	RMD_Relax_1000k_7.5atm
1000	7.5 bar	0.8751	1.0000	1.293148	31.702981	RMD_Relax_1000k_7.5atm
1000	7.5 bar	0.8751	1.0000	1.460779	31.202264	RMD_Relax_1000k_7.5atm
1000	7.5 bar	0.8751	1.0000	1.424858	31.345636	RMD_Relax_1000k_7.5atm
1000	10 bar	1.0000	1.0000	1.448805	32.092426	RMD_Relax_1000k_10atm
1000	10 bar	1.0000	1.0000	1.341043	32.806955	RMD_Relax_1000k_10atm
1000	10 bar	1.0000	1.0000	1.257227	34.984270	RMD_Relax_1000k_10atm
1000	10 bar	1.0000	1.0000	1.376963	30.017029	RMD_Relax_1000k_10atm
1000	10 bar	1.0000	1.0000	1.484726	31.391534	RMD_Relax_1000k_10atm
