COMBINED RMD_Relax Analysis Statistics Summary
============================================================
Data from 3 datasets:
  - yxb_test_20241109_clean_2_20250921
  - yxb_test_20241109_clean_2_20250922
  - yxb_test_20241109_clean_2_20250923
============================================================
Note: Adsorption energy has been multiplied by -1
============================================================

AVERAGED DATA (for subplots a and b):
--------------------------------------------------
Temp(K)	Pressure	log10(P/1bar)	1000/T(K^-1)	Coverage(atom/nm²)	E_ads(eV)	Desorption_rate(atom/(nm²·ps))
----------------------------------------------------------------------------------------------------
500	0.1 bar	-1.00	2.0000	1.8897	25.8144	0.000001
500	0.25 bar	-0.60	2.0000	1.9592	25.4550	0.000001
500	0.5 bar	-0.30	2.0000	1.9592	24.9595	0.000001
500	0.75 bar	-0.12	2.0000	2.0167	24.8183	0.000001
500	1 bar	0.00	2.0000	1.9808	24.9501	0.000001
500	2.5 bar	0.40	2.0000	1.9424	25.2095	0.000001
500	5 bar	0.70	2.0000	1.9376	24.2826	0.000001
500	7.5 bar	0.88	2.0000	1.9257	24.8338	0.000001
500	10 bar	1.00	2.0000	2.0071	24.3769	0.000001
600	0.1 bar	-1.00	1.6667	1.7321	31.4542	0.000001
600	0.25 bar	-0.60	1.6667	1.7393	30.9134	0.000001
600	0.5 bar	-0.30	1.6667	1.8591	29.1236	0.000001
600	0.75 bar	-0.12	1.6667	1.7872	29.7696	0.000001
600	1 bar	0.00	1.6667	1.8136	29.2274	0.000001
600	2.5 bar	0.40	1.6667	1.7752	30.5217	0.000001
600	5 bar	0.70	1.6667	1.8807	28.6171	0.000001
600	7.5 bar	0.88	1.6667	1.8759	29.6529	0.000001
600	10 bar	1.00	1.6667	1.9525	29.1276	0.000001
700	0.1 bar	-1.00	1.4286	1.5706	32.1889	0.000001
700	0.25 bar	-0.60	1.4286	1.5251	32.0601	0.000001
700	0.5 bar	-0.30	1.4286	1.6017	30.9309	0.000001
700	0.75 bar	-0.12	1.4286	1.5849	31.3592	0.000001
700	1 bar	0.00	1.4286	1.6161	31.1497	0.000001
700	2.5 bar	0.40	1.4286	1.6998	30.2263	0.000001
700	5 bar	0.70	1.4286	1.6520	30.8212	0.000001
700	7.5 bar	0.88	1.4286	1.6687	31.0209	0.000001
700	10 bar	1.00	1.4286	1.7262	29.7476	0.000001
800	0.1 bar	-1.00	1.2500	1.5723	33.4468	0.000001
800	0.25 bar	-0.60	1.2500	1.6561	32.2995	0.000001
800	0.5 bar	-0.30	1.2500	1.6704	31.8857	0.000001
800	0.75 bar	-0.12	1.2500	1.7063	31.3067	0.000001
800	1 bar	0.00	1.2500	1.6944	31.6937	0.000001
800	2.5 bar	0.40	1.2500	1.7661	30.6422	0.000001
800	5 bar	0.70	1.2500	1.7183	31.3863	0.000001
800	7.5 bar	0.88	1.2500	1.8667	29.9582	0.000001
800	10 bar	1.00	1.2500	1.8667	30.4164	0.000001
900	0.1 bar	-1.00	1.1111	1.4882	35.1458	0.000001
900	0.25 bar	-0.60	1.1111	1.5169	35.4230	0.000001
900	0.5 bar	-0.30	1.1111	1.5552	35.4080	0.000001
900	0.75 bar	-0.12	1.1111	1.5672	35.4766	0.000001
900	1 bar	0.00	1.1111	1.5050	35.1488	0.000001
900	2.5 bar	0.40	1.1111	1.6174	33.7191	0.000001
900	5 bar	0.70	1.1111	1.6127	33.8075	0.000001
900	7.5 bar	0.88	1.1111	1.6222	34.4168	0.000001
900	10 bar	1.00	1.1111	1.6127	34.6165	0.000001
1000	0.1 bar	-1.00	1.0000	1.1974	35.5571	0.000001
1000	0.25 bar	-0.60	1.0000	1.3003	36.0184	0.000001
1000	0.5 bar	-0.30	1.0000	1.2668	33.8903	0.000001
1000	0.75 bar	-0.12	1.0000	1.3291	33.9977	0.000001
1000	1 bar	0.00	1.0000	1.3386	33.6651	0.000001
1000	2.5 bar	0.40	1.0000	1.3841	33.0482	0.000001
1000	5 bar	0.70	1.0000	1.4081	32.7781	0.000001
1000	7.5 bar	0.88	1.0000	1.4033	32.2709	0.000001
1000	10 bar	1.00	1.0000	1.3818	32.2584	0.000001


INDIVIDUAL DATA POINTS (for subplot c): 270 points
--------------------------------------------------
Temp(K)	Pressure	log10(P/1bar)	1000/T(K^-1)	Coverage(atom/nm²)	E_ads(eV)	Folder
----------------------------------------------------------------------------------------------------
500	0.1 bar	-1.00	2.0000	1.9640	27.8175	RMD_Relax_500k_0.1atm
500	0.1 bar	-1.00	2.0000	1.9041	24.1160	RMD_Relax_500k_0.1atm
500	0.1 bar	-1.00	2.0000	1.8921	25.6888	RMD_Relax_500k_0.1atm
500	0.1 bar	-1.00	2.0000	1.7844	27.0416	RMD_Relax_500k_0.1atm
500	0.1 bar	-1.00	2.0000	1.9041	24.4083	RMD_Relax_500k_0.1atm
500	0.25 bar	-0.60	2.0000	2.0239	25.1202	RMD_Relax_500k_0.25atm
500	0.25 bar	-0.60	2.0000	1.8921	25.9135	RMD_Relax_500k_0.25atm
500	0.25 bar	-0.60	2.0000	2.0119	24.7502	RMD_Relax_500k_0.25atm
500	0.25 bar	-0.60	2.0000	2.0239	25.2643	RMD_Relax_500k_0.25atm
500	0.25 bar	-0.60	2.0000	1.8442	26.2267	RMD_Relax_500k_0.25atm
500	0.5 bar	-0.30	2.0000	2.0119	24.9127	RMD_Relax_500k_0.5atm
500	0.5 bar	-0.30	2.0000	2.0478	24.3080	RMD_Relax_500k_0.5atm
500	0.5 bar	-0.30	2.0000	1.9041	25.4323	RMD_Relax_500k_0.5atm
500	0.5 bar	-0.30	2.0000	1.8442	25.7974	RMD_Relax_500k_0.5atm
500	0.5 bar	-0.30	2.0000	1.9879	24.3473	RMD_Relax_500k_0.5atm
500	0.75 bar	-0.12	2.0000	1.9281	25.4102	RMD_Relax_500k_0.75atm
500	0.75 bar	-0.12	2.0000	1.9760	24.6802	RMD_Relax_500k_0.75atm
500	0.75 bar	-0.12	2.0000	2.1197	23.6509	RMD_Relax_500k_0.75atm
500	0.75 bar	-0.12	2.0000	1.9520	24.9429	RMD_Relax_500k_0.75atm
500	0.75 bar	-0.12	2.0000	2.1077	25.4074	RMD_Relax_500k_0.75atm
500	1 bar	0.00	2.0000	1.8083	26.0031	RMD_Relax_500k_1atm
500	1 bar	0.00	2.0000	1.8802	23.6450	RMD_Relax_500k_1atm
500	1 bar	0.00	2.0000	2.1197	26.2046	RMD_Relax_500k_1atm
500	1 bar	0.00	2.0000	2.0718	25.4195	RMD_Relax_500k_1atm
500	1 bar	0.00	2.0000	2.0239	23.4782	RMD_Relax_500k_1atm
500	2.5 bar	0.40	2.0000	1.9161	24.6135	RMD_Relax_500k_2.5atm
500	2.5 bar	0.40	2.0000	1.9161	26.6500	RMD_Relax_500k_2.5atm
500	2.5 bar	0.40	2.0000	1.8083	25.6025	RMD_Relax_500k_2.5atm
500	2.5 bar	0.40	2.0000	1.9520	24.5512	RMD_Relax_500k_2.5atm
500	2.5 bar	0.40	2.0000	2.1197	24.6303	RMD_Relax_500k_2.5atm
500	5 bar	0.70	2.0000	1.8562	25.0960	RMD_Relax_500k_5atm
500	5 bar	0.70	2.0000	2.0718	24.3955	RMD_Relax_500k_5atm
500	5 bar	0.70	2.0000	1.9760	23.5600	RMD_Relax_500k_5atm
500	5 bar	0.70	2.0000	1.9400	23.9002	RMD_Relax_500k_5atm
500	5 bar	0.70	2.0000	1.8442	24.4612	RMD_Relax_500k_5atm
500	7.5 bar	0.88	2.0000	1.8682	25.2743	RMD_Relax_500k_7.5atm
500	7.5 bar	0.88	2.0000	1.9760	23.9393	RMD_Relax_500k_7.5atm
500	7.5 bar	0.88	2.0000	1.9879	24.7910	RMD_Relax_500k_7.5atm
500	7.5 bar	0.88	2.0000	1.8442	25.4322	RMD_Relax_500k_7.5atm
500	7.5 bar	0.88	2.0000	1.9520	24.7322	RMD_Relax_500k_7.5atm
500	10 bar	1.00	2.0000	2.0598	25.0696	RMD_Relax_500k_10atm
500	10 bar	1.00	2.0000	2.0119	23.9444	RMD_Relax_500k_10atm
500	10 bar	1.00	2.0000	1.9879	25.2414	RMD_Relax_500k_10atm
500	10 bar	1.00	2.0000	1.9879	23.6244	RMD_Relax_500k_10atm
500	10 bar	1.00	2.0000	1.9879	24.0048	RMD_Relax_500k_10atm
600	0.1 bar	-1.00	1.6667	1.6770	30.3682	RMD_Relax_600k_0.1atm
600	0.1 bar	-1.00	1.6667	1.6890	31.1834	RMD_Relax_600k_0.1atm
600	0.1 bar	-1.00	1.6667	1.7609	33.0246	RMD_Relax_600k_0.1atm
600	0.1 bar	-1.00	1.6667	1.6650	30.6940	RMD_Relax_600k_0.1atm
600	0.1 bar	-1.00	1.6667	1.8687	32.0008	RMD_Relax_600k_0.1atm
600	0.25 bar	-0.60	1.6667	1.7249	30.1756	RMD_Relax_600k_0.25atm
600	0.25 bar	-0.60	1.6667	1.7249	32.9758	RMD_Relax_600k_0.25atm
600	0.25 bar	-0.60	1.6667	1.8088	31.3416	RMD_Relax_600k_0.25atm
600	0.25 bar	-0.60	1.6667	1.6890	29.7967	RMD_Relax_600k_0.25atm
600	0.25 bar	-0.60	1.6667	1.7489	30.2774	RMD_Relax_600k_0.25atm
600	0.5 bar	-0.30	1.6667	1.7848	29.2232	RMD_Relax_600k_0.5atm
600	0.5 bar	-0.30	1.6667	1.9406	27.9699	RMD_Relax_600k_0.5atm
600	0.5 bar	-0.30	1.6667	2.0004	29.0588	RMD_Relax_600k_0.5atm
600	0.5 bar	-0.30	1.6667	1.7130	28.2065	RMD_Relax_600k_0.5atm
600	0.5 bar	-0.30	1.6667	1.8567	31.1595	RMD_Relax_600k_0.5atm
600	0.75 bar	-0.12	1.6667	1.7249	30.8857	RMD_Relax_600k_0.75atm
600	0.75 bar	-0.12	1.6667	1.7249	30.8010	RMD_Relax_600k_0.75atm
600	0.75 bar	-0.12	1.6667	1.8327	29.0035	RMD_Relax_600k_0.75atm
600	0.75 bar	-0.12	1.6667	1.8447	27.9444	RMD_Relax_600k_0.75atm
600	0.75 bar	-0.12	1.6667	1.8088	30.2131	RMD_Relax_600k_0.75atm
600	1 bar	0.00	1.6667	1.7010	30.3949	RMD_Relax_600k_1atm
600	1 bar	0.00	1.6667	1.8687	29.3788	RMD_Relax_600k_1atm
600	1 bar	0.00	1.6667	1.9166	27.8942	RMD_Relax_600k_1atm
600	1 bar	0.00	1.6667	1.7968	29.8344	RMD_Relax_600k_1atm
600	1 bar	0.00	1.6667	1.7848	28.6349	RMD_Relax_600k_1atm
600	2.5 bar	0.40	1.6667	1.8208	27.7665	RMD_Relax_600k_2.5atm
600	2.5 bar	0.40	1.6667	1.7130	33.9292	RMD_Relax_600k_2.5atm
600	2.5 bar	0.40	1.6667	1.7249	32.3372	RMD_Relax_600k_2.5atm
600	2.5 bar	0.40	1.6667	1.7609	29.2135	RMD_Relax_600k_2.5atm
600	2.5 bar	0.40	1.6667	1.8567	29.3620	RMD_Relax_600k_2.5atm
600	5 bar	0.70	1.6667	1.8926	29.1967	RMD_Relax_600k_5atm
600	5 bar	0.70	1.6667	1.8208	28.7390	RMD_Relax_600k_5atm
600	5 bar	0.70	1.6667	1.9406	28.8721	RMD_Relax_600k_5atm
600	5 bar	0.70	1.6667	1.8567	27.8658	RMD_Relax_600k_5atm
600	5 bar	0.70	1.6667	1.8926	28.4119	RMD_Relax_600k_5atm
600	7.5 bar	0.88	1.6667	1.8926	28.4267	RMD_Relax_600k_7.5atm
600	7.5 bar	0.88	1.6667	1.8926	29.3819	RMD_Relax_600k_7.5atm
600	7.5 bar	0.88	1.6667	1.7728	31.6655	RMD_Relax_600k_7.5atm
600	7.5 bar	0.88	1.6667	1.9046	29.1015	RMD_Relax_600k_7.5atm
600	7.5 bar	0.88	1.6667	1.9166	29.6889	RMD_Relax_600k_7.5atm
600	10 bar	1.00	1.6667	1.8208	30.3925	RMD_Relax_600k_10atm
600	10 bar	1.00	1.6667	1.9765	29.2507	RMD_Relax_600k_10atm
600	10 bar	1.00	1.6667	2.0364	28.6560	RMD_Relax_600k_10atm
600	10 bar	1.00	1.6667	1.9166	29.3943	RMD_Relax_600k_10atm
600	10 bar	1.00	1.6667	2.0124	27.9446	RMD_Relax_600k_10atm
700	0.1 bar	-1.00	1.4286	1.5323	33.6377	RMD_Relax_700k_0.1atm
700	0.1 bar	-1.00	1.4286	1.5562	32.2760	RMD_Relax_700k_0.1atm
700	0.1 bar	-1.00	1.4286	1.5682	31.6222	RMD_Relax_700k_0.1atm
700	0.1 bar	-1.00	1.4286	1.5921	31.8736	RMD_Relax_700k_0.1atm
700	0.1 bar	-1.00	1.4286	1.6041	31.5350	RMD_Relax_700k_0.1atm
700	0.25 bar	-0.60	1.4286	1.5562	31.6279	RMD_Relax_700k_0.25atm
700	0.25 bar	-0.60	1.4286	1.5682	32.0232	RMD_Relax_700k_0.25atm
700	0.25 bar	-0.60	1.4286	1.4724	32.8709	RMD_Relax_700k_0.25atm
700	0.25 bar	-0.60	1.4286	1.5442	30.3868	RMD_Relax_700k_0.25atm
700	0.25 bar	-0.60	1.4286	1.4844	33.3916	RMD_Relax_700k_0.25atm
700	0.5 bar	-0.30	1.4286	1.6400	31.5371	RMD_Relax_700k_0.5atm
700	0.5 bar	-0.30	1.4286	1.6280	29.0062	RMD_Relax_700k_0.5atm
700	0.5 bar	-0.30	1.4286	1.5682	32.7246	RMD_Relax_700k_0.5atm
700	0.5 bar	-0.30	1.4286	1.6041	31.0249	RMD_Relax_700k_0.5atm
700	0.5 bar	-0.30	1.4286	1.5682	30.3618	RMD_Relax_700k_0.5atm
700	0.75 bar	-0.12	1.4286	1.6400	31.9982	RMD_Relax_700k_0.75atm
700	0.75 bar	-0.12	1.4286	1.5682	30.0916	RMD_Relax_700k_0.75atm
700	0.75 bar	-0.12	1.4286	1.6161	31.4460	RMD_Relax_700k_0.75atm
700	0.75 bar	-0.12	1.4286	1.6520	31.3286	RMD_Relax_700k_0.75atm
700	0.75 bar	-0.12	1.4286	1.4485	31.9315	RMD_Relax_700k_0.75atm
700	1 bar	0.00	1.4286	1.6400	30.7053	RMD_Relax_700k_1atm
700	1 bar	0.00	1.4286	1.5442	31.7075	RMD_Relax_700k_1atm
700	1 bar	0.00	1.4286	1.7597	30.4233	RMD_Relax_700k_1atm
700	1 bar	0.00	1.4286	1.4963	32.7275	RMD_Relax_700k_1atm
700	1 bar	0.00	1.4286	1.6400	30.1849	RMD_Relax_700k_1atm
700	2.5 bar	0.40	1.4286	1.7238	28.0092	RMD_Relax_700k_2.5atm
700	2.5 bar	0.40	1.4286	1.7477	31.2276	RMD_Relax_700k_2.5atm
700	2.5 bar	0.40	1.4286	1.6161	32.2491	RMD_Relax_700k_2.5atm
700	2.5 bar	0.40	1.4286	1.6879	30.4311	RMD_Relax_700k_2.5atm
700	2.5 bar	0.40	1.4286	1.7238	29.2147	RMD_Relax_700k_2.5atm
700	5 bar	0.70	1.4286	1.7597	30.5312	RMD_Relax_700k_5atm
700	5 bar	0.70	1.4286	1.6520	30.8390	RMD_Relax_700k_5atm
700	5 bar	0.70	1.4286	1.6280	30.5885	RMD_Relax_700k_5atm
700	5 bar	0.70	1.4286	1.6400	31.5246	RMD_Relax_700k_5atm
700	5 bar	0.70	1.4286	1.5801	30.6227	RMD_Relax_700k_5atm
700	7.5 bar	0.88	1.4286	1.5921	31.3878	RMD_Relax_700k_7.5atm
700	7.5 bar	0.88	1.4286	1.5921	31.6991	RMD_Relax_700k_7.5atm
700	7.5 bar	0.88	1.4286	1.6759	30.6202	RMD_Relax_700k_7.5atm
700	7.5 bar	0.88	1.4286	1.7597	30.5900	RMD_Relax_700k_7.5atm
700	7.5 bar	0.88	1.4286	1.7238	30.8075	RMD_Relax_700k_7.5atm
700	10 bar	1.00	1.4286	1.6639	29.2489	RMD_Relax_700k_10atm
700	10 bar	1.00	1.4286	1.6998	28.7020	RMD_Relax_700k_10atm
700	10 bar	1.00	1.4286	1.7597	29.8713	RMD_Relax_700k_10atm
700	10 bar	1.00	1.4286	1.7358	30.0605	RMD_Relax_700k_10atm
700	10 bar	1.00	1.4286	1.7717	30.8553	RMD_Relax_700k_10atm
800	0.1 bar	-1.00	1.2500	1.4239	34.1256	RMD_Relax_800k_0.1atm
800	0.1 bar	-1.00	1.2500	1.6034	33.7246	RMD_Relax_800k_0.1atm
800	0.1 bar	-1.00	1.2500	1.5795	33.1668	RMD_Relax_800k_0.1atm
800	0.1 bar	-1.00	1.2500	1.6393	32.6434	RMD_Relax_800k_0.1atm
800	0.1 bar	-1.00	1.2500	1.6154	33.5733	RMD_Relax_800k_0.1atm
800	0.25 bar	-0.60	1.2500	1.7350	30.2985	RMD_Relax_800k_0.25atm
800	0.25 bar	-0.60	1.2500	1.6991	31.0016	RMD_Relax_800k_0.25atm
800	0.25 bar	-0.60	1.2500	1.7231	32.3438	RMD_Relax_800k_0.25atm
800	0.25 bar	-0.60	1.2500	1.4479	34.3803	RMD_Relax_800k_0.25atm
800	0.25 bar	-0.60	1.2500	1.6752	33.4736	RMD_Relax_800k_0.25atm
800	0.5 bar	-0.30	1.2500	1.6034	31.6038	RMD_Relax_800k_0.5atm
800	0.5 bar	-0.30	1.2500	1.6154	35.0428	RMD_Relax_800k_0.5atm
800	0.5 bar	-0.30	1.2500	1.7470	31.4577	RMD_Relax_800k_0.5atm
800	0.5 bar	-0.30	1.2500	1.8427	29.6764	RMD_Relax_800k_0.5atm
800	0.5 bar	-0.30	1.2500	1.5436	31.6480	RMD_Relax_800k_0.5atm
800	0.75 bar	-0.12	1.2500	1.7231	30.4640	RMD_Relax_800k_0.75atm
800	0.75 bar	-0.12	1.2500	1.7350	32.5144	RMD_Relax_800k_0.75atm
800	0.75 bar	-0.12	1.2500	1.6752	31.7311	RMD_Relax_800k_0.75atm
800	0.75 bar	-0.12	1.2500	1.7470	29.3453	RMD_Relax_800k_0.75atm
800	0.75 bar	-0.12	1.2500	1.6513	32.4787	RMD_Relax_800k_0.75atm
800	1 bar	0.00	1.2500	1.5077	33.2041	RMD_Relax_800k_1atm
800	1 bar	0.00	1.2500	1.7350	31.3686	RMD_Relax_800k_1atm
800	1 bar	0.00	1.2500	1.7111	32.2927	RMD_Relax_800k_1atm
800	1 bar	0.00	1.2500	1.8068	30.8497	RMD_Relax_800k_1atm
800	1 bar	0.00	1.2500	1.7111	30.7533	RMD_Relax_800k_1atm
800	2.5 bar	0.40	1.2500	1.7231	30.7980	RMD_Relax_800k_2.5atm
800	2.5 bar	0.40	1.2500	1.8188	30.4878	RMD_Relax_800k_2.5atm
800	2.5 bar	0.40	1.2500	1.7949	30.1712	RMD_Relax_800k_2.5atm
800	2.5 bar	0.40	1.2500	1.6752	30.5877	RMD_Relax_800k_2.5atm
800	2.5 bar	0.40	1.2500	1.8188	31.1663	RMD_Relax_800k_2.5atm
800	5 bar	0.70	1.2500	1.7111	31.4727	RMD_Relax_800k_5atm
800	5 bar	0.70	1.2500	1.6991	30.3149	RMD_Relax_800k_5atm
800	5 bar	0.70	1.2500	1.7470	31.1948	RMD_Relax_800k_5atm
800	5 bar	0.70	1.2500	1.6632	32.8016	RMD_Relax_800k_5atm
800	5 bar	0.70	1.2500	1.7709	31.1473	RMD_Relax_800k_5atm
800	7.5 bar	0.88	1.2500	1.9265	28.8601	RMD_Relax_800k_7.5atm
800	7.5 bar	0.88	1.2500	1.7231	32.3766	RMD_Relax_800k_7.5atm
800	7.5 bar	0.88	1.2500	1.8068	28.9262	RMD_Relax_800k_7.5atm
800	7.5 bar	0.88	1.2500	1.8786	30.3239	RMD_Relax_800k_7.5atm
800	7.5 bar	0.88	1.2500	1.9983	29.3042	RMD_Relax_800k_7.5atm
800	10 bar	1.00	1.2500	1.9026	30.0943	RMD_Relax_800k_10atm
800	10 bar	1.00	1.2500	1.7590	30.7465	RMD_Relax_800k_10atm
800	10 bar	1.00	1.2500	1.7590	33.3247	RMD_Relax_800k_10atm
800	10 bar	1.00	1.2500	1.9145	28.4167	RMD_Relax_800k_10atm
800	10 bar	1.00	1.2500	1.9983	29.4998	RMD_Relax_800k_10atm
900	0.1 bar	-1.00	1.1111	1.4236	35.1615	RMD_Relax_900k_0.1atm
900	0.1 bar	-1.00	1.1111	1.4476	35.7959	RMD_Relax_900k_0.1atm
900	0.1 bar	-1.00	1.1111	1.6031	33.6314	RMD_Relax_900k_0.1atm
900	0.1 bar	-1.00	1.1111	1.4476	35.0899	RMD_Relax_900k_0.1atm
900	0.1 bar	-1.00	1.1111	1.5193	36.0501	RMD_Relax_900k_0.1atm
900	0.25 bar	-0.60	1.1111	1.5193	35.4030	RMD_Relax_900k_0.25atm
900	0.25 bar	-0.60	1.1111	1.4835	37.4543	RMD_Relax_900k_0.25atm
900	0.25 bar	-0.60	1.1111	1.5193	35.1686	RMD_Relax_900k_0.25atm
900	0.25 bar	-0.60	1.1111	1.4954	35.1043	RMD_Relax_900k_0.25atm
900	0.25 bar	-0.60	1.1111	1.5672	33.9847	RMD_Relax_900k_0.25atm
900	0.5 bar	-0.30	1.1111	1.5672	37.6438	RMD_Relax_900k_0.5atm
900	0.5 bar	-0.30	1.1111	1.5313	34.6924	RMD_Relax_900k_0.5atm
900	0.5 bar	-0.30	1.1111	1.5911	34.5699	RMD_Relax_900k_0.5atm
900	0.5 bar	-0.30	1.1111	1.6270	34.5354	RMD_Relax_900k_0.5atm
900	0.5 bar	-0.30	1.1111	1.4595	35.5987	RMD_Relax_900k_0.5atm
900	0.75 bar	-0.12	1.1111	1.4715	37.4093	RMD_Relax_900k_0.75atm
900	0.75 bar	-0.12	1.1111	1.6390	34.4177	RMD_Relax_900k_0.75atm
900	0.75 bar	-0.12	1.1111	1.5552	36.5843	RMD_Relax_900k_0.75atm
900	0.75 bar	-0.12	1.1111	1.5672	34.9156	RMD_Relax_900k_0.75atm
900	0.75 bar	-0.12	1.1111	1.6031	34.0561	RMD_Relax_900k_0.75atm
900	1 bar	0.00	1.1111	1.4715	34.1570	RMD_Relax_900k_1atm
900	1 bar	0.00	1.1111	1.4595	35.0787	RMD_Relax_900k_1atm
900	1 bar	0.00	1.1111	1.6031	34.0189	RMD_Relax_900k_1atm
900	1 bar	0.00	1.1111	1.4835	36.1037	RMD_Relax_900k_1atm
900	1 bar	0.00	1.1111	1.5074	36.3856	RMD_Relax_900k_1atm
900	2.5 bar	0.40	1.1111	1.6629	34.2571	RMD_Relax_900k_2.5atm
900	2.5 bar	0.40	1.1111	1.5672	33.8593	RMD_Relax_900k_2.5atm
900	2.5 bar	0.40	1.1111	1.6031	32.4999	RMD_Relax_900k_2.5atm
900	2.5 bar	0.40	1.1111	1.5792	35.2107	RMD_Relax_900k_2.5atm
900	2.5 bar	0.40	1.1111	1.6749	32.7687	RMD_Relax_900k_2.5atm
900	5 bar	0.70	1.1111	1.7227	33.1187	RMD_Relax_900k_5atm
900	5 bar	0.70	1.1111	1.6390	35.4958	RMD_Relax_900k_5atm
900	5 bar	0.70	1.1111	1.5193	33.5009	RMD_Relax_900k_5atm
900	5 bar	0.70	1.1111	1.6270	34.1511	RMD_Relax_900k_5atm
900	5 bar	0.70	1.1111	1.5552	32.7708	RMD_Relax_900k_5atm
900	7.5 bar	0.88	1.1111	1.6150	32.7513	RMD_Relax_900k_7.5atm
900	7.5 bar	0.88	1.1111	1.6031	33.9086	RMD_Relax_900k_7.5atm
900	7.5 bar	0.88	1.1111	1.5552	34.9334	RMD_Relax_900k_7.5atm
900	7.5 bar	0.88	1.1111	1.6390	34.5946	RMD_Relax_900k_7.5atm
900	7.5 bar	0.88	1.1111	1.6988	35.8959	RMD_Relax_900k_7.5atm
900	10 bar	1.00	1.1111	1.5672	35.5239	RMD_Relax_900k_10atm
900	10 bar	1.00	1.1111	1.6509	34.9670	RMD_Relax_900k_10atm
900	10 bar	1.00	1.1111	1.5433	34.5776	RMD_Relax_900k_10atm
900	10 bar	1.00	1.1111	1.7108	33.8709	RMD_Relax_900k_10atm
900	10 bar	1.00	1.1111	1.5911	34.1432	RMD_Relax_900k_10atm
1000	0.1 bar	-1.00	1.0000	1.1255	37.1413	RMD_Relax_1000k_0.1atm
1000	0.1 bar	-1.00	1.0000	1.1495	36.1280	RMD_Relax_1000k_0.1atm
1000	0.1 bar	-1.00	1.0000	1.3291	33.9462	RMD_Relax_1000k_0.1atm
1000	0.1 bar	-1.00	1.0000	1.1255	38.8297	RMD_Relax_1000k_0.1atm
1000	0.1 bar	-1.00	1.0000	1.2572	31.7404	RMD_Relax_1000k_0.1atm
1000	0.25 bar	-0.60	1.0000	1.3889	36.2931	RMD_Relax_1000k_0.25atm
1000	0.25 bar	-0.60	1.0000	1.2692	38.2158	RMD_Relax_1000k_0.25atm
1000	0.25 bar	-0.60	1.0000	1.3530	35.4094	RMD_Relax_1000k_0.25atm
1000	0.25 bar	-0.60	1.0000	1.1974	36.7371	RMD_Relax_1000k_0.25atm
1000	0.25 bar	-0.60	1.0000	1.2931	33.4365	RMD_Relax_1000k_0.25atm
1000	0.5 bar	-0.30	1.0000	1.2333	32.7628	RMD_Relax_1000k_0.5atm
1000	0.5 bar	-0.30	1.0000	1.2453	34.1358	RMD_Relax_1000k_0.5atm
1000	0.5 bar	-0.30	1.0000	1.3530	34.3659	RMD_Relax_1000k_0.5atm
1000	0.5 bar	-0.30	1.0000	1.2692	33.3558	RMD_Relax_1000k_0.5atm
1000	0.5 bar	-0.30	1.0000	1.2333	34.8312	RMD_Relax_1000k_0.5atm
1000	0.75 bar	-0.12	1.0000	1.3770	31.3327	RMD_Relax_1000k_0.75atm
1000	0.75 bar	-0.12	1.0000	1.2572	35.3928	RMD_Relax_1000k_0.75atm
1000	0.75 bar	-0.12	1.0000	1.3171	33.7491	RMD_Relax_1000k_0.75atm
1000	0.75 bar	-0.12	1.0000	1.2572	35.0342	RMD_Relax_1000k_0.75atm
1000	0.75 bar	-0.12	1.0000	1.4368	34.4798	RMD_Relax_1000k_0.75atm
1000	1 bar	0.00	1.0000	1.3530	35.2590	RMD_Relax_1000k_1atm
1000	1 bar	0.00	1.0000	1.4129	32.3346	RMD_Relax_1000k_1atm
1000	1 bar	0.00	1.0000	1.2931	32.3636	RMD_Relax_1000k_1atm
1000	1 bar	0.00	1.0000	1.3051	32.8137	RMD_Relax_1000k_1atm
1000	1 bar	0.00	1.0000	1.3291	35.5547	RMD_Relax_1000k_1atm
1000	2.5 bar	0.40	1.0000	1.3770	34.3214	RMD_Relax_1000k_2.5atm
1000	2.5 bar	0.40	1.0000	1.2812	33.1913	RMD_Relax_1000k_2.5atm
1000	2.5 bar	0.40	1.0000	1.4488	32.2863	RMD_Relax_1000k_2.5atm
1000	2.5 bar	0.40	1.0000	1.3889	33.6510	RMD_Relax_1000k_2.5atm
1000	2.5 bar	0.40	1.0000	1.4249	31.7908	RMD_Relax_1000k_2.5atm
1000	5 bar	0.70	1.0000	1.4847	31.0184	RMD_Relax_1000k_5atm
1000	5 bar	0.70	1.0000	1.2931	33.7408	RMD_Relax_1000k_5atm
1000	5 bar	0.70	1.0000	1.4728	32.1338	RMD_Relax_1000k_5atm
1000	5 bar	0.70	1.0000	1.4129	34.4131	RMD_Relax_1000k_5atm
1000	5 bar	0.70	1.0000	1.3770	32.5847	RMD_Relax_1000k_5atm
1000	7.5 bar	0.88	1.0000	1.5087	33.2492	RMD_Relax_1000k_7.5atm
1000	7.5 bar	0.88	1.0000	1.3291	33.8545	RMD_Relax_1000k_7.5atm
1000	7.5 bar	0.88	1.0000	1.2931	31.7030	RMD_Relax_1000k_7.5atm
1000	7.5 bar	0.88	1.0000	1.4608	31.2023	RMD_Relax_1000k_7.5atm
1000	7.5 bar	0.88	1.0000	1.4249	31.3456	RMD_Relax_1000k_7.5atm
1000	10 bar	1.00	1.0000	1.4488	32.0924	RMD_Relax_1000k_10atm
1000	10 bar	1.00	1.0000	1.3410	32.8070	RMD_Relax_1000k_10atm
1000	10 bar	1.00	1.0000	1.2572	34.9843	RMD_Relax_1000k_10atm
1000	10 bar	1.00	1.0000	1.3770	30.0170	RMD_Relax_1000k_10atm
1000	10 bar	1.00	1.0000	1.4847	31.3915	RMD_Relax_1000k_10atm
