# Si-Si bond lengths (Angstrom)
# Total count: 10800
2.967526
3.297184
3.290453
3.193353
2.957896
3.110911
3.282977
3.163357
3.169964
3.145618
3.091632
3.121419
3.092767
3.291340
2.983543
3.095289
2.938464
3.204545
3.106614
3.140168
3.137151
3.127141
3.259518
3.202930
3.006408
3.024663
3.110272
3.143993
3.044917
3.121989
3.040237
2.951400
3.138537
3.195661
3.261195
2.999216
3.232603
3.278986
3.139497
3.042171
3.024923
3.099014
3.169075
3.060840
3.203707
2.956708
2.754954
3.212569
3.136289
3.073104
3.208379
3.031374
3.069554
3.065812
3.173439
3.136151
3.129430
3.109692
3.137791
3.155449
3.101188
3.082832
2.931506
3.139362
3.130202
3.057088
3.231090
3.211517
3.258423
3.039868
3.110201
3.109223
3.243290
3.227700
3.284911
3.178905
3.042603
3.280175
3.124509
3.166686
3.327110
3.164271
3.022099
3.072003
3.094033
3.152747
3.041446
3.140775
3.187179
3.026097
3.331241
3.176755
3.077485
3.181206
3.154385
2.927002
3.182438
3.002427
3.067685
3.226018
3.219070
3.272214
3.011575
3.042796
3.047365
3.102930
3.163879
3.248020
3.219171
3.196600
3.165440
3.198706
2.976622
3.122324
3.218744
3.039130
3.074880
3.121631
3.161550
2.928326
3.112462
3.217046
3.098052
3.196871
2.983519
3.175131
3.189750
3.149577
3.165301
3.225136
3.167061
3.141942
3.101307
2.905640
3.154799
3.187890
3.248746
3.140258
2.985555
3.040339
3.022571
3.171274
3.241228
3.199670
3.109081
3.125645
3.185134
3.141324
3.113431
3.108412
3.182631
3.200237
3.151494
3.028915
3.132625
2.992665
3.163824
3.144124
2.991133
3.119002
3.313265
3.120250
3.139650
3.062509
3.115295
2.956174
3.187506
3.001400
3.165832
2.878311
3.155920
3.263476
3.100037
3.095238
3.168915
3.156729
3.167803
3.021213
3.109126
3.245614
3.029845
3.116584
3.197273
3.244624
3.085460
3.101936
3.117712
3.186941
3.305461
3.075940
3.221775
3.140700
3.060122
3.148469
3.258201
3.177605
3.096420
3.270466
3.287553
3.018018
3.081057
3.142764
3.137434
3.080468
3.224575
3.193317
3.107255
3.170419
3.193773
2.993742
3.285545
3.079985
3.038007
3.094447
2.902084
3.119624
3.035358
3.211254
3.098327
3.235010
3.089988
3.169396
3.043185
3.142387
3.085356
2.974900
3.121299
3.051870
3.191868
3.203870
3.080227
3.246594
3.024761
3.119050
3.145214
3.085100
3.149529
3.036595
3.230188
2.986724
3.177408
3.105105
2.995381
3.100726
3.193782
3.256986
3.089325
3.043816
3.030748
3.084063
3.213795
3.218807
3.198044
3.030178
3.039104
3.185911
3.088723
3.117595
3.120023
3.059443
3.223394
3.175025
2.995293
3.238037
3.112250
3.156375
3.081947
3.027082
3.150668
3.200867
3.166563
2.978144
3.137222
3.130773
3.083070
3.084176
3.120785
2.946007
3.198067
3.046115
3.044107
3.053758
3.098613
3.145900
3.123794
3.198479
3.097164
3.255227
3.107239
3.016189
3.079516
3.199864
3.055691
3.178379
3.178846
3.217317
3.135665
3.197640
2.868670
3.063666
3.056776
3.088462
3.292385
3.114803
3.272831
3.161446
3.079552
3.145035
3.088298
3.065381
3.112171
3.273380
3.120500
3.167787
2.910235
3.211331
3.166259
3.151225
3.111216
3.067503
3.143504
3.118018
3.250991
3.059537
3.126474
3.135746
3.251352
3.127345
3.169929
3.205353
3.170255
3.118187
3.056294
3.061934
3.085062
3.185837
3.151528
3.193963
3.242249
3.188428
3.080205
3.135377
3.081564
3.320981
3.112444
3.015058
3.275778
3.245199
3.080337
3.122892
3.081891
3.166040
3.283012
3.039954
3.324563
3.144420
3.178903
3.307992
3.133118
3.217057
3.187281
3.199055
3.145217
2.994418
3.083406
3.222716
3.155510
3.029647
3.043752
3.142256
3.113980
3.103461
3.172274
3.116849
3.199880
3.060049
3.217512
3.218534
2.956483
3.141817
3.167528
2.983630
3.249760
3.236921
3.091530
3.138885
3.104465
3.168475
3.117856
3.114631
3.080376
3.287952
3.117836
3.012549
3.078932
3.135101
3.064718
3.139246
3.058544
3.112626
3.217778
3.141996
3.143289
3.000453
3.202650
3.059657
3.213339
3.229760
3.108991
3.086885
2.931595
2.978819
3.175227
3.050293
3.045864
3.126311
3.208962
2.978980
3.128805
3.037886
3.029299
3.135606
3.169871
3.102217
3.030855
3.067837
3.162458
3.061284
3.197303
3.109420
3.103128
3.025280
3.069838
3.083007
3.128700
3.025881
3.171629
3.232019
3.115434
3.006726
3.130076
3.153376
3.028756
3.154335
3.200416
3.199769
3.021953
3.082342
3.140651
3.065661
3.098731
3.266346
3.092394
3.028129
2.978096
3.193144
3.220713
3.124942
3.249597
3.094909
3.202432
3.245631
3.181425
3.119878
3.028975
3.065860
3.142642
3.229484
3.260019
3.223678
3.008028
3.238630
3.082716
3.091804
3.080980
3.094117
3.172774
3.150673
3.090959
3.160947
3.084153
3.012517
3.190154
3.294050
3.092726
3.178100
3.104771
3.119341
3.150162
3.103700
3.051573
3.087371
3.062851
3.190986
3.122253
3.063882
3.215003
3.057934
3.165618
3.202725
3.033430
3.096307
3.271525
3.169462
3.074869
3.227836
3.250708
3.118018
3.325806
3.151897
3.024063
3.149079
2.992165
2.876890
3.172378
3.198069
3.184855
3.227336
3.196179
3.113080
3.301185
3.087195
3.047140
3.031831
3.179193
3.139672
3.186609
3.274290
3.188226
3.236570
3.157213
3.071476
3.200551
3.070294
3.095778
2.927444
3.091886
3.105955
3.194653
3.131355
3.023444
3.196140
3.219549
3.060589
3.116740
3.127650
3.132590
3.190551
3.094586
3.044486
3.116293
3.168274
3.078220
3.038093
3.157481
3.199409
3.160267
3.164780
3.098876
3.129923
2.963658
3.113880
3.123155
3.216746
3.195193
3.270165
3.173192
3.170939
3.185102
3.215078
3.242287
3.027434
3.146419
3.154875
3.020354
3.058950
3.194180
3.148688
3.129930
3.077698
3.049130
3.072032
3.117765
2.987585
3.036574
3.100262
3.097935
3.217324
3.152073
3.063283
3.292466
3.159863
3.098834
3.135655
3.198727
3.239045
3.117518
3.070043
3.275532
3.176718
3.069088
3.218239
3.174220
3.054816
3.032591
3.163407
3.105089
3.089351
3.185061
3.135284
3.056754
3.100596
3.057067
3.113176
3.150853
3.231811
3.197535
3.105553
3.115885
3.018374
3.282677
3.148272
3.024845
2.823441
3.140636
3.057805
3.083637
3.134091
3.145875
3.133892
3.075061
3.133615
3.166009
3.075542
3.049477
3.078578
3.149424
3.196734
3.179320
3.111645
3.047172
2.997181
3.171234
2.959904
3.096141
3.011890
3.186369
3.041792
2.921914
3.193098
3.208834
3.027035
3.108313
3.076548
3.181110
3.077345
3.124274
3.134983
3.111937
2.983983
3.084049
3.152272
3.324764
3.070900
3.084971
3.317772
3.164379
3.239354
3.150918
2.999016
3.089989
3.069582
3.124377
3.128956
3.286476
3.168591
3.084066
3.021654
3.095568
3.141926
3.104047
3.170054
2.745597
3.059372
3.312323
2.934492
3.078366
3.080628
3.256052
2.974240
3.155491
3.098142
3.188402
3.232039
3.140188
3.201808
3.197778
3.258260
3.169204
3.118404
3.183410
3.092041
3.190633
3.089486
3.076740
3.016823
3.069387
3.174329
3.271796
3.103341
3.084274
3.225251
3.034909
3.137465
3.217535
3.287765
3.272761
3.196660
3.172262
3.213320
3.200592
3.166288
3.076921
2.953711
3.058289
3.037359
3.085887
3.074772
3.086702
3.184408
3.119049
3.164595
2.972101
3.245155
3.081987
3.087076
3.070926
3.211377
3.244348
3.013565
3.046027
3.115552
3.067909
3.099578
3.040198
3.098123
3.259965
3.208114
3.316120
3.169308
3.132440
3.178859
3.174202
3.177202
3.015030
3.130039
3.193222
3.228636
2.954296
3.005547
3.145671
3.057330
3.243563
3.084024
3.055220
3.244283
3.079924
3.203917
3.029706
3.136108
3.314500
3.211473
3.271345
3.000022
3.099263
3.135612
3.159546
3.155655
3.172299
2.963715
3.124321
3.193881
3.202686
3.086203
3.154780
3.296173
3.040578
3.145268
3.144462
3.095056
3.061561
3.052946
3.082286
3.116598
3.045941
3.192407
3.225879
2.849410
3.201166
3.095736
3.194255
3.109478
3.051712
3.212738
3.074618
3.136556
3.184838
3.210497
3.071757
3.271605
3.095532
3.217120
3.343278
3.055380
3.143258
3.050947
3.166869
3.156794
2.897950
3.082924
3.048990
3.194358
3.069015
2.981869
3.149656
3.139418
3.012162
3.282009
3.105130
3.238264
3.059608
3.023353
3.169606
3.234613
3.124185
3.176467
3.127597
3.125369
3.018195
3.083032
3.085807
3.208817
3.125742
2.990443
3.273164
3.088831
3.287379
3.252646
3.115392
3.060493
3.179146
3.257236
3.007467
3.236168
3.011074
3.093301
3.252968
3.108268
3.103989
3.274439
3.049754
3.056168
3.011527
3.073169
3.279594
3.328506
3.023519
3.128845
2.989661
3.199450
3.118023
3.312626
3.124288
3.177864
3.052949
3.068781
3.119379
3.129766
2.927345
3.012319
3.083766
3.028352
3.092309
3.094470
3.111526
3.024569
3.213713
3.010736
3.233222
3.055247
3.167498
3.217367
3.206608
3.050688
3.201563
3.119368
3.312591
3.213815
3.049157
3.053393
3.071087
3.242539
3.175299
2.985308
3.009611
3.228338
3.104436
3.070563
3.145174
3.096940
3.003424
2.981565
3.167250
3.132315
3.133844
2.948952
3.093270
3.012503
3.191621
3.039592
3.090566
3.287870
3.072019
3.150860
3.114220
3.312252
3.109803
3.210947
3.115630
2.883736
3.019144
3.171256
3.090024
3.185467
3.323722
3.185777
3.234312
2.953481
3.168769
3.148409
3.071363
3.070238
3.046813
3.194281
3.153700
3.090486
3.171467
3.206061
3.111156
3.225858
3.156925
3.101827
3.122935
3.163883
3.250083
3.063410
3.141255
3.287920
3.130284
2.989395
3.153056
3.155144
3.120399
3.035576
3.132310
2.974714
3.115699
3.192365
3.193333
3.163005
3.100038
3.247650
3.055939
3.212947
3.188006
3.193505
3.101486
3.111990
3.121884
3.122575
3.105629
3.119994
3.011867
3.219585
3.181997
3.265147
3.130142
2.915141
3.441153
2.898934
2.935620
3.095682
3.201757
3.113002
3.211237
3.188243
3.041772
3.177378
3.154337
3.175501
3.158264
3.104324
3.035972
3.162604
3.220313
3.096230
3.094100
3.069577
3.196268
3.209261
3.208357
3.312837
3.139594
3.039050
3.143849
3.207119
3.121281
2.999512
3.083852
2.956512
3.164493
3.157725
3.127691
3.083641
2.995428
3.235322
3.152069
3.109789
3.149056
3.311261
2.981451
3.156283
3.112584
3.143259
3.009849
3.072980
3.165946
3.053259
3.147343
2.924928
3.167481
2.978497
3.325511
3.163541
3.129347
3.157247
3.150332
3.101767
3.059663
3.154121
3.116827
3.220792
3.157802
3.108745
3.128180
3.305829
2.930042
3.131989
3.215509
2.998784
2.937931
3.222693
3.118304
3.026434
3.231794
3.150135
3.280492
3.092187
3.197652
3.001590
3.213711
3.066401
3.150801
3.214813
3.077689
3.118763
3.128431
3.209829
3.196880
3.040411
3.130142
3.152483
3.105588
3.190746
3.051002
3.208523
3.189401
3.018075
3.080949
3.042947
3.057670
3.082202
3.202503
3.182049
3.221724
3.087027
3.011723
3.149681
3.184701
3.003081
3.134345
2.996028
3.308602
3.061019
3.122598
3.088915
3.213902
3.174673
3.087083
3.087328
3.031752
2.992634
3.133000
3.033098
3.151528
3.168256
3.139380
3.296739
3.206951
3.154197
3.268127
3.177389
3.203510
3.123761
3.299967
2.868612
3.142390
3.104538
3.156753
3.254224
3.056330
3.195093
3.007553
3.096816
2.948200
3.209439
3.002646
3.132094
3.144256
3.060700
3.107434
3.201376
3.147415
3.034016
3.255254
3.285978
3.332183
3.033474
3.243527
3.157297
3.186985
2.981526
3.208081
3.122827
2.912606
3.186740
3.144977
3.172827
3.074363
3.106274
3.207747
3.144484
3.151719
3.097170
3.073309
3.033541
3.130628
3.118034
3.033038
3.072530
3.105292
3.024081
3.223639
3.149629
3.100536
3.176127
3.190623
3.079690
2.895639
3.251245
3.178687
3.149970
3.157545
3.063701
3.078562
3.212627
3.102620
3.066568
2.980726
2.991130
2.881334
3.137661
3.004033
3.004597
3.071312
3.113755
3.242186
3.183790
3.176389
3.117181
2.956119
3.039278
3.133582
3.255669
3.134452
3.217784
3.059896
3.134159
3.143068
3.076669
3.065345
3.237261
3.098372
3.119312
3.034448
3.204320
3.055751
3.288744
3.161029
3.072655
3.086192
3.224714
3.195688
3.079202
3.198173
3.220472
2.954912
3.145096
3.121751
3.253794
3.255695
2.969110
3.079140
3.208752
3.103987
3.256028
3.079065
3.213827
3.144556
3.147060
2.999074
3.207389
3.194660
3.238647
3.019307
3.195702
3.218563
3.161655
3.235085
3.113940
3.130995
3.092654
2.987904
3.010289
3.207668
3.166489
3.274536
2.918205
3.138266
3.107469
2.937380
3.140055
3.270430
3.260456
3.243477
3.087980
3.217165
3.177492
3.148904
2.951548
3.150418
3.114411
3.070638
3.051627
3.236156
3.091570
3.278401
3.193055
3.056270
3.006024
3.046256
3.039943
3.130088
3.222181
3.277309
3.051630
3.163384
3.155046
3.248135
3.220883
3.157399
3.186817
2.960577
3.105709
3.189468
3.206801
3.198645
3.128244
3.127854
3.130714
3.215599
3.219286
3.029837
3.046090
3.056919
3.168677
3.187932
3.087586
2.929630
3.198539
3.239080
3.244204
3.276176
2.995595
3.161285
3.245117
3.049016
3.089340
3.121874
3.020463
3.201277
3.050185
3.053914
3.221472
3.041418
3.161606
3.017404
3.103708
2.951204
3.042838
3.102281
3.063558
2.965759
3.316232
3.081608
3.270968
2.925328
3.126716
2.964613
3.225864
3.271889
3.035192
3.180433
3.122395
2.999551
3.147151
3.116317
3.112131
3.157680
3.004125
3.128386
3.111396
3.053132
3.297881
3.090633
3.232214
3.046582
3.105701
3.065639
3.291404
3.145939
3.114331
3.162982
3.153206
3.174253
3.048559
3.255001
3.185743
3.226070
3.089396
3.074063
3.103152
3.037541
3.210247
3.184630
3.191212
3.133757
3.187054
2.808114
3.175711
3.021001
2.885491
3.122144
3.087724
3.133578
3.238603
3.147867
3.018551
3.240089
2.897145
3.024853
3.226091
3.216389
3.017115
3.000954
3.116458
3.145077
3.136407
3.217088
3.299180
3.094674
3.079674
3.299591
3.157649
3.106761
3.189156
3.136778
3.238432
3.210888
3.007866
3.210168
3.010118
3.110520
3.074599
3.219818
3.184848
3.215894
3.105019
3.210201
3.185130
3.219480
3.182830
3.256601
3.210028
3.113006
3.068343
3.047359
3.018847
3.162414
3.171078
3.013177
3.089559
3.263601
2.969579
3.213899
2.984481
3.132382
3.024197
3.109711
3.138389
2.982543
3.004336
3.177872
3.232513
3.140202
3.230588
3.179672
3.243415
3.251001
3.190685
3.153275
3.253227
3.076823
3.055562
2.991137
3.073027
3.131087
3.038161
2.945759
3.132510
3.135373
3.043386
3.171547
3.060867
3.111260
3.160979
3.111148
3.127908
3.116998
3.037149
3.018002
3.052754
3.168272
3.070122
2.984027
3.192534
3.156970
3.131444
3.278735
3.112348
3.156710
3.121980
3.254148
3.268954
3.089848
3.138710
3.258562
3.134675
3.094450
3.054237
3.228043
3.184883
3.157056
3.302133
3.236561
3.197430
3.108171
3.027215
3.166881
2.990705
3.166979
3.175192
3.246261
3.237095
3.161675
3.166613
3.055805
2.971785
3.020660
3.126507
3.115080
3.023772
3.026412
3.024152
3.152719
3.148250
2.949927
3.041165
3.112295
3.111483
3.163175
3.081156
2.943043
3.269698
3.065191
3.165835
3.112014
3.133726
3.250587
3.009337
3.172282
3.105923
3.032849
3.138494
3.254602
2.933611
3.137742
3.107780
3.303944
3.235010
3.011731
3.189178
3.182168
3.208057
2.973369
3.023457
3.095014
3.082368
3.039548
3.120016
3.183787
3.088024
3.267116
3.097088
2.962053
3.008683
3.314185
3.106413
3.129651
2.988788
3.167574
3.239607
3.121578
3.232106
3.268414
3.187109
3.280051
3.123090
3.101098
3.184582
3.011949
3.101469
3.118523
3.215292
3.206348
3.136274
3.149546
3.137161
3.144380
3.037052
3.266566
3.153096
3.296955
3.114199
3.023372
3.148632
3.126981
3.222362
3.093792
3.264641
3.078292
3.154263
3.046420
3.184834
3.065359
3.158795
3.204596
3.169483
3.080981
3.078403
2.959296
3.246222
3.220404
2.965279
3.111917
2.957399
3.210243
3.160064
3.057310
3.220947
3.058300
3.231014
3.045296
3.072441
3.215341
3.115878
3.039419
3.231661
3.083446
3.118126
3.070110
3.132827
3.285000
3.042717
3.135181
3.081746
3.229381
3.230999
3.161999
3.195426
3.228048
3.171053
3.028905
2.985801
3.261516
3.161733
3.175158
3.231106
3.007898
3.226114
3.108539
3.118963
3.152268
3.112247
3.157272
3.167317
2.980573
3.165862
3.093733
3.034823
3.107614
2.995904
3.137416
3.119471
3.118640
3.041343
2.962654
3.212902
3.185142
3.108969
3.135712
3.107467
3.117965
3.047119
3.073202
3.185948
3.151333
2.988032
3.113393
2.939492
3.289906
3.114357
3.318533
2.943922
3.189862
3.184063
3.278833
3.034325
3.114132
3.186623
2.940454
2.884605
3.192623
3.148462
3.061678
3.174036
3.152016
3.074330
3.112075
3.163573
3.215854
3.265657
3.308294
3.084622
3.288211
3.221697
3.068186
3.035817
3.228960
3.102280
3.109897
3.051808
2.987657
3.080898
3.170324
3.244457
3.017187
3.096029
3.113683
3.125175
3.040032
3.136251
3.144474
2.934109
3.107049
2.991055
3.018731
3.264466
3.398632
3.217829
3.114466
3.200207
3.186541
3.044696
3.070629
2.929489
3.164569
3.165404
3.021184
3.186490
3.176110
3.166300
3.121156
3.288414
3.191824
3.172770
3.004124
3.214371
3.237911
3.061855
3.106872
3.186182
3.103235
3.173412
3.107309
3.069949
3.111887
3.145534
2.996639
3.139216
3.325307
2.979080
3.216264
3.160149
3.074443
3.143781
3.171448
3.080396
3.115812
3.087585
3.115309
3.123483
3.136563
3.023074
3.100305
3.158954
3.181885
2.921944
3.143733
3.187029
2.929617
3.068236
3.054873
3.243744
3.042226
3.120118
3.243386
3.160193
3.256663
3.233865
3.012874
3.061914
3.208717
3.051779
3.160097
3.099687
3.183219
3.148854
2.932157
3.192497
3.122588
3.271362
3.080281
3.119124
3.015281
3.022056
3.069582
3.084858
3.223498
3.294402
3.196078
3.132658
3.075009
2.948248
3.145515
3.105241
3.166398
3.167564
3.030859
3.061310
3.129031
3.223021
3.082401
3.058746
3.074011
3.166131
3.033303
3.077824
3.186838
2.901943
3.159753
3.302100
3.022723
3.150169
3.137531
3.216657
3.176477
3.188707
3.168021
3.276799
3.033499
3.249667
3.200776
3.105969
3.187094
3.162051
3.132436
3.167533
3.122462
3.081162
3.214767
3.182009
3.328877
3.071852
2.875655
2.928988
3.102927
3.184330
3.061860
3.053837
3.240771
3.200413
3.239555
3.010898
2.908263
3.009669
3.130239
3.105758
3.248766
3.270748
3.200207
3.123349
3.163964
3.041999
3.179268
3.005333
3.156830
2.943415
3.192925
3.317385
3.050492
3.186427
3.134795
3.187736
3.060974
3.079787
3.017010
3.051740
3.118616
3.053854
2.963259
3.143855
3.035353
3.150333
3.024713
3.068828
3.167671
3.212684
3.178736
3.162985
3.073129
3.245387
3.056722
3.139438
3.162145
3.336814
3.061733
3.206277
3.000173
3.047499
3.159734
3.223462
3.184438
2.994432
3.093842
3.111465
3.078493
3.193183
3.225661
3.094755
3.414892
2.978537
3.145887
3.165227
3.300728
3.201736
3.301607
3.204332
3.061142
3.060355
3.047482
3.128581
2.979480
2.928565
3.171390
3.165517
3.046822
3.360625
2.918738
3.211099
3.274717
3.039530
3.093133
3.182517
3.127918
3.250718
3.122530
2.893451
3.100643
3.142501
3.234978
3.137623
3.184800
3.107282
3.023111
3.088335
3.184526
3.153122
3.076907
3.121816
3.097432
3.198947
3.257319
3.170996
3.123840
3.113440
3.145678
3.146722
3.046234
3.091272
3.054187
3.150369
3.087474
3.045697
3.039995
3.162463
3.084122
3.084134
3.001917
2.842545
3.126649
3.150166
3.194107
3.225655
3.085470
3.149970
3.109887
3.135168
3.285835
3.197134
3.121367
3.164068
3.116335
3.080463
3.219231
3.140317
3.163668
3.221348
2.982540
3.184766
3.097047
2.978879
3.175804
3.278438
3.007091
3.002737
3.214429
3.163300
3.202386
3.327635
3.064807
3.058019
3.155322
3.115976
3.017375
3.232581
3.188958
3.116692
3.040263
3.193435
3.070149
3.184306
3.326154
3.272400
3.010858
3.230471
3.220435
3.174723
3.268118
2.967650
3.242070
3.303310
3.163904
3.133889
3.181563
3.047108
3.164415
3.066463
3.141005
3.157038
3.134766
3.130076
3.244036
3.241453
3.152789
3.033126
3.159662
3.160181
3.229393
3.085071
3.167661
3.200348
3.017669
3.301888
3.030330
3.177727
3.013179
3.166225
2.901520
3.246208
3.162933
3.146352
3.123684
3.105040
3.257939
3.056758
3.179589
3.090569
3.149540
3.077463
3.028710
3.096838
3.021165
3.207523
3.076431
3.155245
2.940702
3.340523
2.981005
3.089814
3.105430
3.206298
3.182481
2.969061
3.134652
3.089523
3.241678
3.056977
3.065927
3.111558
3.354810
3.257935
3.169571
3.172426
3.053877
3.160901
3.013749
3.148316
3.075816
3.130331
3.222951
3.134230
3.084393
3.093897
3.111684
3.160372
3.205591
3.063082
3.175857
3.197727
2.919203
3.076101
3.313799
3.109150
3.061521
3.161469
3.021629
2.998561
3.147561
3.048031
3.248584
3.182789
2.963538
3.002936
3.142720
3.213312
3.376511
3.178807
3.016009
3.073100
3.174881
3.179126
2.975845
3.075884
3.160803
3.120624
3.169362
3.180004
3.201291
3.076717
3.153746
2.931999
3.186285
3.145632
3.028230
3.209879
3.131164
3.205123
3.132782
3.087036
3.170747
3.111954
3.152854
3.152018
3.268973
3.208029
2.904981
3.152302
3.151360
3.119261
3.135161
3.065948
3.064507
3.287204
3.272351
3.010794
2.919347
2.975305
3.200044
3.189709
3.207736
3.094158
3.236098
3.076681
3.116672
3.193497
3.222562
3.040481
3.237143
2.890064
3.036667
3.323425
3.092153
3.077254
3.010431
2.912065
3.217263
3.008992
3.157495
3.187601
3.268291
3.165948
3.184501
3.216980
3.238398
3.030604
3.052758
3.053606
3.233629
3.182303
3.045136
3.046778
3.212004
3.183678
3.065776
3.157591
3.043157
3.134390
3.228547
3.050433
3.229466
3.223305
2.885298
3.206598
3.105595
3.139098
3.033234
3.276854
3.086744
3.111558
3.076218
3.091710
3.096348
2.861561
3.083420
3.154779
3.113104
3.003128
3.051290
3.084395
3.062287
3.005970
3.089522
2.987912
3.151130
3.022437
3.201628
2.897077
3.064231
2.774364
3.178605
3.217915
3.151645
3.216317
3.084442
2.973767
3.146420
3.078159
3.113563
3.209928
3.168027
3.128855
3.120964
3.244612
3.100963
3.220155
3.108470
3.144723
3.087532
3.164140
3.257287
3.080160
3.059876
3.169295
3.151318
3.070773
3.104318
3.149894
3.173749
3.272601
3.164085
3.087453
3.228320
3.306599
3.043912
3.150231
3.010296
3.083502
3.310405
3.214640
3.147189
3.107574
3.098103
3.051471
3.169450
3.227587
3.087819
3.190469
3.024894
3.158762
3.176946
3.079192
3.086212
3.071696
3.223001
3.201770
2.956432
3.287678
3.077550
3.170975
3.243167
3.082697
2.986550
3.233871
3.289513
3.132384
3.140255
3.143858
3.118433
3.120779
3.055999
3.185208
3.059009
3.234102
3.289833
3.142122
3.103868
3.042798
3.225903
3.038475
3.077692
3.198138
3.142600
3.113821
3.044478
3.185236
3.385978
3.153708
3.133140
3.237847
3.123861
3.246284
3.197196
3.134834
3.253891
3.075828
3.080684
3.188561
3.270092
3.107824
3.138925
3.103255
3.065811
3.130485
3.122591
3.248755
3.155649
3.189031
3.058033
3.066092
2.933669
3.090421
3.111115
3.082216
3.168874
3.193521
3.097949
3.194872
3.164666
3.098215
3.178624
3.248213
3.215126
3.129620
3.236082
3.090791
3.055143
2.984514
3.207858
2.957932
3.392263
3.071794
3.374577
3.057768
3.140573
3.020807
2.977717
3.287210
3.125821
2.968583
3.040175
3.165284
3.247671
3.078562
3.131417
3.086705
3.085076
3.316926
3.040233
3.268127
3.289163
3.134077
3.090630
3.106831
2.988624
3.238220
3.156511
3.348698
3.038800
3.108086
3.034607
3.187443
3.281056
3.014453
3.089442
3.223848
3.223842
3.162157
3.179758
3.153107
3.186122
3.214885
3.069766
3.154138
3.136964
3.089076
3.264445
3.209762
3.015489
3.135550
3.131450
3.204783
3.143635
3.140901
3.144873
3.072440
3.158614
3.160196
3.183931
3.167003
3.208612
3.018018
3.265355
3.174524
2.983770
2.908089
3.132640
3.179744
3.319500
3.194823
3.032873
3.093566
3.210884
3.005487
3.092489
3.045085
3.156536
3.069591
3.163822
3.216633
3.095643
3.154778
3.173203
3.087463
3.216302
3.157052
3.141352
3.121290
3.343826
3.194536
3.195518
3.274440
3.006104
3.068289
3.056429
3.037045
3.192036
3.259156
3.026382
3.028694
3.136923
3.034973
3.155921
3.155736
3.138789
3.067494
3.166990
3.141147
3.069515
3.190314
3.040577
3.174458
3.176259
3.094961
2.961308
3.147266
2.946621
2.991237
2.958811
3.192971
3.031716
3.133925
3.111240
3.252467
3.098447
3.195768
3.063434
3.151735
3.013822
2.874132
3.161316
3.172322
3.056065
3.234012
3.114076
3.147034
3.196339
3.067160
3.090436
3.019221
3.064655
3.221356
3.121050
3.257387
3.151929
3.259052
2.987233
3.205779
3.120466
3.051175
3.036875
3.102138
2.977690
3.259612
3.186295
3.096476
3.076334
3.187321
3.181167
3.099471
2.979671
3.279931
2.948093
3.125492
3.178047
3.197662
3.221556
3.078864
3.080046
3.223450
3.247121
3.071683
3.098331
3.173864
3.160565
3.102027
3.159863
3.123119
3.105977
3.189176
3.206075
3.076756
3.113080
3.162547
3.021361
3.162161
3.150251
3.201072
2.997950
3.095666
3.083678
3.119210
2.998255
3.093975
3.099889
3.169208
3.146515
3.163216
3.164470
3.182234
3.073176
3.141061
3.067947
3.230819
2.964992
3.099182
3.143527
3.018311
3.003512
3.070077
3.033608
3.309204
3.262503
2.976985
3.108563
3.089142
3.105520
3.099557
3.051225
3.266414
3.078688
3.165277
3.095314
3.213524
3.247588
3.155573
3.026971
3.220451
3.004466
2.981283
3.053648
3.138218
3.089095
3.171687
3.083375
3.226333
3.076227
3.109212
3.130998
3.223458
3.174981
3.020052
3.145238
3.161065
2.992477
3.109925
3.138401
3.211619
3.070228
3.105083
3.035385
3.099453
3.232528
3.073586
3.173090
3.146543
2.997258
3.144154
3.176778
3.233978
3.092695
3.031725
3.162445
3.083284
3.151793
2.905397
3.046885
3.205776
2.993292
3.085154
2.914884
3.141904
3.140414
3.152416
2.986183
3.133135
3.269572
3.056303
3.013536
3.151315
3.078115
3.141261
3.166998
3.118976
3.133558
3.135759
3.096024
3.336166
3.269939
3.145998
3.118826
3.062295
3.247551
3.125007
3.088722
2.996373
3.141321
3.072238
3.048336
3.204480
2.877902
3.124327
3.215120
3.176266
3.079664
3.126050
3.097527
3.183368
2.978358
3.136254
3.218301
3.158496
3.087491
2.973240
3.150043
2.999030
3.253712
3.165666
2.915781
3.159523
3.193717
3.073033
3.155220
3.142553
3.098264
3.160942
2.914368
3.161143
3.091605
3.294095
3.125078
3.229764
3.253754
3.158051
3.157261
3.168644
3.167183
3.157338
3.203103
3.014707
3.095687
3.053434
3.165669
2.982310
3.239175
3.128536
3.022837
2.976622
3.199249
3.081999
3.079380
3.140616
3.081414
3.110991
3.098852
3.100857
3.231087
3.230053
2.996888
3.212392
3.163315
3.192627
3.120663
3.028593
3.315188
2.980236
3.272048
3.187159
3.142727
2.981682
3.098555
3.178442
3.065228
3.122877
3.203708
3.263650
3.210323
3.000681
3.178919
3.204964
3.177306
2.996064
3.073705
3.286851
2.950178
3.129892
3.241075
3.150817
3.044433
3.208171
3.137737
3.106824
3.184742
3.199493
3.232686
3.149497
3.088738
2.990598
3.236023
3.135990
3.132343
3.113745
3.105313
3.031052
3.138337
3.136282
3.166463
2.993542
3.205577
3.181120
3.128157
3.049198
3.284845
2.916690
3.254923
3.077042
3.208877
3.150964
3.145775
3.072053
3.075240
3.050738
3.192841
3.035867
3.066399
3.100662
2.960610
2.998478
3.088635
3.087213
3.233278
3.144234
3.231571
3.044118
3.258078
3.203420
3.228724
3.257314
3.183896
3.208873
3.100504
3.274964
3.136687
3.132056
3.136165
3.269727
3.227075
3.130526
3.020549
3.191919
2.990073
3.200904
3.105175
3.196563
3.219395
3.089808
3.123635
3.080439
3.182728
3.146385
3.202554
3.150936
3.082880
2.956309
3.149222
3.126802
3.081231
3.221348
3.063967
3.162220
3.065950
3.072419
3.177024
3.003537
3.184758
3.075216
3.255884
3.160208
3.168474
3.162645
3.133775
3.092303
3.234664
3.120038
3.189907
3.221460
3.309924
3.144236
3.282837
3.211503
2.987485
3.173914
3.211836
3.134291
3.113701
3.126590
3.338028
3.282559
3.174517
3.206691
3.099672
3.147288
3.152298
3.090951
3.101487
3.249536
3.182097
3.188700
3.270899
3.128275
3.182157
3.083177
3.152774
3.015341
3.081024
2.998193
3.055279
3.266164
3.049164
3.061434
3.104769
3.178242
3.173130
3.226486
3.066606
3.078264
3.199407
3.117994
3.145300
3.102786
3.078880
3.188877
2.976952
3.124667
3.169357
3.106182
3.038945
2.953100
3.033279
3.138227
3.177800
3.119450
3.252869
3.043138
3.130056
3.263150
3.141672
3.220977
3.214106
3.089997
3.173674
3.049504
3.040968
3.224954
3.073981
3.219082
3.108670
3.193968
3.094967
3.096315
2.925281
3.290490
3.067368
3.118097
3.421055
3.035750
3.112341
3.231567
3.036289
3.112233
3.120800
3.026318
3.140047
3.069612
3.071078
3.193172
3.119502
3.151994
3.301369
3.075052
3.152475
3.126474
3.150505
3.073466
3.169677
3.105965
3.131603
3.186380
3.155293
3.101127
3.230732
3.169614
3.156968
3.003230
3.055952
3.139505
2.936583
3.096949
3.225922
3.200654
3.065300
3.205842
3.190401
3.272926
2.881056
3.190854
3.103381
3.081756
3.020995
3.179249
3.093236
3.035021
3.149756
3.207039
2.969483
3.100516
3.003459
3.216529
3.197365
3.311527
3.237797
3.130610
3.017493
2.986795
3.194760
2.958852
3.081632
3.104301
2.908551
3.154170
3.062834
3.019575
3.170053
3.050064
3.071698
3.040311
3.220107
3.161169
3.097147
3.214988
3.076295
3.115645
3.087322
3.096931
2.998636
3.053453
3.148581
3.077981
2.993633
3.124071
3.081650
3.119293
3.064653
3.163835
3.120402
2.954345
3.053291
3.130373
3.241530
3.097660
3.161980
3.089084
3.178240
3.294366
3.091869
3.039454
3.085569
3.068081
3.208212
3.026870
2.954064
3.221365
3.039422
3.109519
3.107443
3.245978
3.104257
3.230326
3.123423
3.068947
3.105360
3.143381
3.132262
3.135625
3.043740
3.228025
3.155654
3.023359
3.139119
3.161616
3.175007
3.044522
3.185652
3.065847
3.058700
3.050561
3.214226
3.077736
3.275911
3.153142
3.226217
3.219481
3.126990
3.191635
3.099266
3.018337
3.149356
3.040259
3.158111
3.084969
3.000089
2.956579
3.220746
3.096502
2.956487
3.114737
3.050673
3.149383
3.213492
3.198340
3.134587
3.142584
3.314314
2.907992
2.965115
3.101258
3.057045
3.144687
2.932752
3.116678
3.080849
3.075184
3.227557
2.914984
3.107457
3.107777
3.126419
3.284118
3.199944
3.123947
3.244105
3.256155
3.042129
3.080078
3.108533
3.130619
3.127401
2.862711
3.183695
3.058632
3.117752
3.069178
3.048255
3.252599
3.170408
3.199338
3.095402
3.010606
3.125868
3.193806
2.935633
3.218545
3.156718
3.201403
3.212668
3.118781
3.138834
3.064736
3.215773
3.140960
2.970873
2.928145
3.188577
2.987312
3.073901
3.399086
3.125893
3.343492
3.252967
3.145848
3.206779
3.077793
3.121653
3.113351
3.050678
3.221177
2.929260
3.175388
3.086245
3.151273
3.132685
3.090588
3.114409
3.078605
3.175349
2.997351
3.272639
3.242297
3.220628
3.079043
3.172244
3.130788
3.016624
3.140320
3.144706
3.190565
3.178315
3.083749
3.027821
3.252816
3.027322
3.139397
3.077521
3.045107
3.176292
3.177090
3.210664
2.993408
3.097544
3.110778
3.201174
3.228218
2.903496
3.395506
3.038273
3.264946
3.245007
2.929896
3.193259
3.234247
3.253340
3.044908
3.158786
3.260188
3.022546
3.241061
3.028634
3.067248
3.225106
3.174852
3.062633
3.271603
3.087781
3.091311
3.152081
3.195618
3.324268
3.159000
3.134170
3.094791
3.247508
3.037163
3.209501
3.081732
3.103875
3.175387
3.166435
3.050629
3.147616
3.028387
3.103635
3.170771
3.046280
3.012588
3.117744
3.187654
3.238116
3.025283
3.218920
3.307392
3.188556
3.243166
3.157931
3.032930
3.226805
3.200224
3.252753
3.061987
3.104838
3.042539
3.156287
3.228372
3.085484
3.218461
3.067225
3.114006
3.225255
3.250374
3.208871
3.231919
3.168334
3.019618
3.242638
3.245270
3.136306
3.164283
3.180245
3.159098
3.197962
3.097689
3.260587
3.074741
3.184905
3.171163
3.131020
3.075606
3.201838
3.154407
3.128676
3.050882
3.147747
2.957057
3.073155
3.018065
3.147123
3.074182
3.020680
3.183449
3.118189
3.165433
2.992242
3.226039
3.210444
3.054919
3.160805
3.106379
3.057810
3.072702
3.029208
3.055455
3.054701
3.184594
3.090727
3.171917
3.128110
3.151536
3.178649
3.138611
3.125835
3.155927
3.107965
3.180429
3.185463
3.162323
3.241862
3.132282
2.997901
3.003216
3.197742
3.178862
3.052048
3.209980
3.148523
3.158585
3.222219
3.132634
3.141238
3.067598
3.324318
3.031429
3.141220
3.158142
3.101006
3.155497
3.139368
3.229499
3.105488
3.160760
3.052520
3.276538
3.179286
2.956954
2.988662
3.227620
3.227921
3.240095
3.151709
3.205279
3.216636
3.223199
3.115500
3.340290
3.095607
3.100417
3.304731
3.223931
2.903220
3.148749
3.045738
3.043324
3.136221
3.082520
3.253620
3.047543
2.993642
3.019221
3.022062
3.131005
3.106147
3.016576
3.190739
3.114452
3.275299
3.174070
3.083979
3.160363
3.142273
3.119089
3.160513
3.044754
3.077309
3.152354
3.093974
3.158308
3.091107
3.102586
3.134223
3.086934
3.048737
3.124920
3.101056
2.980635
3.143919
3.015286
3.057441
3.171593
3.162669
3.214720
3.236495
3.286007
3.133899
3.178599
3.020435
3.134069
3.162969
3.255969
3.192104
2.987742
3.032479
3.276927
3.109822
3.088142
2.973781
3.124783
3.126753
3.216701
3.206150
3.122931
3.255176
3.164009
3.081562
3.113994
3.062382
3.018284
3.092829
3.198811
3.080695
3.238802
2.989031
3.086165
3.050798
2.980988
2.913761
3.211397
3.031268
3.078629
3.072188
3.083195
3.156112
3.108308
3.137897
3.181466
3.038965
3.228466
3.214529
3.042963
3.241923
3.214490
2.995229
3.153033
3.115698
3.192217
2.985044
3.217285
3.168378
3.129518
3.070168
3.116569
3.137844
3.053086
3.229167
3.215304
3.047005
3.099207
3.253000
3.102923
3.198447
3.150828
3.197917
2.990938
3.135935
3.106471
3.081121
3.246590
3.133154
3.109976
3.128906
3.132891
3.185431
3.257826
2.971619
3.175693
2.965937
3.107012
3.011726
3.250821
3.058166
3.118683
3.171821
3.240664
3.095244
3.040845
3.131619
3.189790
3.029484
3.271819
3.121286
3.153147
3.180600
2.999468
3.201575
3.146231
3.111077
3.150052
3.195055
3.034104
3.170759
3.202826
3.133907
3.148449
3.221185
2.846285
3.213141
3.102379
3.184250
3.037355
3.208064
3.056075
2.970416
3.203265
3.282358
3.073877
3.188747
2.873223
3.127871
3.218840
3.113758
3.069912
3.286962
3.049010
3.147735
3.095422
3.183510
3.102621
3.219762
3.161304
3.040648
3.204755
3.126381
3.169056
3.076309
3.133215
3.097743
3.075273
3.016142
3.176370
3.035776
3.029558
2.895006
3.027704
3.015700
3.101084
3.307037
3.221831
2.954365
3.037353
3.116899
3.177411
3.288184
3.221826
3.265810
3.096815
3.197023
3.267169
3.127217
3.169224
3.020892
3.192959
3.219163
3.124599
3.135838
3.230458
3.153114
3.123558
3.139277
3.132536
3.170268
3.160681
2.989016
3.035825
3.240183
3.193738
2.947479
3.084382
3.021575
3.097070
3.337278
3.104519
3.211886
3.058483
3.125185
3.292032
2.992345
3.022509
3.099607
3.136286
3.141676
3.203433
3.040104
3.139254
2.807057
3.063376
3.185119
3.045393
3.345520
2.962168
3.172257
3.312749
3.041854
3.135033
3.100906
3.254415
3.247713
2.957909
3.198134
3.069233
3.198389
3.079628
3.266844
2.861856
3.150063
3.160138
3.176492
3.104225
3.323687
3.083028
3.032534
3.149855
3.186549
3.164824
3.254588
3.194002
3.140903
3.150923
3.087895
3.098990
3.285250
3.094107
3.018397
3.288948
3.040568
3.037586
3.121213
3.192198
3.188152
3.169853
3.159876
3.309116
3.099224
3.090029
3.249939
3.273014
3.025197
3.088631
3.130447
3.201802
3.020988
3.153730
3.008347
3.150276
3.143604
3.114184
3.165032
3.074322
3.205466
3.291794
3.110380
3.138796
3.125568
3.141345
3.189564
3.134207
3.190078
3.297473
3.002366
3.191411
3.209572
3.135718
3.067810
3.137238
2.997415
3.218458
3.041442
3.058898
3.090473
3.194738
3.111490
3.084630
3.243010
3.095248
3.167886
3.143327
3.212779
3.122252
3.212785
3.252457
3.178317
2.962710
3.227520
3.103897
3.069869
3.160976
2.790054
3.179047
3.226336
3.256620
3.216633
3.072087
3.216564
3.123363
3.279109
3.309023
3.078295
3.121448
3.188422
2.983683
3.102970
3.079228
3.154631
3.127626
3.261214
3.119438
3.143027
3.118715
3.301255
3.168157
3.199060
3.277130
2.948059
3.201162
3.135854
3.093332
3.201462
3.032469
3.083160
3.144876
3.283229
3.057408
3.059631
3.156375
3.162580
3.094170
3.010794
3.152796
3.078177
3.041287
3.147108
3.075790
3.167723
3.130590
2.993114
3.224159
3.077517
3.122491
3.095690
3.159504
3.199683
3.079912
3.054108
3.209233
3.096042
3.129981
3.128959
3.161825
3.273465
3.119694
3.223479
3.106830
3.071457
3.104312
3.092071
3.171542
2.872102
3.041328
3.198407
3.124574
3.126959
3.204307
3.051748
3.091298
3.209495
3.263494
3.059079
3.237334
3.213851
3.114367
3.071125
3.201546
3.106804
3.005053
3.111525
3.217978
3.260751
3.159741
3.145995
3.222260
3.121555
3.173244
2.993889
3.019063
3.238281
3.136931
3.023377
3.064613
3.031020
3.100150
3.247338
3.151489
3.031018
3.119893
3.115866
3.155718
3.170422
3.095486
3.071110
3.058171
3.115075
3.215133
3.111164
3.154470
3.110858
3.171097
3.145402
3.097576
3.079818
3.244282
3.026787
3.128951
3.056161
2.908337
3.217202
3.010845
3.116257
3.009926
3.159593
3.150181
3.252923
3.174361
3.093313
3.201568
3.138330
3.142810
3.132010
3.056069
3.227314
3.156685
3.228798
3.097924
2.976608
3.188010
3.107145
3.170219
3.071311
3.059412
3.133111
3.226964
3.092701
3.004269
3.072305
3.256755
3.144246
3.140181
3.188328
3.191922
3.036662
3.095096
3.025830
3.058863
3.128853
3.018901
3.279780
3.272740
3.184384
3.138954
3.143246
3.158710
3.136607
3.032668
3.068255
3.097822
3.277225
3.094896
3.264916
3.061839
3.223346
3.058457
3.304774
3.188795
2.996955
3.105737
3.139413
3.191470
3.141981
3.137644
3.022181
3.251176
3.076243
2.887860
3.017840
3.271972
3.096308
3.183591
2.991583
3.209003
3.144911
3.167733
3.008934
3.161088
2.995114
3.200778
3.041939
2.980916
3.080817
3.131688
3.103249
3.173889
3.176857
3.154018
3.232832
2.962996
3.054441
3.259577
3.167137
3.188831
3.089301
3.134800
3.135265
3.052909
3.213580
3.089507
3.143846
2.986977
3.121909
3.195150
3.114777
3.045545
3.072749
3.209454
3.004349
3.196070
3.197456
3.140870
3.180970
3.257209
3.016326
3.114953
3.233572
3.122415
3.153945
3.053885
3.164468
2.919663
3.230635
3.131275
3.064191
3.149283
3.105513
3.001439
3.296029
2.978516
3.124860
3.095938
2.944045
3.132955
3.040426
3.111397
3.065586
2.943513
2.955286
3.165238
3.138394
3.071300
3.235282
3.179855
3.180843
3.386814
3.072225
3.185990
3.065222
3.125554
3.259515
3.083633
3.161090
3.120149
3.138607
3.100581
3.136843
3.166488
3.180435
3.134067
3.069495
3.143453
3.088820
3.096750
2.980056
3.050788
3.050141
3.273528
3.181395
2.996337
3.192346
3.040001
2.953805
3.126452
3.241111
2.996654
3.215426
3.042591
3.078750
3.281709
3.093963
3.270031
3.275344
3.138041
3.212941
3.079375
3.081859
3.323243
3.152665
2.968658
3.035544
3.147024
3.251977
3.267377
3.184510
3.240066
3.114896
3.018146
3.152160
3.010507
3.165593
3.226724
3.245400
3.040675
3.028525
3.172243
3.315252
3.145059
3.182907
3.110850
3.168064
3.317558
3.204444
3.065556
3.153337
2.930658
3.147871
3.099880
3.018093
3.033997
3.027393
3.213155
2.997460
3.039742
3.189861
3.131333
3.148604
3.005448
3.240062
3.172108
3.100058
3.142577
3.038449
3.016583
3.208452
3.254390
3.026281
3.004897
3.164297
3.092472
3.112649
3.153052
3.115035
3.094384
3.075853
3.069356
3.208156
3.149138
3.216423
3.256012
3.188289
3.191955
3.220528
3.034899
3.084211
3.142994
3.275256
3.118900
3.180976
3.053152
3.194963
2.981187
3.078880
3.288757
2.951925
3.150540
3.273978
3.223201
3.166437
3.227786
3.094861
3.127310
3.004721
3.146693
2.887225
3.190556
3.159652
3.281663
3.073317
3.134942
3.052062
3.160523
3.174103
3.164194
3.146930
3.097491
3.005202
3.165939
3.147373
3.170816
3.164700
3.064339
3.144240
3.011425
3.077491
3.080095
3.047099
3.144167
3.219029
3.156556
2.987005
3.141095
3.118614
3.043887
3.190559
3.211017
3.121305
3.067306
3.034704
3.080685
3.130441
3.063551
3.230510
3.084430
3.250995
3.132606
2.929239
3.149120
3.105274
3.151173
3.195996
3.108384
2.987911
3.033496
3.214475
3.292041
3.108733
3.110747
3.067310
3.184988
3.076446
3.310734
3.159223
3.213191
3.228256
3.061468
3.189180
3.116189
3.095896
3.183306
3.317125
3.224099
3.097925
3.121169
3.150796
3.118318
3.128820
3.198713
3.006039
3.259787
3.200128
3.156683
3.011500
2.799281
3.245074
3.144985
3.226346
3.061163
3.029379
3.030158
3.226282
3.177108
3.209344
2.946168
3.284660
3.085270
3.066375
3.094068
3.225410
3.110552
3.157135
3.064560
3.153524
3.177821
3.133092
3.121178
3.079128
3.092995
3.178654
3.077513
3.071031
3.221814
3.219709
3.066833
3.145904
3.254715
3.050669
3.100883
3.129279
3.227997
3.238956
3.139761
3.275838
3.067239
3.184423
3.103409
3.039094
3.080548
3.061362
2.989721
3.236707
3.279599
3.180282
3.156269
2.994732
3.113469
3.152464
3.031618
3.077743
3.247451
2.929764
3.131285
3.175813
3.176815
3.215278
3.146900
3.177509
3.144704
3.190694
3.055207
3.115420
3.166137
3.144755
3.177393
3.093819
3.162433
3.114215
3.266210
3.089146
3.035914
3.139790
2.942956
3.176376
3.122088
3.046740
3.250126
3.026943
3.162682
3.167683
3.082272
3.249161
3.158722
3.293898
2.999818
3.149815
3.101190
3.251160
2.890324
3.064514
3.180316
3.270074
3.020463
3.065230
3.257374
3.064539
3.176167
3.102812
3.102378
3.162914
3.107181
3.106818
3.095937
3.030139
2.954419
3.221095
2.946773
3.158724
3.061528
3.195294
3.158428
3.137348
3.092793
3.064914
3.119384
3.189828
3.229898
3.174392
3.209382
2.922541
3.239781
3.045176
3.132074
3.188189
3.161256
3.159492
3.103070
3.111722
3.108212
3.093337
3.278886
3.097609
3.026664
3.273194
3.134405
3.099344
3.250484
3.144355
3.151527
3.080502
3.117510
3.151236
3.051777
3.137324
3.176249
2.954692
3.110129
3.095104
3.139628
3.049427
3.340712
3.139094
3.174247
3.226188
3.021762
3.098863
3.238358
3.321632
3.184150
3.251259
3.140975
3.035423
3.096175
3.228848
3.080216
3.085183
3.020038
3.195732
3.208856
3.114678
3.214165
3.110879
2.910579
3.120066
3.124672
3.044850
3.255064
3.023296
3.237569
3.035752
3.031109
2.960051
3.285754
3.251088
3.099129
3.060295
3.134458
3.174321
3.010998
3.119912
3.093342
3.103410
2.846653
3.207740
3.202584
3.204409
3.038771
3.185202
3.348006
3.097101
3.207500
2.869780
3.248085
3.133296
3.161534
3.121697
3.100949
3.038279
3.186077
3.120310
3.148025
3.042434
3.251002
3.081258
3.131837
3.292124
3.228491
3.124992
3.146068
3.204625
3.219913
3.151227
3.053628
3.085364
3.217440
3.437703
3.014612
2.945782
3.178859
3.234409
3.013024
3.133318
3.155406
3.077802
3.185483
3.000451
3.175582
3.034694
3.120802
3.357649
3.240956
3.148577
3.170472
3.018487
3.326686
3.106128
2.931670
3.203691
2.993897
2.964999
3.120120
3.170835
3.124767
2.938935
3.164274
3.145201
3.103545
3.197393
3.212631
3.142012
3.198031
3.230752
3.206369
3.207644
3.096399
3.153710
3.155117
3.064649
3.113511
3.101265
3.087165
3.130442
3.158544
3.284844
3.038252
3.084307
3.255204
3.237392
2.945410
3.133943
3.079696
3.148200
3.118743
3.009957
3.263498
3.077359
3.223324
3.072422
3.210134
2.956135
3.087191
3.033628
3.201199
3.196334
3.168187
3.088582
3.189420
3.084174
3.122530
3.149271
3.112129
3.125295
2.888906
3.143784
3.065235
3.243910
3.138949
3.061042
3.250635
3.148762
3.350543
3.103738
3.191185
3.183009
2.974308
3.017934
3.106023
3.165977
3.224218
3.258813
3.044373
3.120711
2.982667
3.070924
3.121907
3.064651
2.837181
3.187270
3.127881
3.116079
3.181708
3.230312
3.190278
3.026152
3.093560
3.079954
2.995951
3.151887
3.274155
3.167898
3.174149
3.000969
3.062198
3.112628
3.132992
3.135041
3.109642
3.085023
3.052293
3.230260
3.093282
3.110259
3.130120
3.113552
2.981363
3.131719
3.296901
3.235350
3.165438
3.070296
3.274613
3.176537
3.253592
2.955277
2.936034
3.240935
3.023835
3.189490
3.222200
3.094096
3.200656
3.170881
3.078632
3.044929
2.953847
3.114338
3.165615
3.110624
3.108136
3.243619
3.135789
3.060786
3.076001
3.072183
3.098505
3.111729
3.266495
3.028351
3.194871
3.054163
3.062194
3.200304
3.153067
3.064715
3.281672
3.157747
3.186659
3.045201
3.123500
3.304318
3.227084
3.148910
3.151311
3.278670
3.046866
3.199556
3.124706
3.149823
3.115787
2.975605
3.210760
3.140718
3.069085
3.106346
3.109498
3.080731
3.199481
3.006334
3.242838
3.310320
3.090295
2.993961
3.053961
3.124623
3.244739
3.159590
3.128087
2.862446
3.127804
3.111986
3.147782
3.134689
3.211056
3.045433
3.102347
3.160428
3.059371
3.178231
3.277251
3.038639
3.155648
3.176328
3.037254
3.072584
3.133089
3.167942
3.097921
3.107771
3.075589
3.142362
3.043497
3.266933
2.981029
3.096921
3.372758
3.076018
3.099852
3.026046
3.129756
3.234413
3.019364
3.327143
3.162123
3.220082
2.953557
3.053352
3.102459
3.167316
3.064466
3.003387
3.280338
2.962131
3.028182
3.124141
3.127425
3.207097
3.110924
3.119348
3.100132
3.090637
3.182832
3.075617
3.084562
3.180392
3.177663
3.177266
3.120602
3.018531
3.309232
3.190358
3.085607
3.108069
3.180672
3.084303
2.967215
3.036388
3.335611
3.132235
3.190787
3.080809
3.219318
3.285593
3.189020
3.039872
3.238429
3.028330
3.123561
3.177959
3.065435
3.242141
3.147906
2.978993
3.083039
2.985820
3.102011
3.056413
3.186745
3.139471
3.244415
3.174614
3.164362
3.291443
3.003723
3.144416
3.259484
2.999113
3.089783
3.084377
3.113387
3.086292
3.229399
3.020635
3.047098
3.060073
3.085743
2.940410
2.966373
3.208386
3.151340
3.247202
3.233170
3.070793
3.136578
3.050681
3.007202
3.191527
3.149429
3.249964
3.056970
2.982955
3.202026
3.132575
3.265896
2.997494
3.137180
3.049991
3.023164
3.123236
3.144201
3.266451
3.266570
3.162638
3.190835
3.213109
3.215197
3.111730
3.175830
3.293921
3.105281
3.049699
3.215839
3.058710
3.105095
3.144148
3.103763
3.259430
3.210011
3.203240
3.080395
2.825236
3.203040
3.157575
3.291654
3.172906
3.115083
3.048241
3.244026
3.112307
3.104151
3.172568
3.136211
3.239275
3.138534
3.082586
3.046838
3.125901
3.226876
3.184083
2.936171
3.177196
3.162816
2.992572
3.021114
3.129273
3.140898
3.136571
3.306799
3.029970
3.152092
3.140955
3.217591
3.060520
3.045026
3.020075
3.067927
3.214673
3.276021
3.073752
3.128594
3.088470
3.091547
3.049127
3.251498
3.119313
3.105065
3.331189
3.068254
3.242313
3.108073
3.172893
3.140706
3.284157
3.248951
3.155303
3.183245
3.174018
2.959872
3.175612
3.052652
3.188907
3.075609
3.268710
3.030746
3.134007
3.190282
3.158166
3.224276
3.101105
3.283964
3.207954
3.095629
3.076480
3.127610
3.211767
3.180551
3.060389
3.065651
3.157076
3.200078
3.103612
3.227770
3.018230
3.092263
3.144559
3.252480
3.064614
3.148268
3.196083
3.177319
3.254513
3.126425
3.218817
3.137451
3.139957
3.205334
3.163580
3.172159
3.117366
3.218743
3.092637
3.251454
3.165479
3.163676
3.272102
3.210460
3.172081
3.139491
2.955324
3.206293
3.147015
3.085968
3.005549
3.156870
3.085433
3.133061
3.289870
3.023341
3.075164
2.995314
3.127149
3.124441
3.120134
3.173852
3.322286
3.255342
3.122163
3.217465
3.090703
3.025733
3.248331
3.088684
3.224845
3.058800
2.846817
3.149635
3.287474
3.063106
3.183936
3.099784
2.945077
2.989126
3.221249
3.237103
3.005098
3.191728
3.136780
3.094307
3.194864
3.230745
3.269467
3.060061
3.193021
2.976971
3.221661
3.081846
3.005093
3.024938
3.106166
3.164975
3.151596
3.004130
2.983343
3.233949
3.154506
3.265905
2.959783
3.119920
3.079034
2.880798
3.130778
3.069364
3.233177
3.059218
2.996284
3.067632
3.192862
3.137764
3.143233
3.146745
3.168577
3.221561
3.088205
3.135764
3.180311
3.064982
2.931374
3.076037
3.249848
3.148166
3.041732
2.990032
3.143776
3.146892
3.224111
3.214257
3.077497
2.954633
3.184176
3.037090
3.074272
3.169417
3.051647
3.081436
3.219144
3.143909
3.130338
3.128987
3.253728
3.082459
2.983454
3.163091
3.147936
3.127741
3.215453
3.035082
3.183972
3.070766
3.057445
3.123547
3.089676
3.143540
3.091267
3.056882
3.151185
3.111485
3.060652
2.992362
3.083528
3.155109
3.173329
3.241855
3.096578
2.958774
3.092333
3.215394
3.097803
3.212378
3.146784
3.114104
3.117133
3.225071
3.163157
3.310473
3.173572
3.182969
3.070420
3.145341
3.108155
3.117271
2.846475
3.214524
3.124276
2.956197
3.136948
3.180752
3.078603
3.173653
3.005238
3.089659
3.077976
3.096864
3.052851
2.960819
3.224062
3.011899
3.049628
3.151235
2.961257
3.169511
3.097123
3.114093
3.217238
3.216675
3.037561
3.112343
3.141060
3.140600
3.075128
3.136652
3.139468
3.203761
3.159676
3.154004
2.974986
3.109227
3.198804
3.025338
3.144788
3.317120
3.007763
2.977019
3.161691
3.179488
2.995975
3.140202
3.139485
3.139308
3.190559
3.267396
3.220344
3.109324
3.117532
3.079280
3.143942
3.175848
3.074118
3.221738
3.189193
3.067937
3.148847
3.046766
3.078178
3.018672
2.944093
3.232703
3.184857
3.042472
3.172184
3.292724
3.035670
3.133854
2.958520
3.080869
2.916474
3.058705
3.152518
3.242446
3.314618
3.140022
3.085761
3.254540
3.162491
3.128414
3.142785
3.169661
3.107302
3.048288
3.330249
3.127360
3.158235
3.104235
3.078088
3.105092
3.186906
3.139500
3.105647
3.085827
3.011305
3.152905
2.982969
3.158567
3.110236
3.026872
3.100648
3.237324
3.188867
3.117242
3.274268
3.056189
3.231181
2.967638
3.244544
3.378034
3.146895
3.149700
3.116073
3.233143
3.218677
3.077596
3.035893
3.109956
3.120234
3.142590
3.053879
3.084833
3.154495
3.082849
3.101183
3.196708
3.116144
3.343141
3.001401
3.299415
3.084554
3.099214
3.144246
3.292883
3.251131
3.105643
2.995403
3.174651
3.189876
3.146397
2.993816
3.165560
3.153293
3.098234
3.135810
2.978643
3.229869
3.154078
3.293169
3.182000
3.107424
3.165738
3.220838
3.205801
3.195242
3.225740
3.196520
3.105545
3.218430
3.042493
3.166118
3.285739
3.134136
3.124812
3.180840
3.033304
3.240047
3.084338
3.139125
3.224875
3.169164
3.136062
3.111049
3.248501
3.051381
3.232895
3.289639
3.149552
3.039663
3.194039
3.131366
3.110341
3.169125
3.080822
3.129960
3.162687
3.084127
3.201202
3.131019
3.112425
3.259148
3.152204
3.153553
3.117103
3.216056
3.170237
3.192249
3.111808
3.135824
3.158573
3.177029
3.107795
3.115690
3.095095
2.998213
3.242397
3.193185
3.107126
3.218860
3.139871
3.179300
3.024474
3.155251
3.254914
3.197829
3.076184
3.133656
3.105178
3.175303
3.105398
3.128442
2.981700
3.257746
2.956504
3.145403
2.944221
3.190160
3.071559
3.166414
3.148999
3.161333
3.188866
3.143738
3.081816
3.162181
3.206007
3.144781
3.230082
3.136282
3.062201
3.112684
3.034096
3.213303
3.135997
3.071891
3.048861
2.919484
3.132747
3.096126
3.170417
3.126828
3.181421
3.002267
3.110465
3.145916
3.131555
3.087375
3.264413
3.180861
3.243541
3.051860
3.074504
3.257395
3.205599
3.037668
3.181523
3.097596
3.149843
3.030309
3.134229
2.994627
3.164654
3.118686
3.117748
2.897862
3.215175
3.009248
3.141241
3.110398
3.172766
3.132396
3.019118
3.222467
3.095685
3.099728
3.099478
3.157888
3.029619
3.189496
3.066153
3.111273
3.152481
3.174608
3.168973
3.107513
3.068823
3.048613
3.168133
3.197099
3.255557
3.219103
3.030872
3.117195
3.116189
3.097321
3.055129
3.166912
3.123885
3.195028
3.046241
3.303544
3.111388
3.183541
3.328266
3.012159
3.016988
3.145727
3.013840
3.237844
2.944991
3.030111
3.139025
3.272269
3.107664
3.078291
3.306360
3.171908
2.955996
3.161240
2.947877
3.188941
3.010800
3.067054
3.219280
3.192353
3.027399
3.017438
3.181808
3.055263
3.244049
3.118416
3.070443
3.125437
3.149415
3.314224
3.140478
3.198961
3.119308
2.990752
3.122284
3.029120
3.096428
3.215631
3.103884
3.258049
2.922876
3.296025
3.183091
3.173879
3.197974
3.206906
3.014380
3.098674
3.222252
3.205767
3.152949
2.997793
3.035287
3.054383
3.279847
3.143573
3.229840
3.061062
3.105782
3.095287
3.195127
3.151335
3.081117
3.108083
3.006523
3.092328
3.145277
2.947884
3.088039
3.298128
3.095716
3.079683
3.078658
3.061244
2.908874
3.065031
3.178303
3.256694
3.138918
3.189790
3.103356
3.113812
3.171238
3.179844
3.048314
3.121691
3.156661
3.252714
3.023452
3.148957
3.137019
3.163837
3.134213
3.141095
3.387947
3.149080
3.088922
2.997463
3.157666
3.188419
3.155618
3.081471
3.152618
2.988982
3.096114
3.190989
3.067935
3.074350
3.231628
3.066537
3.143773
3.074577
2.961787
3.110531
3.003774
3.087787
3.162368
3.055217
3.023999
3.161624
3.181246
3.111440
3.053873
3.165507
3.125637
3.244830
3.177847
3.134092
3.112867
3.124605
3.155349
3.088793
2.928008
3.260619
3.150115
3.104235
3.027195
3.097373
3.240664
3.186828
3.023009
3.074093
3.155038
3.128572
3.065082
3.171535
3.264362
3.068072
3.331990
3.116297
2.947106
3.144053
3.140413
2.959449
3.146240
3.185876
3.109973
3.211284
3.238842
2.955180
3.184728
3.076200
3.070866
3.185209
3.102427
3.168462
3.127592
3.104869
2.913082
3.140631
3.141781
3.004718
3.143958
3.150678
3.005776
3.236444
3.095357
3.206972
3.103685
3.184161
3.121676
3.250123
3.115584
3.198795
3.163400
3.207087
3.052507
3.244971
3.158469
3.198331
3.150589
3.132472
3.200573
2.974352
3.055001
3.134926
3.199890
3.185186
3.199850
3.246029
3.107716
2.994787
3.109542
3.210827
3.005880
3.200695
3.109247
3.179186
3.159177
3.245681
3.251827
3.124116
3.250050
3.132111
3.155718
3.158266
3.113740
3.194334
3.054702
3.036372
3.188356
3.075264
3.146731
3.191370
3.178546
3.000847
3.118955
3.131616
3.087713
2.998442
3.091482
3.060597
3.179319
3.275274
3.100586
3.064440
3.075905
3.138995
3.118293
3.130785
3.187270
3.005192
3.302799
2.995708
3.184624
3.224963
3.133147
3.110172
3.132761
3.080814
3.075084
3.021793
3.072564
3.103441
3.174269
3.180383
3.129915
3.061458
3.208623
3.133911
3.217949
3.274327
3.146077
3.023691
3.174764
3.164609
3.265347
3.172782
3.229600
3.245451
3.096937
3.112419
3.036035
3.151852
3.033325
2.977705
3.065555
3.184547
2.997744
3.051940
3.090904
3.106925
3.080081
3.243522
3.173539
3.249536
3.113072
2.932206
3.090205
3.096597
3.329901
3.086399
3.185044
3.152554
3.245606
3.177521
3.066107
2.975932
3.011796
3.107419
3.117764
3.021976
3.115497
3.075768
3.231197
3.148219
3.195018
3.158821
3.133072
3.201327
3.219102
3.056623
3.176457
3.157242
2.939287
3.156260
3.237562
2.960840
3.127996
3.109477
3.133899
3.152583
3.178268
3.078958
3.096071
3.210117
3.238623
3.161627
3.174674
3.183791
3.150968
3.067655
3.088587
3.255697
3.091551
3.104813
3.129617
3.183665
3.132365
3.263660
3.031911
3.182482
3.191364
3.024014
3.049982
3.140766
3.072234
3.008057
3.039193
3.065068
3.124529
3.123019
3.122050
3.210018
3.075884
3.084697
3.204751
3.228804
2.980377
3.152228
3.147598
3.146913
3.184955
3.073488
3.217331
3.059960
2.941349
3.078968
3.056776
3.357677
3.203157
3.031093
3.182719
3.005063
3.141390
3.015141
3.195396
3.039062
3.030386
3.004958
3.252509
3.208333
3.086224
2.927175
3.099400
3.145861
3.140827
3.204234
3.135402
2.972139
3.121756
3.013161
3.223075
3.151514
3.012144
3.142069
3.206707
3.021837
3.232372
2.966744
3.127817
3.218494
3.131694
2.999899
3.204602
3.123440
3.112630
3.218120
3.092424
3.078585
3.088821
3.049309
3.129889
3.129915
3.045549
3.260871
3.133691
3.047762
3.212405
3.157406
3.275491
3.202346
3.185001
3.213748
3.152677
3.312164
3.177989
2.927425
3.220575
3.063825
3.041094
3.006760
3.244976
3.311108
3.117493
3.196528
3.299778
3.089422
3.058446
3.045136
3.221732
3.072650
3.143003
3.027615
3.107475
3.219179
3.073920
3.103165
3.253875
2.988165
3.217406
3.275126
3.172695
2.973318
3.196175
3.186722
3.123322
3.093648
3.237684
3.137110
2.975471
3.071300
2.979258
3.093304
3.082187
3.360588
3.190478
3.120247
3.082313
3.125445
3.069733
3.077136
3.133087
3.137803
2.946668
3.047242
3.150106
3.236013
3.282526
3.040052
3.096239
2.926866
3.023235
3.260587
3.019976
3.189610
3.192998
3.035471
3.262593
3.129240
2.993465
3.077016
3.314139
2.937633
3.090413
3.115464
3.065008
3.143128
3.083380
3.125858
3.150879
3.154449
3.259564
3.135620
3.227934
2.877479
3.129308
3.136345
3.143457
3.160194
3.190596
3.091788
3.184457
3.196096
3.090042
3.049683
3.120111
3.124957
3.147685
3.107739
3.154259
3.384996
3.171905
3.189355
2.990333
3.019151
2.987522
3.099999
3.193173
3.150774
3.103144
3.091851
2.950105
3.058625
3.145310
3.090998
3.052317
3.144749
3.228879
3.088453
3.029577
3.114575
3.090615
3.108414
3.158629
3.222901
3.246279
3.158246
3.134005
3.161588
3.248906
3.155877
3.106025
2.951968
3.016270
3.059221
3.108831
3.153688
3.165503
3.036819
3.097853
3.132899
3.248230
3.027362
3.201057
3.169206
3.235255
3.156462
3.099364
3.133172
3.033018
3.148384
3.151598
3.264878
3.133110
3.199746
3.238682
3.222696
3.187381
3.133640
2.980491
3.220004
3.185059
3.097064
2.999585
3.140673
3.127652
3.215034
3.056457
3.241899
3.172061
3.004164
3.285625
3.056621
3.191987
3.009695
3.149747
3.122629
2.967080
3.167462
3.154911
3.266071
3.093359
3.192404
3.033002
3.120856
3.281453
3.047159
3.144090
3.184133
3.209416
3.141456
3.121770
3.086189
3.312631
3.045525
3.047313
2.914185
3.233331
3.250049
3.099721
3.175703
3.133292
3.166182
3.029124
3.203137
3.247332
3.321079
2.973600
2.965048
3.159307
3.134775
3.196426
3.163610
3.220238
2.966111
3.169333
3.137315
3.220850
3.101367
3.078581
3.000130
3.073767
3.125923
3.044997
3.200001
3.159655
3.158060
3.081846
3.030152
3.122326
3.172997
3.216358
3.117454
3.180047
3.106406
3.116869
3.099639
3.113568
3.148418
3.218843
3.116956
3.142832
3.091790
3.017596
3.104104
3.068238
3.163244
3.154435
3.232001
3.143595
3.038606
3.271462
3.107622
3.291095
3.229095
2.960204
3.048076
3.098678
3.123428
3.144492
3.074683
3.210129
2.951581
3.099687
3.184747
3.215644
2.871297
3.213027
3.019731
3.308723
3.156366
3.036755
3.103090
3.088615
3.174908
3.046602
3.168732
2.962031
3.077528
3.226485
3.333241
2.921088
3.327059
3.136786
3.113570
3.072973
3.058848
3.085744
3.098882
3.138173
3.065916
3.006764
3.046283
3.211860
3.199377
3.096150
3.141312
3.085546
3.264480
3.198380
3.103924
3.166867
3.071331
3.202945
3.045413
2.944215
3.242339
3.063709
3.134746
3.035522
3.218682
3.173585
3.036975
2.911866
2.970125
3.196675
3.139051
3.013625
3.002761
3.271076
3.108824
3.200449
3.188322
3.198097
3.165101
3.171453
3.195739
3.224783
3.162606
2.992673
3.002791
3.089803
3.181713
3.144911
3.132543
3.196949
3.151461
3.200431
2.997787
3.287985
3.068456
3.134734
3.067316
3.149269
3.134442
3.223628
3.114266
3.086705
3.023314
3.092275
3.051809
3.166285
3.220357
3.211619
3.037264
3.113991
3.134749
3.225922
3.069923
2.991203
3.152756
3.127809
3.070796
3.123802
3.128935
3.121245
3.067815
3.173161
3.076125
3.165491
3.160828
3.132176
3.137685
2.828543
3.266617
3.111403
3.113950
3.212644
3.099081
3.293954
3.084823
2.973833
3.090542
3.104576
3.094085
3.148049
2.934949
3.213763
3.259586
3.248772
3.050404
3.088132
3.119062
3.193815
3.102049
3.051086
2.964018
3.228009
3.264153
3.192363
3.184365
3.221586
3.158976
3.176584
3.134211
3.221611
3.222906
3.117739
3.088758
3.043212
3.253043
3.253692
3.183217
3.176799
3.006761
3.136681
3.083267
3.137732
3.141222
3.159646
3.011733
3.153256
3.142906
3.051673
3.120412
3.263434
2.973839
3.025808
3.040038
3.260524
3.240275
3.182896
3.040954
3.162806
3.127357
2.942524
3.111122
3.189576
3.074732
3.064393
3.277899
2.984476
3.192232
3.098983
3.211638
3.225676
3.054548
3.207473
3.235757
3.184939
3.099995
3.082517
3.180373
3.182640
3.054839
3.091847
3.072831
3.139319
3.206047
3.084787
3.114096
3.138095
3.172472
3.131058
3.131896
3.046402
3.109024
3.147711
3.003599
3.141183
3.112239
3.287399
3.069222
3.124583
3.048475
3.116132
3.062140
2.948176
3.220222
3.071834
3.121129
3.230396
3.295857
3.234976
3.125700
3.156756
3.130507
3.051341
3.141908
3.051230
3.111526
3.214178
3.092492
3.151212
3.071674
3.150711
3.344735
3.170770
3.160323
3.055067
3.098431
3.225458
3.204429
3.120986
3.167535
3.151824
3.049526
3.037415
3.202354
3.296184
3.228703
3.155059
3.071481
3.005127
3.309180
3.096189
2.997571
3.038919
3.070901
3.192883
3.182288
3.086621
3.056102
3.219808
3.167087
3.061259
3.382663
3.126581
3.158232
3.142150
2.970137
3.147381
3.249588
3.141992
2.955541
3.038721
2.994588
3.215505
3.003637
3.281854
3.150891
3.266946
3.141171
3.119107
3.125725
3.260528
3.130257
3.151743
3.273661
3.210909
3.064989
3.233073
3.255902
3.141799
3.101972
3.107376
3.085879
3.106080
3.023188
3.148941
3.324004
3.167838
3.137303
3.026682
3.020400
3.311263
3.146356
3.296265
3.208210
3.096911
3.185988
3.052819
3.081914
3.235739
3.278606
2.884940
3.173218
3.335466
3.225132
3.145649
3.042254
3.002425
3.124228
3.213689
2.977234
3.125007
3.097990
3.112323
2.973183
3.201503
3.184123
3.148982
3.156762
3.034999
3.068257
3.104919
3.157242
3.173875
3.048067
3.137750
2.982056
3.183316
3.159287
3.102219
3.294168
3.067975
3.193120
3.185634
2.980538
3.085219
3.177172
3.108570
3.079759
3.284914
3.184216
3.177419
3.148990
2.996537
3.053178
3.088634
3.003207
3.150573
3.033375
3.098284
3.116051
3.202969
3.105337
3.042728
3.112754
3.217240
3.136657
2.973685
3.026107
3.103334
3.141155
3.263300
3.023252
3.064900
3.242000
3.133724
3.089928
2.996706
3.197803
3.129430
3.054352
3.090742
3.194017
3.040181
3.175232
3.171383
3.175270
3.129864
3.156280
3.137317
3.082439
3.118891
3.241531
3.093367
2.988369
3.125621
3.222423
3.214210
3.091862
3.099029
3.252969
3.210799
3.083636
3.076957
3.017925
2.934070
3.185820
3.228171
2.962554
3.048083
3.100927
3.168224
3.232948
3.209925
3.215000
3.142386
3.097166
3.155503
3.203464
2.999783
3.116248
2.977064
3.180855
3.082484
3.202111
3.122503
3.108177
3.095347
3.216515
3.066524
3.105393
3.113579
3.113213
3.088526
3.186041
3.149185
3.203001
3.052977
3.059020
3.054675
3.045996
3.052427
3.070795
3.200784
3.308578
3.127220
3.131700
3.035646
3.037720
2.992510
3.058633
3.179720
3.111361
3.068103
3.167438
3.059140
3.123737
3.221044
3.245451
3.272900
3.141253
3.115075
3.107969
3.114037
3.036955
3.025359
3.059702
3.094912
3.219677
3.216014
3.054292
3.245981
3.259071
3.149663
3.085490
3.079184
3.081813
2.957767
3.067674
2.969205
3.118802
3.286882
3.105109
3.143442
2.962217
3.177637
3.155180
3.122421
3.042818
3.251314
3.320377
3.234125
3.136576
2.942478
3.081675
3.332462
2.982652
3.243196
3.097201
3.190277
3.092831
2.985190
3.097455
3.135760
3.068244
3.125169
3.242332
3.234477
3.225114
3.102618
3.101052
3.010083
3.122574
3.168057
3.091544
2.873475
3.184663
3.107576
3.146908
2.999256
3.044170
3.031286
3.191120
3.089809
3.002425
3.195352
3.194218
3.116050
3.086920
3.066925
3.177411
3.142466
3.024289
3.131018
3.242922
3.101804
3.092979
3.271207
3.191246
3.004779
2.947985
3.192071
3.231871
3.135402
3.036454
3.071920
3.110284
3.134258
3.267491
3.263511
3.099967
3.222160
3.130251
3.154182
3.094082
3.050217
3.104580
3.229954
3.126164
2.981602
3.131227
3.079955
3.052757
3.138020
3.124700
3.066588
3.247331
3.068247
3.043041
3.122308
3.149638
3.237211
3.129892
3.074424
3.119469
3.052422
3.133778
3.083942
3.192783
3.150062
3.258293
3.180498
3.046128
3.108979
3.189337
3.328004
3.141488
3.013281
3.136210
2.913563
3.169839
3.034324
3.051512
3.024460
3.104278
3.068852
3.145936
3.141276
3.142666
3.140531
3.038135
3.188269
3.236360
3.134223
3.153479
3.057788
3.130219
3.267784
3.266733
3.134691
3.245782
2.962960
3.065463
3.115914
3.157572
3.094315
3.103539
3.177194
3.118487
3.135105
3.189600
3.219195
3.185418
3.191302
3.249571
3.115933
3.121652
3.177524
3.088269
3.184130
3.137462
3.131684
3.168211
3.260119
3.106415
3.054296
2.953663
3.177709
3.148045
3.171068
3.288968
3.197220
2.973229
3.161952
3.209567
3.099176
3.131805
3.007836
3.161214
3.161238
3.210070
3.091795
3.046837
3.114926
3.251368
3.078866
3.146829
3.271851
3.302150
3.126712
3.103923
3.225123
3.160578
2.937922
2.953650
3.094590
2.997705
3.306714
3.136294
3.060663
3.243068
3.234977
3.159678
3.088902
2.998609
3.165331
3.079319
3.088614
3.023974
3.119153
3.117074
3.173235
3.153938
3.096068
3.092070
3.083276
3.094736
3.214875
3.126666
3.184154
3.296927
3.217931
3.081694
3.219556
3.020429
3.202204
3.106699
3.204217
3.148101
3.139175
3.119988
3.147841
3.067350
3.335934
3.111991
2.898041
3.179832
3.037111
3.058850
3.138961
3.224299
3.150360
3.096825
3.215657
3.002732
3.208368
3.231204
3.290321
3.030647
3.108338
3.057647
3.158186
3.055342
3.198048
2.996922
2.940147
3.247382
3.245868
3.061638
3.028126
3.157221
3.182250
3.026148
3.113646
3.029805
3.029219
3.195990
3.156088
3.006788
3.178080
3.173511
3.094027
3.049224
3.133717
3.017655
3.107667
3.026771
3.220843
3.257552
3.169481
3.038543
3.133695
3.187820
3.121734
3.250885
3.066022
3.091591
3.204761
3.130726
3.007041
3.066360
3.236826
3.086672
3.131100
3.132348
3.247412
3.101718
3.102996
3.194880
3.234871
3.183123
3.252748
3.083891
3.128330
3.207942
3.220556
3.040053
3.184436
3.190790
3.170518
3.165308
3.082092
3.118687
3.090477
3.216235
3.147312
3.260587
3.024661
3.300674
3.051212
3.052224
3.369645
3.237817
3.226373
3.058363
3.272095
3.220337
2.942168
3.097897
3.198351
3.093608
3.151542
3.112444
3.172230
3.040133
2.963616
3.033244
3.113740
3.046990
3.084594
3.214716
3.252732
3.020181
3.253211
3.178401
3.349577
2.944032
3.047903
3.063966
3.035593
3.013471
3.149662
3.216246
3.138729
3.142434
2.993971
3.163489
2.938271
3.110906
3.024446
3.100700
3.278943
3.189461
3.129157
3.185072
3.260369
3.268143
3.143877
3.146151
3.200047
3.132188
3.341033
3.179378
3.038937
3.082162
2.983225
3.067878
3.224084
3.151764
3.347747
2.988399
3.083142
3.243561
3.301640
3.108137
3.052680
3.113685
3.181964
3.133005
3.136143
3.038172
3.148559
3.092542
2.917912
3.054988
3.123876
3.091477
3.157851
3.183302
3.069244
3.153034
3.038452
3.119866
3.082891
3.078455
3.154243
2.970556
3.101997
3.199456
3.087735
3.200273
3.196747
3.055510
3.026524
3.049726
2.964434
2.960040
3.144168
2.869163
3.048733
3.264873
3.119462
3.155461
3.131514
2.902707
3.211349
3.043888
3.191473
3.106872
3.305538
3.097794
3.240690
3.222262
3.147265
3.152526
2.971661
3.178862
3.160484
3.097803
3.232431
2.985185
3.233559
3.040146
2.893741
3.156207
3.012010
3.116924
3.144711
3.291262
3.061279
3.271610
2.940824
3.044050
3.275068
3.185369
3.049450
3.155150
2.968566
3.041476
3.149091
3.160904
2.964212
3.232971
3.003679
3.168406
3.153540
2.933563
3.284882
3.013267
3.045308
3.027282
3.041764
3.291508
3.059882
3.066038
3.049513
3.257604
3.171044
3.089332
3.070850
3.019144
3.123581
3.184748
3.135944
3.263269
3.275975
3.076976
3.154178
3.180986
3.161895
3.236317
3.044233
3.200136
3.096226
3.102210
3.218101
2.893059
3.208719
3.144915
3.094571
3.115121
3.136834
3.214941
3.240555
3.139155
3.117518
3.166495
3.066522
3.087029
3.096643
3.200555
3.142822
3.229587
3.180667
3.259287
3.077169
3.171555
3.118895
3.032773
3.163638
2.986390
3.099874
3.079230
3.118257
3.076414
3.191597
3.146513
3.138003
3.112909
2.954779
2.902747
2.988934
3.171153
3.090429
2.871977
3.172702
3.143686
3.160997
3.137900
3.064484
3.045925
3.145686
3.162291
3.141784
3.138895
3.029473
3.219496
3.127647
3.143981
3.167194
3.104066
3.137904
3.197328
3.093270
3.097734
3.119436
3.127553
3.112488
3.241592
3.259386
3.146321
3.223430
3.120856
3.051774
3.078147
3.247721
3.090579
3.038579
3.149286
3.039676
3.087575
3.088776
3.165553
3.248940
3.279394
2.968037
3.152387
3.144120
3.100349
3.119768
3.371043
3.098274
3.128910
3.119098
3.025955
3.098022
3.098259
3.209705
3.167307
3.181387
3.124312
3.086449
3.126726
3.138525
3.179227
3.109491
2.940293
3.100964
3.102186
3.217951
3.074642
3.212830
3.032825
2.998703
3.238537
3.230998
3.185653
3.099617
3.120018
3.265597
3.051585
3.138695
3.101206
3.097684
3.237148
3.161791
3.123308
3.214356
3.226220
3.274748
3.130163
3.267349
3.158451
2.961210
3.235818
3.031708
3.097090
3.066533
3.192022
3.122064
3.169849
3.002401
3.121316
3.135558
3.153190
3.012681
3.175815
3.184017
3.083546
3.073191
2.990942
3.225993
3.064253
3.084890
3.098990
3.274699
3.181029
3.147403
3.005134
3.189879
3.073722
2.999545
3.238801
3.161354
3.129057
3.093532
3.112110
3.085387
3.313625
3.110611
2.919610
3.048553
3.045134
3.099987
3.053996
3.268585
3.088091
3.089441
3.154643
3.175918
3.157347
3.114483
3.060060
3.000213
3.144336
3.014387
2.958591
2.993407
3.112593
3.199463
3.021953
3.136580
3.210101
3.200766
3.184228
3.080958
3.258644
3.109883
3.274566
3.093495
3.233164
3.099447
3.016159
3.211358
3.099358
3.128714
3.057917
2.986530
3.176758
3.216375
3.034358
3.101895
3.225758
3.057554
2.938821
3.136370
3.181645
3.006822
3.388385
3.093166
3.095514
3.154429
3.238927
3.068596
3.099475
3.115194
3.182618
3.180112
3.115491
3.056316
3.314655
3.043998
3.030018
3.401839
3.015272
3.120015
3.154934
3.002800
3.190716
3.061084
3.079478
3.109899
3.092824
3.120381
3.145477
3.174684
3.175684
3.179324
3.148180
3.119562
3.148025
3.057109
3.242774
3.193192
3.077210
3.132857
3.080992
3.214280
3.029225
3.109435
2.979646
3.266113
3.076117
3.260372
3.134390
3.082113
3.226428
3.049782
3.165072
3.149182
3.277240
3.304089
3.109776
3.104009
3.152417
3.206199
3.118574
3.212601
2.913893
3.236701
3.319525
3.282477
3.068755
3.241368
3.157209
3.141652
3.126357
2.984798
3.099240
3.159741
3.221589
3.071752
3.172524
3.136248
3.168020
3.140361
3.091960
3.050325
3.130707
3.099086
3.197341
3.081619
3.216774
3.310496
3.230209
3.071941
3.137725
3.231380
3.124387
3.050795
3.118622
3.089771
3.090443
3.161809
3.161506
3.023552
3.302398
3.099580
3.117162
3.250201
3.095942
2.914221
3.156753
3.188945
3.061358
3.023478
3.188081
3.088642
3.064959
3.124965
2.976037
3.319095
3.156451
3.153551
2.992354
3.108645
3.135772
3.083137
3.096697
3.305757
3.222976
3.233575
2.998705
3.160998
3.142871
3.101102
3.016106
3.173409
3.087283
2.988068
3.292301
3.164988
3.002773
3.111244
3.240418
3.115870
3.054267
3.099840
3.224794
3.166598
3.228803
3.074769
2.978366
3.252732
3.080765
3.088661
3.161099
2.945396
3.150238
3.253407
3.255064
3.076566
2.979171
3.288304
2.926205
3.233652
3.092899
3.315029
3.348173
3.142906
3.200248
3.141711
3.187140
3.113441
3.106047
3.209536
3.112261
3.115455
3.140188
3.188161
3.121015
3.141731
3.158293
3.222081
3.116964
2.990357
2.838516
3.106595
3.193116
3.155432
3.107233
3.132185
3.067554
3.101391
3.101845
3.137352
3.083550
3.120936
3.146474
3.228180
3.058090
3.200994
2.948032
3.313249
3.236029
3.062205
3.101969
3.110877
3.135208
3.083718
3.063906
3.120077
3.128162
3.117497
2.967033
3.191258
3.262310
3.292645
3.147830
3.164497
3.024189
3.116856
3.093470
3.104010
2.908314
3.141811
3.124218
3.189988
2.914616
3.124201
3.040254
3.207413
3.072842
3.162751
3.181899
3.104755
3.175433
3.152518
3.122141
3.164026
3.303954
3.260639
3.041662
3.029032
3.145647
3.118635
3.060054
3.105585
3.189498
3.165219
3.196645
3.100809
3.211954
3.151278
2.917294
3.178059
3.241630
3.119205
3.081997
3.221894
3.154038
3.051675
3.268629
3.102752
3.157247
3.206112
3.024130
3.086443
3.087729
3.016085
3.220668
3.060889
3.087452
3.074858
3.125298
3.168384
2.972946
3.198432
3.025467
2.993257
3.102941
3.048498
3.430245
3.009503
3.233160
3.084505
3.100066
3.073534
3.182948
3.309134
3.108827
3.098958
3.142305
3.109584
3.169749
3.029608
3.090519
3.134087
3.222316
3.210864
3.085258
3.206394
3.048563
3.091695
3.232322
3.127858
3.164728
3.066696
3.037488
3.047063
3.257478
3.218715
2.990615
3.183786
3.168002
3.068397
3.202714
3.128977
3.179773
3.136108
3.111545
3.075578
3.143697
3.147294
3.075562
3.047745
3.163250
3.168831
3.131138
3.132649
3.008022
3.112484
3.120311
3.155585
3.229494
3.229749
3.239154
3.017044
3.098759
3.195665
3.142659
3.196025
3.007139
3.243942
3.240140
2.962142
3.068849
3.246822
3.163861
2.947316
3.267363
2.980967
3.334952
3.147494
3.082240
2.990327
2.898987
3.132724
3.252368
3.069154
3.146347
3.124589
3.079688
3.144839
3.100655
3.188398
3.099167
3.138610
3.148011
3.041596
3.274586
3.272627
3.084992
3.119526
3.129624
3.145784
2.940264
2.962442
3.253581
3.095923
3.152798
3.070879
3.059702
3.099342
3.134398
3.170999
3.205485
3.141648
3.059919
3.174666
2.988005
3.146053
3.214860
3.353316
3.063980
3.140961
3.116175
3.087924
3.224403
3.132645
3.120428
3.183962
3.097552
3.059292
2.892042
3.097276
3.215540
3.089817
3.232097
3.153712
3.230097
3.038816
3.083953
3.126931
3.121116
3.215865
3.193582
3.100743
2.953632
3.293182
2.979774
3.119435
3.077653
3.149287
3.103202
3.220911
3.162995
3.027237
3.026378
3.072678
3.152692
3.205470
3.195390
3.262270
3.006187
3.112627
3.088934
3.100544
3.203186
3.140480
3.002160
3.066260
3.045978
3.205042
3.125955
3.213475
3.073356
3.068795
3.285671
3.146536
3.092177
3.154207
3.066252
3.150886
2.946332
3.180729
3.151718
2.983300
3.320913
3.119413
3.182937
3.191173
3.122562
3.132845
3.231979
3.086657
3.006572
3.204039
3.069086
2.995234
3.039264
3.172364
3.192116
2.992141
3.096430
3.154351
3.056372
3.230833
3.140989
2.993627
3.249489
2.931441
3.210166
3.139403
3.193989
3.138528
3.013982
3.190015
3.146335
2.996613
2.993006
3.235696
3.191072
3.112707
3.218395
3.022747
3.145075
3.184987
2.940705
3.161296
3.191967
3.094928
3.324991
3.208044
3.183284
3.128866
3.305563
3.100765
3.271229
3.083621
3.163848
3.137399
3.143610
2.952030
3.157968
3.260686
3.118404
3.086286
3.182025
3.196982
3.147822
3.045398
3.204196
3.110191
3.095623
3.083402
3.203256
3.065180
3.084460
3.124467
3.095062
3.079393
3.211522
3.131958
3.181263
3.023400
3.264498
3.181164
3.245177
3.225983
3.267221
2.993993
2.948539
3.147346
3.111788
3.280444
3.007956
3.221970
3.083522
3.143101
3.060456
3.125254
3.157773
2.987301
3.135100
3.134551
3.127391
3.154987
3.184421
3.145248
3.129901
3.047265
3.260076
3.063313
3.221142
3.073447
3.103373
3.037143
3.032694
3.085040
3.152394
3.124062
3.148322
3.018828
3.130537
3.063920
2.982214
3.234049
3.077709
3.087149
3.211152
3.083606
3.054636
3.102815
3.067525
3.021940
3.079314
2.907958
3.248668
3.279250
3.314574
3.066061
3.185939
3.116808
3.119011
3.230137
2.931065
3.140376
2.974610
3.160339
3.193955
2.954883
3.126975
3.054932
3.154604
3.006708
3.228408
3.098182
3.102730
3.231088
3.120155
3.236614
3.146168
3.196920
3.209687
3.174361
3.136452
3.173968
3.165008
3.119795
3.150977
3.071387
3.076717
3.165553
3.013985
3.038037
3.143509
3.193594
3.199766
3.178035
3.090260
3.126516
3.112349
3.085751
3.120194
3.116238
3.198755
2.971270
3.217243
3.041205
3.084662
3.088165
3.292048
3.049668
3.296368
3.064680
3.126973
3.116852
3.240113
3.075831
3.063476
3.227896
3.077142
3.314570
3.140342
3.045101
3.262309
3.293380
3.309084
3.004415
2.993627
3.066701
3.233591
3.189551
3.105482
3.127536
3.154537
3.207382
3.133911
3.139004
2.993506
3.072094
3.160742
3.096637
2.990840
3.159856
3.265746
3.032872
3.185703
3.107083
3.188520
2.944929
2.949263
3.217600
3.174725
3.098269
2.987407
2.989198
3.236747
3.156197
2.951893
3.177604
3.225652
3.133473
3.134738
3.096223
3.094861
2.997301
3.015937
3.019659
3.216198
3.179284
3.167391
3.164242
3.175857
3.259559
3.162951
3.034434
3.151026
3.054318
3.155932
3.243788
3.286715
3.071522
3.206093
3.160378
3.113781
3.067440
3.083659
3.155898
3.085750
3.119653
3.051417
3.107795
3.279243
3.146308
3.133024
3.136267
3.098562
3.194730
3.120669
3.111532
3.089236
2.994015
2.995010
3.143249
3.061375
3.141381
3.321543
3.093846
3.109434
3.157951
2.959605
3.176160
3.125071
3.228921
3.164188
3.165132
3.118364
3.209104
3.096257
3.228039
3.279019
3.102774
3.118408
3.063425
3.084751
3.263607
3.030653
3.215509
2.852722
3.077393
3.010418
3.056258
3.153125
3.229325
3.085190
3.029850
3.085190
3.069892
3.152721
3.108660
3.105827
2.998816
3.089849
3.152187
2.985082
3.152019
3.110142
3.252626
2.968721
3.148657
3.163200
2.908162
3.150747
3.280861
3.152046
3.129569
3.257618
3.212335
3.051781
3.293470
3.121890
3.044589
3.172683
3.262617
3.293863
3.116378
3.039879
3.251361
3.320905
3.094889
3.141461
3.044031
3.065181
3.199779
3.064202
3.047740
3.100061
3.248312
3.045071
3.124672
3.138576
3.019807
3.148809
3.024782
3.163736
3.182820
2.989842
3.183434
2.981243
3.177097
2.988625
3.143524
3.258628
3.095688
3.230785
3.022349
3.139103
3.184143
3.152491
3.102073
3.089589
3.127215
3.271585
3.122596
3.114914
3.076465
3.150249
3.206828
3.193157
3.208221
3.152655
3.107255
3.226627
3.167091
3.069289
3.183382
3.317587
3.018864
3.073524
3.076013
3.033603
3.290607
3.257095
3.142076
3.097998
3.186847
3.018360
3.141111
3.161414
3.080939
3.240460
3.088559
3.130798
2.976472
3.101546
3.115189
3.290402
3.225652
3.128703
3.036179
3.220279
3.145686
3.297445
3.216270
3.209099
3.014271
3.319825
3.153390
3.162797
3.102833
3.177948
3.091543
3.046841
3.062895
3.189087
3.123267
3.038412
2.974330
3.174207
3.248013
3.158749
3.024413
3.247165
3.154975
3.113768
2.942753
3.241663
3.309293
2.964363
3.232916
3.205476
3.120230
3.033532
3.149812
3.169257
3.149622
3.027004
3.132113
3.073458
3.054782
3.143953
3.298766
3.198858
3.126122
3.363044
3.266736
3.224867
3.227679
3.181879
3.128716
3.126197
3.325996
3.157070
3.132526
3.125243
3.060565
3.120824
3.049397
3.144991
3.121101
3.023849
3.194942
3.031057
3.227824
3.173538
3.209391
3.123113
3.071256
3.109000
3.204687
3.102090
2.998920
3.207628
2.985118
3.001721
3.023757
3.113873
3.081527
2.967839
3.218985
3.083920
3.163991
3.014393
3.080804
3.095737
2.994340
3.263886
3.144082
3.196458
2.969636
3.161342
3.070211
2.960708
3.106119
3.088375
3.087305
3.023953
3.049763
2.996316
3.025688
3.199974
3.255479
3.312239
3.124045
2.980228
3.234583
3.199241
3.080723
2.976894
3.107984
3.248037
3.053353
3.108506
3.293450
3.075272
3.156331
3.038967
3.101399
3.073887
3.118773
3.014526
3.351219
3.180850
2.900618
2.931909
3.198255
2.841153
3.189565
3.144634
3.056858
2.992273
3.093007
3.121356
3.028535
3.127060
3.182034
3.066257
3.081826
3.067721
2.902007
3.147507
3.254799
3.182107
3.117224
3.225872
3.223345
3.116789
3.150469
3.168878
3.142729
3.129640
3.220183
3.095445
3.110165
3.154974
3.101216
3.070563
3.122383
3.298655
2.985407
3.247377
3.089171
3.178008
2.971027
3.104669
3.181761
3.015516
3.123846
3.018759
3.118302
2.940315
3.016675
3.171866
3.135447
3.063372
3.129233
2.915242
3.109806
3.091506
3.154822
3.190759
3.206303
3.201704
3.174101
3.062248
3.247076
3.130684
3.209288
3.205032
3.218996
3.090564
3.139369
3.039200
3.372778
3.130512
3.101015
3.192689
3.012242
3.033701
3.202530
3.139414
3.191692
3.270554
3.118088
3.055325
3.149230
3.062551
3.204076
3.160879
3.099344
2.983991
3.153922
3.290802
3.029348
3.196674
3.229947
2.875706
3.127160
3.205121
2.997834
3.295802
2.949810
3.167832
3.183802
3.076063
3.212299
3.127105
3.010684
2.956754
3.198274
3.165067
3.070038
3.171071
3.178738
3.130145
3.190396
3.113701
3.207146
3.139164
3.178854
3.247605
3.333536
3.106532
3.068310
3.175920
3.094460
3.178384
3.271616
3.037891
3.013367
2.976608
3.073868
3.221798
3.084751
3.133059
3.159498
3.253029
3.063778
3.131822
3.257042
3.022322
3.185495
3.010427
2.952831
3.002902
3.191332
2.964502
3.049749
3.060597
3.088438
3.191750
3.231948
3.034898
3.192593
3.316810
3.171142
3.155267
3.359028
3.099020
3.028795
3.246380
2.939240
3.186689
3.156449
3.092939
3.324870
3.204830
3.116537
3.045505
3.201054
3.211720
3.367915
3.174257
3.000764
3.043604
3.074508
2.912864
3.225710
3.151505
2.980089
3.237865
3.163363
3.175990
3.255429
2.963321
3.205429
3.038693
3.144651
3.019687
3.192059
3.126674
3.158266
3.079312
3.068834
3.154744
3.056563
3.091728
3.093914
3.148654
3.076524
3.064761
3.129673
3.132828
3.073168
3.210818
3.035651
3.176112
3.103945
3.057104
3.056938
2.994746
3.148202
3.052240
3.104351
3.086247
3.049945
3.297987
3.220707
3.091873
3.070684
3.100481
3.090907
3.239817
3.079921
3.168953
3.234199
2.965914
3.273032
3.169565
3.251780
3.201629
3.160189
3.306780
3.102025
3.083575
2.981103
3.116972
3.115422
3.078773
2.982369
3.118306
3.257977
3.137388
3.107691
2.971274
3.181517
3.246275
3.279033
2.956324
3.099768
2.996713
3.130762
3.201631
3.190292
3.052596
3.247607
3.047240
3.164933
3.038727
3.030348
3.221694
3.207828
3.044462
3.035748
3.159243
3.053628
3.032288
3.112221
3.053748
3.199970
2.985981
3.176972
3.236582
2.964313
3.384990
3.024828
3.051026
3.053556
3.281197
3.073149
3.088337
3.007114
3.278999
3.193048
3.170766
3.050035
3.223822
3.251558
3.032826
2.886762
3.194360
3.131698
3.154577
3.130902
3.124820
3.107762
3.154048
3.182808
3.037055
3.175298
3.144618
3.115615
3.027680
3.344531
3.089398
3.130231
3.233880
3.243809
3.245656
2.964642
3.131512
3.098337
3.176769
3.184070
3.031901
3.177231
3.231870
3.217845
3.013682
3.087610
3.249647
3.127773
3.246952
3.149749
3.091434
3.085462
3.204763
3.108243
2.969459
3.123835
3.085802
3.139008
3.248831
3.091697
3.128727
3.103532
3.100069
3.101755
2.961314
3.157571
3.136610
3.077278
2.948174
3.194721
3.209728
3.053250
3.123705
3.256673
3.096347
3.106472
3.111078
3.073372
3.172558
3.067757
3.098892
3.138885
3.217709
3.130256
2.956251
3.264504
3.181042
3.186129
3.134549
2.951091
3.236998
3.182510
3.035981
3.058717
3.064835
3.156937
3.116269
3.000542
3.174614
3.096609
3.129621
3.294684
3.092253
3.066607
3.179829
3.113255
2.995882
3.172402
3.122529
3.102067
3.061019
3.182280
3.137339
3.101531
3.227060
3.213600
3.166797
3.148864
3.221951
3.307578
3.013295
3.258906
3.041977
3.173790
3.100956
3.003242
3.142143
3.026547
3.134419
3.260056
3.056090
3.108857
3.216212
3.191128
3.164075
3.051003
3.201133
2.953573
2.988231
3.065263
3.127070
2.974402
3.169292
3.319270
3.200327
3.137425
3.073171
3.137524
3.111466
3.036909
3.145563
3.103110
3.154202
3.184259
3.121536
3.293059
3.133482
3.163856
3.252122
3.056515
3.165394
3.243623
3.189257
3.109347
3.294948
3.212603
3.093584
3.159240
3.138171
3.226454
3.055599
2.876260
2.955088
3.153423
3.067929
3.108951
3.246154
3.154178
2.966190
3.331436
3.257983
3.150602
2.944726
3.043978
3.103133
3.004478
3.218370
3.108381
3.231171
3.196250
3.209442
2.998983
3.149331
3.144460
3.258175
3.308678
3.225880
3.141830
3.121669
3.034344
3.137869
2.933471
3.071795
3.270417
3.126963
3.023186
3.182988
3.181735
3.165949
3.124753
3.199820
3.231902
3.071846
2.988940
3.124920
3.169232
3.402585
3.287560
2.865664
3.127564
3.333457
3.069576
3.006861
3.032275
3.079168
3.281479
3.152981
3.126901
3.168297
3.062861
3.019487
3.131873
3.184888
3.301690
3.144589
3.096064
3.101282
3.169952
3.188500
3.267509
3.127551
3.051678
3.192855
2.987524
3.287822
3.102858
2.949915
3.170038
3.127417
3.138442
3.042159
2.972292
3.120221
3.238514
3.180615
3.270692
3.074518
3.245170
3.080145
3.079754
2.944054
3.124761
3.079005
3.197975
3.104631
3.217262
3.108378
3.080792
3.170577
3.156561
3.199221
3.160755
3.256296
3.049259
3.077722
3.052137
2.913260
3.117927
3.006755
3.166999
3.215523
3.097121
3.242789
3.137270
3.089267
3.091010
3.179603
3.141624
3.089711
3.311991
3.139195
3.005095
3.291293
3.149893
3.207209
3.124448
3.117449
3.113653
3.170120
3.087741
3.221004
3.023218
3.146960
3.086310
3.099730
3.136255
3.118091
3.034420
3.132953
3.145503
3.183383
3.078103
3.228775
3.168202
3.021935
3.122570
3.089694
3.170428
3.128684
3.248753
3.260260
3.087484
2.938433
3.066472
2.901973
3.070492
3.022553
3.189988
3.229741
3.177669
2.964986
3.085213
3.009105
3.203452
3.073379
3.127386
3.041667
3.119086
3.202121
3.261217
3.035576
3.292417
3.207544
3.233246
3.213396
3.106411
3.204174
3.188947
3.295280
3.082000
3.066403
3.167003
3.203365
3.163555
3.145847
3.013343
3.226097
3.193950
3.164530
2.991040
3.059231
3.185858
3.162508
3.161035
3.083881
3.118093
3.268152
3.155718
3.226346
3.035043
3.374507
3.071072
3.138211
3.118011
3.129372
3.095511
3.173979
3.255611
3.181270
3.058438
3.123667
2.963288
3.013315
3.090027
3.266861
3.107330
3.085588
3.177044
3.123953
3.051174
3.237112
3.272526
3.161950
3.152050
3.219515
3.115475
2.981111
3.143395
2.806925
3.082371
3.059844
3.060368
3.300422
2.951989
3.063660
3.069455
3.106595
3.165579
3.109410
3.220094
3.123577
2.984249
3.184426
3.270080
3.078583
3.041892
3.093698
3.142798
3.146501
3.163776
3.230041
2.922358
3.184491
3.286018
3.201428
3.188629
3.138169
3.270792
3.127567
2.994927
3.328946
3.048360
3.218006
2.988245
3.148645
3.215925
3.176238
2.998970
3.084019
3.177748
3.209743
3.093320
3.003045
3.035452
3.192834
3.213737
3.071408
3.161030
3.056314
2.944924
3.076333
3.247221
3.093449
3.111033
3.058017
3.057956
3.197946
3.151236
3.141166
3.094057
3.206428
3.237790
3.103666
3.201382
3.136270
3.095201
3.224234
3.139373
3.089628
3.178634
3.166417
3.064807
3.094223
3.108537
3.052006
3.032206
3.072429
3.144056
3.224059
3.073030
3.172498
3.178860
3.053910
3.256040
2.964234
3.109367
3.229959
3.213754
2.966109
3.193078
3.217228
3.041172
3.038636
3.120066
3.072197
3.134561
3.103713
3.192350
2.790387
3.052674
3.176413
2.918720
3.297853
3.256763
3.134739
3.026765
3.013565
3.241401
2.937791
3.183769
3.107038
3.219419
3.070850
3.190327
3.152941
2.965060
3.096980
2.900671
3.228825
3.154379
3.041309
3.219217
3.163674
3.192091
3.143885
3.225176
3.082367
3.238843
3.081018
3.250233
3.091757
3.122981
3.150092
3.153424
3.049941
3.155180
2.966129
2.943644
3.185037
3.154278
3.156554
3.081380
3.089477
3.067000
3.111517
3.174462
3.176053
3.155583
3.038011
3.190678
3.142395
3.025953
3.098912
3.197927
3.172750
3.092009
3.036886
3.277768
3.175932
2.955600
3.127419
3.068204
3.016491
3.319077
3.139320
3.161419
3.236978
3.142966
3.111599
3.106467
3.143028
3.280617
3.098299
3.062455
3.153718
3.238645
3.261562
3.193822
3.053552
3.068282
3.157228
3.041364
3.010028
3.020527
3.149199
3.130519
3.109288
3.091135
3.184049
3.225029
3.314084
3.260467
3.203101
3.150856
3.284332
3.170162
3.226785
3.230985
3.279030
3.106383
3.158203
3.194258
3.077671
3.198562
3.171167
3.161625
3.111215
2.931485
3.036101
3.153977
3.103158
3.135127
3.229865
2.971776
3.186505
3.088443
3.271004
3.028611
3.173326
3.179347
3.164298
2.993938
3.126805
3.117102
3.187116
2.792633
3.096737
3.219527
3.097459
3.140111
3.269682
3.058658
3.181616
3.247555
2.941238
3.160271
3.016353
3.352439
2.976500
3.164163
3.014499
2.990619
3.118943
3.159401
3.050582
3.231769
3.178563
3.133055
3.108219
3.104515
3.077534
3.249671
3.089708
3.132230
3.379064
3.262832
3.177095
3.058001
3.069958
3.046188
3.038009
3.046968
3.122990
3.040980
3.162034
3.219314
3.205692
3.158612
3.112176
3.127839
3.145459
3.242589
3.100788
3.256114
3.086057
3.014242
3.214133
3.191249
3.111121
2.940917
3.158695
3.356229
3.082623
3.065125
3.190396
3.241027
3.102338
2.916807
3.085954
3.080870
3.232377
3.397357
3.259895
3.055187
3.032227
3.317575
2.930855
3.142625
3.271414
3.248740
3.006508
3.264477
3.134070
3.070033
3.071236
3.168579
3.107622
2.983976
3.167468
2.939047
3.019205
3.135221
3.166797
3.256930
3.126199
3.244192
3.159797
3.305280
3.075442
3.078238
3.097484
3.115270
3.196408
3.219551
3.264816
3.165806
3.134166
3.201352
3.080281
3.140411
3.173978
3.043165
3.252195
3.135804
3.110577
3.129584
3.011196
3.102652
3.175281
3.058167
3.180978
3.107096
2.971526
3.231758
3.118404
2.958804
3.225936
3.139731
3.109857
3.084481
3.144797
3.040858
3.120760
3.139264
3.058951
3.103442
3.132299
3.108206
3.119817
3.111757
3.120689
3.025836
2.950753
2.888146
3.112421
3.116088
3.238901
3.203805
3.221237
3.167540
3.195946
3.303700
3.397391
3.107343
3.018020
3.159154
3.136818
3.156283
3.199585
3.089413
3.031678
3.172930
2.985798
2.970219
3.114422
3.148715
2.995291
3.148805
3.196782
3.111691
3.018955
3.097722
3.109996
3.225325
2.945661
3.187349
3.258361
3.172768
3.172532
3.089675
3.120942
3.079275
3.058164
3.172717
3.116116
3.095762
3.070887
3.059873
3.265372
3.055803
2.972350
3.154073
3.119457
3.113787
3.062359
3.392329
3.085994
3.125622
3.209727
3.266183
3.245027
2.942839
3.112698
3.130428
3.073677
2.940412
3.227164
3.021962
3.276276
3.127439
3.233882
3.130029
3.168439
3.194675
3.097110
2.994635
3.167733
3.222618
3.095001
3.014564
3.104954
3.043351
3.036642
3.184593
3.052031
3.184804
3.168419
3.227013
3.088899
3.157686
3.117763
3.184390
3.058644
3.139275
3.087394
3.122082
3.142057
3.054378
3.021310
3.004720
3.147681
3.250841
3.151463
2.970793
3.129145
3.042884
3.254975
3.169181
3.001275
3.171061
3.178925
2.970447
3.072318
3.374319
3.115523
3.084258
3.255921
3.091987
3.100625
3.161814
3.092028
3.065937
2.957573
3.138887
3.335444
3.117910
3.209225
3.055367
2.922004
3.135371
3.092745
3.028303
3.169299
3.229679
3.305499
3.063545
3.206557
3.083270
3.144170
3.246047
3.011064
3.105235
3.131090
3.214439
3.260317
3.342664
3.138510
3.130136
3.207387
2.887990
3.129588
3.260779
3.047867
3.018545
3.142008
3.144111
3.126439
3.087419
3.139774
3.143017
3.218004
3.063280
3.249925
3.038012
3.111967
3.131657
3.153534
3.138635
3.152891
2.998529
3.214923
3.145698
3.268978
3.186396
3.120181
3.169122
2.982960
3.200078
3.206820
3.022280
3.043604
3.025969
3.146237
3.195084
3.100609
3.097726
3.247015
3.129601
3.153829
3.305475
3.058247
3.146459
2.988990
3.098700
3.151698
3.163869
3.239476
3.316192
3.069781
3.098036
3.147064
2.990897
3.111290
3.120230
3.060480
3.130952
3.220258
3.127136
3.234902
3.094232
3.232794
3.090579
2.950562
3.054662
3.162767
3.240037
3.250460
3.072882
3.057664
2.952747
3.111893
3.122916
3.045508
3.163138
3.235650
3.114797
3.163348
3.103923
2.880825
3.239416
3.124764
3.142641
3.158397
3.148788
3.152874
3.122423
3.142590
3.113432
3.108524
3.409876
2.947260
3.073668
3.121766
3.193633
3.226008
3.217481
3.151983
2.990951
3.200957
3.229838
3.218130
2.913449
3.130145
3.226586
2.963743
3.178397
3.172442
3.114219
3.170441
3.245107
3.342204
3.022740
3.247754
3.088065
3.097570
3.082053
2.985885
3.113288
3.033989
3.125040
3.133311
3.161572
3.107764
2.958745
3.223088
3.253063
3.155238
3.179583
3.154380
2.967815
3.251157
3.166343
3.092959
3.181219
3.213613
3.150826
3.188583
3.166791
3.162892
3.133839
3.052829
3.235741
3.112083
2.972675
3.154577
3.093393
3.020104
3.272172
3.045520
3.334214
2.982282
3.056003
3.062621
3.224463
3.097785
3.074630
3.156325
3.205904
3.110766
3.268984
3.121278
3.112954
3.163627
3.070908
3.147441
3.155435
3.143835
3.150907
3.049824
3.141489
3.066202
3.139247
3.024299
3.127882
3.404689
3.108412
3.065678
2.942101
3.288386
3.302284
3.163414
3.117751
3.107097
3.024549
3.217501
3.134123
2.990224
3.159554
3.213082
2.878735
3.124446
3.159220
3.152599
3.265210
3.034528
3.068137
2.898476
3.208806
3.233115
3.063646
3.319837
3.100637
2.889893
3.243226
3.122652
3.242377
3.103909
3.064092
3.146815
3.131632
3.145227
2.976800
3.145344
3.055652
3.217149
3.010808
3.225324
3.178463
3.217470
3.068239
3.234259
3.208414
3.146662
3.285242
2.947017
2.985979
3.112395
3.263016
3.114360
3.231639
3.239678
3.113199
2.956764
2.985406
3.270221
3.042626
3.063909
3.080652
3.170506
3.183134
3.055588
2.949743
3.049123
3.067939
3.074652
3.070728
3.403039
2.915696
3.090645
3.131953
3.042848
2.953817
3.162082
3.051819
3.144992
3.217974
3.130727
3.113044
3.046017
3.137831
3.194801
3.151659
3.100486
3.178147
3.291496
3.222553
3.338606
3.139655
3.166163
3.096495
3.229350
3.164502
3.252102
3.020657
3.021568
3.118658
3.119323
3.099204
3.053395
3.101855
3.153644
3.054087
3.139707
3.187204
3.051845
3.049570
3.282067
3.050284
3.143832
3.024968
3.191113
3.083000
3.070862
3.018087
3.183405
3.134557
3.122941
3.083514
3.211486
3.127486
3.232743
3.139355
3.066741
3.007352
2.935538
3.163880
3.076769
3.181106
3.143377
2.976778
3.003175
3.125319
3.154292
3.245791
3.042720
3.292119
3.233348
3.330926
3.133524
3.194551
3.123098
3.259169
3.202636
3.256903
3.180162
3.018121
3.158924
3.186493
3.060065
3.135303
3.063064
3.114777
3.098987
3.156009
3.129805
3.140498
3.269120
3.209744
2.933337
3.114654
3.092156
3.083660
3.043726
3.311561
3.172684
3.213826
3.021177
3.174625
2.997932
3.225918
3.239068
3.078048
3.217173
3.134951
3.125828
3.175310
2.957614
3.271848
3.161085
3.104413
3.239422
3.185158
3.256155
3.126708
3.059437
3.062776
3.178812
3.112862
3.000316
3.092412
3.172785
3.065684
3.022377
3.099249
3.110327
3.167508
3.128541
3.024817
3.178192
3.149077
3.185722
3.161901
3.095525
3.065454
3.193116
3.034753
3.124385
3.136687
2.853465
3.054408
3.198599
3.073641
2.986826
3.173631
3.194262
3.176688
3.140228
3.155192
3.072528
3.132965
3.142782
3.186244
3.016577
3.196732
3.114657
3.182986
3.113096
3.093433
3.156929
3.108258
3.028841
3.169732
3.049358
3.205196
3.090991
3.187606
3.062202
3.056681
3.111225
2.969757
3.110879
3.135366
3.121066
3.064562
3.042346
3.267651
3.308284
3.115662
3.368555
3.110729
3.100032
3.156982
3.070534
3.127656
3.183680
3.283465
2.879347
3.056638
3.162447
3.142706
3.062782
3.158541
3.294201
3.307455
3.205437
3.233240
3.051882
3.280716
3.028340
3.145036
3.101898
3.174683
3.144373
3.339375
3.161556
3.238684
3.174052
3.029332
3.094488
3.136263
3.103348
3.164784
3.177459
3.150521
3.157022
3.162035
3.205961
3.152866
3.047083
3.136328
3.299333
3.073166
3.150498
2.986419
3.127787
3.196846
3.196528
3.031071
3.086714
3.179872
2.944388
3.057661
3.074057
3.168613
3.206309
3.059201
3.222244
2.968819
3.048578
3.149746
3.217549
3.181449
3.097141
3.137078
2.996097
3.176060
3.314018
3.222918
3.377314
3.210334
3.093774
3.258988
3.217865
3.028265
3.072708
3.154283
3.144305
3.045948
3.024987
3.185238
3.162881
3.049556
3.075862
3.190815
3.200090
3.033321
3.262331
3.207720
3.218531
3.032680
3.068176
3.111251
3.178141
3.086579
3.161345
3.072666
3.219464
3.109326
3.229923
3.049954
3.193293
3.016615
3.282192
3.196664
3.240578
3.101741
3.207266
3.119617
3.142354
3.066463
3.038730
3.071524
3.151058
3.268405
3.147695
2.960137
3.025622
3.052219
3.143805
3.086512
3.092188
3.022977
3.274401
3.172830
3.141422
3.148538
3.087418
2.896142
3.079280
2.863224
3.243848
3.235721
3.122885
3.038791
3.169537
3.066021
3.108549
3.119327
3.058615
3.242487
3.177835
3.190548
3.130990
3.092337
3.179287
3.152591
3.129826
3.070003
3.121460
3.128360
3.093511
3.201238
3.141457
3.125727
3.221325
3.130858
3.212900
3.070313
3.194545
3.240886
3.053641
3.029455
3.187231
3.211501
3.027292
3.059035
3.081195
3.171817
3.127162
3.176492
3.171873
3.070282
3.028559
3.184062
3.130745
3.218408
3.270637
3.256925
3.112385
3.220429
3.246256
3.062035
2.937323
3.004334
3.035669
3.198326
3.111742
3.156435
3.216250
3.073316
3.189417
3.115591
2.993069
3.089651
3.216294
2.992628
3.104130
3.076339
3.194994
3.199713
3.014315
3.162868
3.179742
3.179234
2.985750
3.071458
2.984894
3.221999
3.042586
3.192887
3.040967
3.088705
3.026911
3.124878
2.947782
3.126817
3.164404
3.095085
3.189515
3.097331
3.050432
3.119325
3.069273
3.182908
3.085775
3.017598
3.159273
3.169872
3.172144
2.942468
3.244691
3.059501
3.215570
3.222223
3.126154
3.220104
3.099880
3.077801
3.219603
3.112197
3.106307
3.116630
3.054028
3.179219
3.265722
3.153813
2.877359
3.242027
3.006221
3.109025
3.148114
3.083598
3.181864
3.396508
3.215912
3.170977
3.003941
3.207676
3.044294
3.178345
3.033501
3.184798
3.070455
3.087920
3.189288
3.072350
3.015812
3.139897
3.143991
3.158601
3.106029
3.232377
3.199026
3.089157
3.089518
3.198832
3.041552
3.174387
3.144049
3.042931
3.181673
3.198692
2.945567
3.079800
3.106259
3.172426
3.232023
3.168486
2.880559
3.192969
3.060627
3.093512
2.899596
3.210362
3.154383
3.118559
3.253537
3.125279
3.235688
3.038311
3.057789
3.167283
3.032914
3.084618
3.145466
3.194073
3.060666
3.080899
3.166303
3.112700
2.970750
3.203144
3.162318
3.171259
3.199483
3.103944
3.136830
3.134253
3.193774
3.082705
3.121298
3.239028
3.180893
3.199427
3.022225
3.258558
3.139305
3.139528
3.042844
3.178626
3.244652
3.164231
3.130033
3.106983
3.176227
3.186424
3.163001
3.188640
3.011999
3.041391
3.268169
3.140671
3.072348
3.046748
3.285537
3.214744
3.216729
3.149074
3.254645
3.190487
3.035278
3.165328
3.158594
3.215271
3.103610
3.191592
3.073851
3.174395
3.242384
3.059465
3.025476
3.201836
3.167989
3.242650
3.194180
3.097254
3.116715
3.150336
3.118701
3.242854
2.997058
3.057818
3.094955
3.110839
3.140045
3.015297
3.220802
3.315988
3.231508
3.180140
3.111466
3.238688
3.177709
3.119909
3.092980
3.150991
3.093536
3.103763
3.141672
3.063139
3.321224
3.163359
3.311196
3.053261
3.329074
3.129870
3.282130
3.062319
3.121900
3.294632
3.038056
3.088735
3.119904
3.106901
3.044779
3.140714
3.300392
3.117635
2.979489
3.140810
3.242444
3.093916
3.178590
3.118034
3.207689
3.016374
3.231549
2.995769
3.111823
3.107990
3.199916
3.258185
3.168187
3.117641
3.213188
3.023550
3.209569
2.919303
3.089732
3.093311
2.931301
3.101759
3.154449
3.060866
3.092235
3.214964
3.242788
3.188864
3.194426
3.170065
3.048020
3.165413
3.140838
3.226850
3.074858
3.052382
3.245736
3.126932
3.021719
3.177924
3.179487
3.147665
3.050260
3.104457
3.134811
3.099231
3.037689
2.899553
3.224954
3.284055
3.081459
3.173197
3.213816
3.128257
3.072628
3.019806
3.217314
2.994385
3.164595
3.100073
3.109695
3.148464
3.188888
3.101293
3.097587
3.161354
3.115303
3.249946
3.096626
3.137098
3.213470
3.094013
3.024488
3.109977
3.096573
3.120999
3.068485
3.174923
3.013752
3.255375
3.137079
3.138991
3.149555
3.274249
3.309493
3.098399
3.121452
3.197371
3.029278
3.284751
3.024608
3.064384
3.085575
3.111288
3.226938
3.081285
3.137485
3.042579
3.157461
2.929647
3.026819
3.156338
3.069743
3.083675
3.162354
3.285190
3.235429
3.015329
3.114841
3.070257
3.310409
3.149771
3.236621
3.116238
3.293894
3.042227
3.066452
3.223511
3.144598
3.241722
3.050940
3.149889
3.023427
3.079820
3.250437
3.233675
3.011677
3.208377
3.123513
3.146726
3.007119
3.123597
3.083360
3.247979
2.967217
3.097679
3.068024
3.044997
3.217205
3.134335
3.209200
3.099777
3.127105
2.958696
2.845712
2.868152
3.119203
3.141698
3.138607
3.096662
3.191535
3.080023
3.069702
3.074868
3.139915
3.075756
3.139880
3.359446
3.108291
3.204819
3.011237
3.067657
3.090391
3.158942
3.143094
3.070441
3.082768
3.058733
3.101563
3.127997
3.085702
3.071582
3.127351
3.062016
2.936786
3.231411
3.256151
3.137161
3.103966
3.165544
3.035124
3.167203
3.124738
2.934916
3.110369
3.215674
3.121744
2.986517
2.992816
3.188480
3.198154
2.943683
3.121949
3.198730
3.346392
3.166655
3.177002
3.060167
3.139737
3.076205
3.097835
3.019581
3.220460
3.028629
3.128050
3.232512
3.271678
3.148131
2.966401
3.094787
3.043471
3.137247
3.194535
3.117765
3.062053
3.294581
3.119270
3.139198
3.120750
3.093631
3.244608
3.124449
3.229884
3.243746
3.028814
3.004003
3.283245
3.187497
3.109259
3.338969
3.125089
3.123885
3.188508
3.254349
2.994465
3.197289
3.199288
3.108199
3.034931
3.166055
3.117068
3.036969
3.156775
3.045987
3.250768
3.124518
3.128518
3.380056
2.905314
3.018558
3.177684
3.185404
3.228134
2.992180
3.169028
3.044744
3.093396
3.149632
2.995712
3.160838
3.234135
3.132071
3.177023
2.948762
3.062613
3.118096
3.150184
3.207947
3.080524
3.046229
3.044519
3.229074
3.195723
3.243266
3.157984
2.938599
3.240317
3.258329
3.171112
3.076525
3.307743
3.096243
3.234706
3.200795
3.243344
3.119029
3.093034
3.239961
3.249967
3.128895
3.251520
3.115376
3.074187
3.057538
3.126032
2.948729
2.965360
3.325605
3.147653
3.118399
3.134231
3.223025
3.006279
3.123805
3.031112
3.065011
3.176878
3.059010
3.139210
3.193570
3.072853
3.111685
3.174513
2.878456
3.070454
3.155580
3.200787
2.928977
2.988280
3.264438
3.139419
3.139052
3.181153
3.102072
2.989373
3.035842
3.167189
3.266152
3.102589
3.068761
3.048604
3.026358
3.045710
3.122267
3.073995
3.223778
3.009382
3.120466
3.238833
3.118748
3.164638
3.074188
3.144032
3.024907
2.964269
3.113645
3.119499
3.045476
3.219999
3.036452
3.119325
3.004221
3.062328
3.180491
3.165685
3.217033
2.977101
3.142169
3.091808
3.272463
3.260166
3.127278
3.252829
3.030340
3.293807
3.140743
3.159822
3.151818
3.022993
3.075159
3.142844
3.226406
3.184635
3.272139
3.183523
3.061909
3.166823
3.029745
3.200599
3.129773
3.231904
3.075912
3.199413
3.176200
3.074887
3.116853
3.184401
3.042024
3.348769
3.098561
3.152602
3.229914
3.068525
3.379582
3.127207
3.049882
3.246574
3.266283
3.029258
3.225857
3.126852
3.003854
3.208515
3.158412
3.318621
3.272328
3.090099
3.063402
3.045992
3.244481
3.041948
3.172189
3.129975
3.127278
3.101011
3.141401
3.067369
3.045326
3.176971
3.377255
3.107280
3.099004
3.220872
3.050907
3.087569
3.144833
3.192790
3.159395
3.048773
3.156391
3.173114
3.233430
3.134558
3.134058
3.113231
3.041086
3.032698
3.137454
3.017125
3.059990
3.159656
2.997860
3.059400
3.114902
3.150063
3.108316
3.113628
3.151314
3.210757
3.052523
3.259975
3.044438
3.172424
3.011680
3.161524
3.099201
3.062266
3.344209
2.866993
3.139442
3.108657
3.024733
3.097471
3.284578
3.076985
3.117377
3.110589
3.173623
3.076984
3.036730
3.394941
3.292849
3.094982
3.072995
3.112412
3.171981
2.983197
3.290042
3.180017
3.037418
3.219239
3.003609
3.182169
3.121923
3.269059
3.255641
3.043342
3.290363
3.149497
3.103950
3.164245
3.115347
3.237249
3.200558
3.130458
3.158046
3.189744
3.254772
3.163264
2.925891
3.035646
3.195857
3.102179
3.399036
3.136249
3.069466
3.149945
3.208861
3.135633
3.182089
3.150748
3.010733
3.148506
3.196199
3.037645
3.008299
3.050677
3.156616
3.229212
2.978724
3.175446
3.098890
3.122747
3.210296
3.106461
2.981350
3.182037
3.023885
3.056659
3.190994
3.131091
3.200627
3.022497
3.155188
3.004734
3.190583
2.997183
3.121858
3.303192
2.979133
3.213059
3.127503
3.151908
3.162118
3.036718
3.104777
3.121138
3.171214
3.138718
3.220097
2.982530
3.059494
3.233526
3.215093
3.149382
3.258282
3.275899
3.060814
3.279036
3.293037
3.141511
3.252321
3.053939
2.910087
3.139658
3.257109
2.975282
3.220991
3.092712
3.117573
3.116725
3.095578
3.000348
3.094402
2.952034
3.235518
3.268894
3.173760
3.144928
3.149668
3.206169
3.046252
3.044743
3.286015
3.169799
3.086010
3.097538
3.098811
3.112695
2.943048
3.183729
3.056648
3.025261
3.159177
2.989866
2.967132
2.972832
3.077226
3.048762
3.123148
3.128030
3.124216
