# Si-Si bond lengths (Angstrom)
# Total count: 10802
3.093818
3.094605
3.074047
3.124764
3.178070
2.982086
2.924483
3.109164
3.034710
2.961854
3.128424
3.256680
3.036530
3.115710
3.023826
2.975712
3.208009
3.052798
3.131283
3.088095
3.184242
3.023076
3.190890
3.038565
3.070805
3.329656
3.160672
3.029767
2.974779
3.016576
2.944980
3.022015
3.073253
3.100854
3.038104
3.086328
3.148865
3.067133
3.125630
3.014844
3.093684
2.973859
3.028139
2.991887
3.081484
3.109330
3.247533
3.109075
2.937589
3.153861
3.006277
3.108726
3.052691
2.980364
3.017121
3.164815
3.035373
3.175667
2.977162
3.201910
3.173623
3.031542
3.185728
3.041547
2.940864
3.126289
3.076909
3.166329
3.099197
2.991421
2.921000
3.261835
3.122883
3.188827
2.975985
2.949821
3.054146
3.044681
2.979388
3.203286
3.049399
3.221403
3.173393
3.201881
2.966417
3.219697
3.025576
3.048482
3.017099
3.148529
3.142449
3.024366
3.027814
3.149197
3.117931
3.073902
3.006340
2.934382
3.290498
3.042253
3.045184
3.062472
3.255439
3.097459
3.279335
3.069767
2.992667
3.023042
2.972425
3.102440
3.150097
3.025061
3.120083
3.145420
3.181730
3.392755
3.040596
3.039607
3.139116
3.039007
3.228871
3.103702
3.037151
2.967248
3.122446
3.033698
3.121137
3.415978
3.155761
3.099478
3.174016
2.975929
3.018885
3.175573
3.076019
3.332975
3.091784
3.087226
3.047763
3.125345
3.123688
3.269175
3.032990
3.142286
2.961632
3.066681
3.129057
3.065745
3.049626
3.164108
3.257562
3.134478
3.058006
3.071828
2.908776
3.198615
2.956352
3.087000
3.229960
2.964803
2.957795
3.123010
3.033603
3.043148
3.200244
2.986064
3.216419
3.065308
3.024249
3.110993
3.045727
2.958505
3.209562
3.051542
3.036418
2.994675
3.056453
2.977029
3.014573
3.114940
3.006397
2.960473
3.068849
3.000846
3.169063
3.018434
3.271113
3.202637
2.979980
3.116554
2.974182
3.212761
3.093212
3.147278
3.041190
3.008679
3.094042
3.079973
3.074827
3.140110
3.242901
3.071089
2.993565
3.110361
2.976338
2.925910
3.133208
3.024612
3.129199
3.081302
3.081515
3.141198
3.219029
2.974122
3.068629
3.012398
3.118363
3.043107
3.056943
3.227348
3.020718
2.989085
3.176062
2.989524
3.317753
3.156842
3.054298
2.992090
3.120824
3.042076
3.097665
3.220221
3.001173
2.969220
3.113894
3.045098
3.299399
3.068418
3.036199
3.137996
3.098548
3.008555
3.050592
3.186659
2.957341
3.034149
3.094206
3.044496
3.095949
3.015935
3.048536
3.210126
2.953841
3.046475
3.184530
3.063342
3.057178
3.078756
3.078961
3.154631
3.077190
3.020349
2.992472
3.064058
3.198259
2.989664
3.168657
3.019835
3.013714
2.940527
3.054975
3.092210
3.091304
3.065270
3.156567
3.076381
3.118779
3.091135
2.947808
3.090684
3.189529
3.046336
3.078078
3.094179
3.034332
3.072562
3.074777
3.038802
3.021604
3.104415
3.109538
3.172003
3.084071
3.075999
3.196465
2.983931
3.115596
3.093519
3.061367
2.984879
3.084101
3.235876
2.987383
3.156206
3.051364
3.028932
3.080555
3.127697
3.238677
3.107025
3.026072
3.010801
2.973844
3.168468
2.975743
3.090496
3.243489
3.130261
2.933910
3.329157
3.123161
3.128676
3.054390
2.969498
3.043367
2.937260
3.100530
2.995145
3.108893
3.117225
2.985769
3.373047
3.179089
2.885305
2.995851
3.037650
2.978406
3.131644
3.050901
3.076359
2.975475
3.247024
2.987348
2.977758
3.085717
3.119489
3.118958
3.041549
3.099539
3.065230
3.137906
3.091900
3.081096
2.984876
3.036757
2.998244
3.214036
3.131417
3.018135
2.995371
3.175308
2.965104
2.921344
3.018154
2.995938
3.067247
3.191001
3.002096
3.075375
3.009071
3.080173
3.120143
3.071400
2.965143
3.159232
3.215798
2.984772
3.122492
3.092374
2.994742
3.068294
3.097143
3.038159
3.175429
2.993053
3.010453
3.166602
3.136122
3.095764
3.260115
3.174577
2.943370
3.049459
3.071393
3.032450
3.056933
3.124034
3.160165
3.021361
3.078445
2.902402
3.214582
3.088970
2.976325
3.155421
3.073598
3.235323
3.187855
3.143745
3.070509
3.032175
3.062520
3.073807
3.061733
2.992052
3.080395
3.154234
3.034862
3.027524
3.037072
3.053440
3.177462
3.094018
3.070097
2.915332
3.070199
3.091109
3.029652
3.062679
2.994523
2.952332
3.253808
3.196340
3.101465
3.011154
3.230885
3.078110
3.013932
3.036945
3.100718
2.949962
2.999891
3.055096
3.127266
3.076020
3.129224
3.150518
3.218749
3.099675
3.144094
3.043669
3.042229
3.313109
3.144867
3.072785
3.036366
3.132983
3.006261
2.982147
3.058522
3.076278
2.992914
3.153390
3.170873
3.203914
2.974064
3.161284
2.880523
2.995848
2.983452
3.051624
3.139621
3.118741
3.076183
3.074904
3.017099
3.036921
3.143925
3.252041
3.038642
2.988201
3.000303
3.162555
3.031785
3.140728
3.151963
3.021513
2.976522
3.046373
3.248610
3.252754
3.023414
2.989571
3.044819
3.041406
3.095986
3.018803
3.231638
2.963623
3.124119
3.135107
2.834509
3.079421
3.045940
3.093096
3.100240
3.102745
3.024286
3.151828
3.107568
3.239186
3.159354
2.984946
3.062097
3.031230
3.009176
3.181112
3.106632
3.258656
3.030507
3.037409
3.065307
3.188130
3.172516
3.035398
3.005571
3.135990
3.153904
3.128460
3.072366
3.224393
3.026225
2.991279
3.228347
3.003116
3.062136
3.051506
3.224453
3.018669
3.145344
3.074246
3.036314
3.133829
3.179839
2.931865
3.147330
2.965439
3.146154
2.967395
3.074476
2.987284
2.978304
3.214134
3.107608
2.963027
3.066772
3.103165
3.081035
3.327091
3.134218
3.220347
2.920468
3.091585
3.036711
3.075983
3.086262
3.114150
3.089920
3.052479
3.013955
3.068483
3.125592
3.143756
3.000681
3.081233
3.099201
3.051090
3.039062
3.105116
3.081242
3.036904
2.900937
3.144622
3.036647
3.206209
3.032876
3.064607
2.990618
3.087819
3.091967
3.147632
3.083780
3.018007
3.114995
3.144359
3.101338
3.198395
3.024037
3.119514
3.033369
3.158429
3.127903
3.143039
3.005269
3.077424
3.085809
3.032882
3.306092
3.054713
2.978370
3.093622
3.186804
3.126588
2.953263
3.185577
3.035430
3.008883
3.249220
3.168464
3.080419
3.150853
3.000048
3.189707
3.197744
3.068133
3.026482
3.199505
3.084379
2.965861
3.060988
3.109422
3.124861
3.063565
3.123480
3.069286
3.034525
3.066799
3.010174
2.995107
2.931243
3.045632
2.970349
3.138833
3.043936
3.056448
3.069717
3.035598
3.123026
3.195531
3.182147
3.082632
2.941099
3.117215
2.953794
2.984604
3.220215
3.209884
3.367615
2.827619
3.193908
3.047808
3.165874
2.981267
2.978030
3.098649
3.061096
3.079080
3.037802
3.044313
3.147562
3.022802
3.044937
3.054644
3.096575
2.978737
3.014656
3.042655
2.967151
3.114486
2.961160
3.084474
3.241589
3.021480
3.096409
3.077476
3.200739
3.195738
3.016449
3.152137
3.046471
3.081742
3.079076
3.008237
3.035162
3.042168
3.105110
2.959658
3.060956
3.244393
3.089488
3.054478
3.132486
3.117296
3.094238
3.013455
3.268210
3.061514
3.071422
3.022923
3.194291
3.042798
3.072406
3.043546
3.075971
3.033832
2.994213
3.106164
3.124631
3.048547
2.988407
2.967222
3.093689
3.035379
3.017549
3.045085
3.273220
3.011183
3.052644
3.173256
3.110054
3.084333
3.147341
3.389297
3.064897
3.157244
2.976645
3.147210
3.183518
3.025793
3.067904
3.090589
3.019815
3.095349
3.193656
3.060876
2.948178
3.029653
3.292105
3.150990
2.978474
3.093383
3.057232
3.285840
3.072972
2.904931
3.090724
3.123371
3.016476
3.002289
3.160720
3.129511
3.167648
2.998706
3.183064
3.011208
2.987902
3.124662
3.142817
3.084052
3.066783
3.005491
2.936522
3.171032
3.209355
3.101707
3.044407
3.174877
3.088693
3.076065
3.018079
3.017808
3.178314
2.919382
3.005836
3.000534
2.961356
3.090615
2.990701
3.153177
3.110294
3.078677
3.000790
3.151163
3.130414
3.125277
2.986867
2.965138
2.992307
3.155315
3.001611
3.063933
3.059539
3.115772
3.060640
3.034404
3.077166
3.059671
3.055731
3.091459
3.327207
3.048052
3.183755
3.052612
2.988931
3.158012
3.279111
3.167040
2.981535
2.990854
3.368513
3.103822
2.979422
3.350410
2.999983
2.905521
3.082372
3.128800
3.174705
3.112701
3.185888
3.232008
2.950069
2.985756
3.116259
3.053858
3.063211
3.177192
3.056090
3.159629
3.052094
3.188976
3.082827
3.047521
3.062274
3.103475
3.010587
3.085048
3.141067
2.907734
3.219251
3.105642
2.982059
3.033579
3.112402
2.997960
3.013089
2.989626
3.040768
3.091844
3.041578
3.050114
3.135116
3.023164
3.186084
3.093584
3.174565
3.092550
3.057082
3.012068
3.049916
3.182297
3.154776
3.158674
3.014631
3.173405
3.115311
3.075700
3.027423
3.153066
3.052740
3.019865
2.999567
2.973242
3.178572
3.231395
3.046564
3.013872
2.958922
3.003290
3.126323
2.973431
3.208750
3.264593
3.200612
3.034720
3.245831
2.975471
3.128469
3.049844
2.931217
3.158625
3.134872
3.029797
3.013436
3.011979
3.115347
2.953711
3.151308
3.098810
3.031701
3.286233
3.078133
3.020758
2.993362
2.979978
3.010474
3.149211
3.195708
3.068276
3.085416
3.121307
3.148927
3.144161
3.026236
3.189495
3.030175
3.030128
3.198381
3.096786
3.149809
3.199001
3.082282
3.128877
3.153698
3.114348
2.973392
3.296570
2.967652
3.050882
3.187635
3.043967
3.040328
3.194700
3.008848
3.017134
3.241320
3.077469
3.083637
3.218099
2.986419
3.035909
3.267454
3.165378
3.164279
2.975900
3.013347
3.310346
3.050441
3.118074
3.053386
3.043220
3.080371
3.074171
3.055119
3.154711
3.044222
2.994081
3.199843
3.039031
3.074542
3.225056
3.092457
3.007781
2.988313
3.132365
3.237911
3.123724
3.220275
3.010090
3.074077
3.142481
3.083418
3.085879
3.166766
2.959895
3.159562
3.086918
2.992313
2.979382
3.086375
2.945001
3.040088
3.041853
3.095872
3.091022
3.088437
2.923150
3.071727
2.963216
2.970607
3.119706
3.254299
2.916073
3.103572
3.008770
3.214130
3.015139
3.090726
3.091430
3.079344
3.122610
3.014591
2.976773
3.234147
3.024446
3.030444
3.175163
2.951574
2.979233
2.989319
3.038491
3.211295
3.018664
3.103762
3.165541
3.144406
3.149216
3.059958
3.072897
3.135340
2.957720
3.077896
3.162537
2.980022
2.920290
3.141203
3.093411
3.005075
3.030791
2.993170
3.187975
3.111120
3.354656
2.922448
3.108883
2.906078
3.135089
3.079170
3.066424
3.090429
3.065920
3.232055
3.012076
3.121742
3.003184
3.220588
3.034843
3.071164
3.031224
3.149088
3.115778
3.066976
2.975380
3.207275
3.007692
2.905909
3.193787
3.261476
3.049083
3.297072
3.124733
3.325551
3.044011
3.034599
3.031351
3.101132
3.227174
3.054870
2.933663
2.961699
3.020727
3.043826
3.056079
3.020428
3.068690
2.981217
3.159599
3.061177
2.996167
3.288776
3.033226
3.231858
3.008339
3.206226
2.960789
3.106589
3.033149
3.124941
3.210218
2.903116
3.102565
3.031790
3.011512
3.035411
2.997262
3.086864
3.129747
2.986677
3.015806
3.147554
3.085918
3.126836
2.964614
3.001443
3.043038
3.038135
3.284881
3.016709
3.052310
3.084445
3.105359
3.160067
3.062026
2.933116
3.268466
2.995532
2.974893
3.031329
3.249451
3.026209
3.038917
3.030883
3.253502
3.169071
3.138943
3.328202
3.011896
3.167776
3.012638
3.293989
3.059984
3.030004
2.980267
3.044266
3.060288
3.105817
3.033497
3.025356
3.044750
3.080405
3.023583
3.082738
3.132946
3.134141
3.211243
2.975641
3.009103
2.986912
3.083273
2.967495
3.048253
3.220447
3.089611
3.091527
2.969804
3.107288
3.035973
2.967140
3.064089
3.300783
3.011569
3.012491
3.055923
3.062543
2.959572
3.230812
3.022966
3.029806
3.174986
2.972870
3.013031
2.906509
3.137616
3.032947
3.238195
3.254594
2.980951
2.958609
3.014667
3.147738
3.093035
3.040226
3.064508
3.038300
3.283501
2.985930
3.062352
3.249226
3.013269
3.035007
3.105550
3.056941
3.193348
2.960670
3.227165
3.139195
3.072380
3.010493
3.190558
3.063838
3.048086
3.082787
3.094610
3.032794
2.960014
3.076144
3.131729
3.160969
2.958466
3.096482
3.213531
3.083510
3.008201
3.063877
3.125376
3.033582
3.056630
3.066611
3.156638
3.114911
2.985390
2.931615
3.003067
3.160489
3.139480
3.228686
3.176955
3.023734
2.992995
3.135280
2.993073
3.136903
3.218927
2.983650
3.054639
3.042835
3.007324
3.152324
3.123864
3.032606
3.047210
2.924344
3.079688
3.076754
2.970730
3.208924
3.045654
2.933519
3.036758
3.187451
3.048553
2.927448
3.037777
3.123267
3.059460
2.974588
3.049034
3.068670
3.048211
3.088216
3.031277
3.094638
3.201215
3.123982
3.049095
3.099603
2.973173
3.067782
3.004254
3.222355
3.009891
3.130994
2.976848
3.239861
3.071254
3.211980
3.018158
3.049984
3.154573
2.970728
3.232904
3.112166
3.192875
3.093114
3.031186
3.117575
3.007714
3.291325
3.079794
2.979803
2.993439
3.130963
3.022393
3.036807
3.101787
2.870471
3.158088
3.148208
3.052078
3.183758
3.119983
3.296911
3.034130
2.969430
3.282094
2.981689
3.082213
3.092383
3.230242
3.265609
3.131108
2.990275
3.244791
3.057720
3.100346
2.988879
2.929704
3.241655
2.968131
3.065302
3.198728
3.201798
3.073365
3.314704
3.005821
3.006156
3.085993
3.082555
3.037717
2.980381
3.061351
2.970634
3.032956
3.307651
2.958075
3.087319
3.101466
3.101050
3.075467
3.015079
3.124541
2.921177
3.410953
3.142797
3.002683
3.080686
3.154423
3.251007
3.181809
3.162134
3.046418
3.016453
3.103868
3.231288
3.109624
2.967133
3.080925
3.021592
3.016922
3.181112
3.024970
2.966509
3.192310
3.074954
2.987666
3.033963
3.086046
3.327283
3.017458
3.058044
3.112250
2.924610
3.026010
3.024558
3.079039
3.189928
2.954324
3.115661
3.184260
3.048424
3.181195
2.973733
3.116891
3.051857
3.072811
3.067395
2.956426
3.233992
3.034330
3.189157
3.168406
3.155640
3.125037
3.043925
3.245740
3.047874
3.141989
3.002752
3.039022
3.175238
3.090158
2.986607
2.992410
3.167563
3.041800
3.121166
3.128311
3.077071
3.134215
3.012166
3.033944
3.089193
3.088907
3.194412
3.135500
3.194901
2.964403
3.122471
2.995078
3.066584
2.992932
3.064585
3.039392
3.227983
3.244404
3.092375
2.990308
3.082797
3.043677
3.105989
2.992135
3.031433
2.969532
3.122919
3.006386
2.919294
3.087898
3.099798
3.138798
3.084597
3.156387
3.022380
3.067826
3.219861
3.106158
3.168671
2.969269
3.006510
2.991227
2.976627
3.078982
2.940838
3.355761
3.053446
2.997544
3.015592
3.100558
3.032046
3.086263
3.089260
3.225414
3.069015
3.087063
3.222351
2.992025
3.235749
3.047173
3.158844
3.032954
3.258963
2.907314
3.132347
3.182667
3.147984
2.980881
2.966097
3.060627
3.105278
3.146125
3.234268
3.070544
3.004867
3.027046
2.936358
3.107223
2.949321
3.065713
3.056724
3.162437
3.224147
2.981408
2.959647
3.071545
3.066291
3.136835
2.973234
3.134134
3.129515
3.076513
3.169592
3.091401
3.065232
3.134562
2.954597
3.101207
3.192217
3.000254
3.136893
3.057892
3.119159
2.947174
3.148749
3.091534
3.046899
2.996409
3.041531
3.106094
3.196258
3.239623
3.135316
3.091222
3.072263
3.093836
2.976073
3.107936
3.048362
3.027858
3.007850
3.117362
2.994674
2.915496
3.327814
3.006896
3.218993
3.139871
3.026043
3.002570
2.999211
3.242475
3.103730
3.226708
3.114779
3.040450
3.180781
3.031518
3.118753
3.069857
3.124347
3.139065
2.941991
3.095108
3.024569
3.084055
3.043840
3.127317
2.949701
3.150063
3.001864
3.165142
3.429815
3.160757
3.070147
3.139946
3.217144
2.929418
3.159897
2.978004
3.243845
3.250744
3.175058
2.909084
3.117436
3.268809
3.089019
3.032329
3.028068
3.072231
3.234730
3.168189
3.037448
3.129891
3.115337
2.937158
3.081903
2.923313
3.063492
3.223088
3.235599
3.019124
3.028026
2.978463
2.994638
3.168795
3.083598
3.342502
3.025543
2.972391
3.102955
3.119308
3.040542
3.090207
3.018588
3.306839
3.127113
3.088544
3.032647
3.044548
2.907724
3.149127
3.313394
2.968487
3.004294
2.999761
3.086304
3.261084
2.935310
3.087706
3.050108
3.320594
3.099493
3.229003
3.017930
3.096819
3.127195
3.157597
2.972457
3.185714
3.030425
2.986491
3.094875
3.025806
3.089305
3.018598
3.317938
3.001165
3.018471
3.228060
2.985101
2.998404
3.278023
3.068988
3.073557
2.979791
3.111423
3.037949
3.019889
3.187515
2.998406
3.136120
2.980207
3.125140
2.995087
3.302338
3.129339
3.104378
2.976745
3.034914
3.167316
3.123597
3.157054
3.150901
3.149009
3.185251
2.998572
2.996202
3.108547
3.155064
3.096417
3.035988
3.046866
3.181509
3.171586
3.032536
2.972541
3.237199
3.229973
2.978550
3.126368
3.043236
2.926460
2.982895
3.158880
2.908527
3.002788
3.076678
3.171570
3.122205
3.053211
3.233613
2.995806
3.071431
3.032487
3.035206
3.049806
3.092147
3.075874
3.010709
3.130252
3.095271
3.060722
3.067975
3.013055
3.021465
3.173681
3.214269
3.159786
3.220976
3.053518
3.069188
3.233010
3.007857
3.013604
3.036388
3.121742
3.016536
3.299474
2.922938
3.018980
2.922711
3.078186
3.077546
3.133450
3.052306
3.089571
3.101266
3.030971
3.213412
3.150937
3.066606
2.977194
3.044741
3.126154
2.992754
3.221894
3.075299
2.985451
3.068323
2.971301
3.215766
3.182830
3.128185
3.004423
2.946198
3.100731
3.044477
3.175013
3.115040
3.154825
3.028189
3.083616
3.146407
3.009356
3.056242
3.033577
3.130306
3.103025
3.114179
2.993398
3.147431
3.040634
3.035976
3.229736
2.974611
3.197086
3.287236
3.034535
2.998718
3.092043
3.005732
3.015922
3.200717
3.090482
3.106924
2.859576
3.103072
2.985612
3.073174
3.090773
3.100690
3.081833
3.229092
2.981316
3.047486
3.251059
2.962938
3.184315
3.052304
3.135346
2.975749
3.107869
3.009009
3.054615
3.002418
3.066743
3.013706
3.012033
3.023748
3.213319
3.155260
3.024283
3.321792
2.967217
3.238618
3.015843
3.174718
3.069922
2.985038
3.095201
3.120719
2.959596
3.217394
3.045757
3.011501
3.094661
3.007776
3.055830
2.872485
3.183788
3.132456
3.186001
3.139805
3.041365
3.129611
3.057231
3.026422
3.150364
3.203604
3.016031
3.140030
3.125847
3.046176
3.060112
3.196661
3.042056
3.226480
2.984124
3.007594
3.180766
3.062922
2.993490
2.968317
3.386002
2.999595
3.023658
3.034614
3.013746
3.181471
3.049217
3.025677
3.114557
2.995540
3.069441
3.003283
3.010478
2.984384
3.020065
3.038606
3.018096
3.008351
3.270949
3.032212
3.152442
2.953616
3.076791
3.142972
2.969829
3.139082
3.037931
3.033049
2.986824
3.008982
3.149511
3.169499
3.008355
2.935537
3.052334
3.262773
3.095554
3.134924
3.132641
3.116747
3.054695
3.011829
3.141766
2.984230
3.191547
3.070345
3.150998
3.062184
3.066872
3.093492
3.417616
3.106523
3.006237
3.002876
3.065805
3.201420
3.166919
3.016202
3.093124
3.130013
2.974047
3.400588
3.016081
3.281933
3.175500
3.075110
3.016412
3.074987
3.154980
3.228933
3.049313
3.040060
3.024183
3.134315
3.115386
3.030807
3.067300
3.112620
3.011614
2.988806
3.061008
3.111630
2.998271
3.070540
2.973057
2.981825
3.265066
3.082072
2.964646
3.080774
3.112618
2.958076
3.005414
3.026014
3.048032
3.007487
3.139279
3.113987
2.974056
3.244092
3.025041
3.064998
3.115531
2.946732
3.131949
2.994567
2.963582
3.305615
3.210933
2.990762
3.127419
2.948865
3.229033
3.040123
3.160499
3.110641
3.183374
3.022305
3.065081
2.918150
3.088679
3.190179
3.146845
3.207072
3.028865
3.041457
2.975105
3.056820
3.046935
2.967287
3.011660
2.990456
3.070259
3.116451
3.047322
3.044265
3.237554
3.036529
3.123763
3.092382
2.999336
3.067035
3.122196
2.976755
3.023451
3.167345
3.002465
3.107933
3.058758
3.137673
3.036173
3.118021
3.035581
3.047773
3.016872
3.182097
3.113437
2.946251
3.003592
3.009269
3.126189
3.034914
3.190064
2.927521
3.147633
3.041268
3.107213
3.122491
2.964787
3.089410
3.195751
3.176977
3.217593
3.082319
3.066137
3.030781
3.126363
2.989894
3.026405
3.103268
3.028811
2.998583
3.180999
3.035496
3.074438
3.170893
3.245856
3.164336
3.049786
3.024123
3.121159
3.114161
3.054206
3.141296
2.970023
3.065850
3.088494
3.110983
3.163562
3.159399
2.997076
3.147871
2.993701
3.040798
3.194892
2.972644
3.031055
3.165202
2.995564
3.017378
3.194053
3.043266
3.168886
3.044011
3.009763
3.061240
3.196418
3.021188
3.103353
3.054621
3.041237
3.048978
3.078283
3.039331
3.040898
3.122578
3.067522
3.031896
2.979547
3.192532
3.316121
2.988015
3.072165
3.064506
3.115779
2.966275
3.098971
3.024883
3.155033
2.961818
3.210737
3.045173
3.218469
3.040991
2.995941
2.947271
3.073019
2.918941
3.054760
3.013127
3.211222
3.022069
2.881673
3.088944
3.054163
3.120430
2.988085
3.231709
3.041663
3.028397
3.214044
3.031230
3.186837
3.005043
2.994931
3.120720
2.990062
2.985973
3.039436
3.184799
3.038988
3.107658
3.190944
3.309993
3.025732
3.147144
2.991178
3.153380
3.195255
3.019910
3.239764
2.971420
3.129850
3.038058
2.994484
3.079626
3.270040
3.032457
3.149930
3.044169
3.015806
3.065532
3.122684
3.138461
3.106718
2.946555
3.001336
3.102330
3.001901
3.029508
2.914755
3.273480
3.110695
3.039868
3.027031
3.092966
3.073076
3.077447
3.058749
3.098072
3.029021
3.106917
3.087903
2.963383
3.127055
3.066509
3.196755
3.046631
3.040995
3.083132
3.187260
2.977530
3.072443
3.093510
3.111573
3.267609
3.022210
3.159968
3.317674
3.005077
3.049380
3.043868
3.019447
2.993640
3.318189
3.028236
2.956921
2.913598
3.137485
3.101950
2.995080
3.023247
3.057442
2.962601
3.016841
3.154634
3.157979
3.175655
3.078558
3.094537
3.054310
3.257400
3.098084
2.960940
3.185171
3.113216
3.059800
3.117669
2.940087
3.297559
3.017869
3.201070
3.056218
3.247405
3.151955
3.089047
2.936095
3.042531
3.034089
3.045248
3.212306
3.187131
3.045395
3.083114
2.968606
3.036528
3.136907
2.909188
3.149257
3.148730
3.007410
3.079702
3.009737
3.021514
3.055829
3.138611
3.054159
3.056995
2.945426
3.127658
3.150573
3.078159
3.121801
2.963519
3.112549
3.042613
3.025906
3.001833
3.293649
2.956325
3.171220
3.025383
3.249816
3.114241
2.999847
2.916750
2.994888
3.077881
3.071753
3.018061
2.962686
3.242919
3.009828
3.174125
3.018587
3.021179
3.193623
2.965532
3.035994
3.111783
2.995534
3.096606
2.992311
3.078395
3.139990
2.985718
3.150464
3.043688
2.981480
3.096357
3.322075
3.014556
3.078444
3.102302
3.263336
3.012757
3.089824
3.430515
3.038413
3.115240
3.048042
3.060015
3.169550
3.062254
3.008095
3.001754
3.117719
2.990138
3.089107
3.047086
3.000222
2.963487
3.171520
3.131729
3.138281
3.066499
3.124489
3.164017
3.117750
3.031553
3.142551
3.005215
3.029585
2.932504
3.113210
3.024307
3.071033
2.958240
3.173109
3.078288
3.250698
2.927494
3.101900
3.084539
2.998081
3.406343
3.054417
3.096287
3.019696
3.023600
3.124906
3.128551
3.265498
3.140894
3.033801
3.029563
3.016885
2.987583
3.102781
3.110392
3.008472
3.192270
3.156209
3.040794
3.224065
3.021690
3.084402
3.326540
3.026113
3.136717
3.094441
3.053735
3.063030
2.918249
3.235704
3.065146
3.112713
3.058802
3.091447
3.199409
3.031713
3.128330
3.111314
3.099085
3.216957
3.154887
3.096041
2.984778
3.135989
2.988442
3.061918
3.007126
3.174426
3.129662
3.105133
3.028056
3.021879
3.217592
2.999356
3.115956
3.179690
3.089625
3.074303
3.031911
3.094051
3.138185
3.120408
3.249417
3.280158
2.924512
2.959003
3.082170
3.010204
3.122032
3.077814
3.186039
2.988887
3.165563
3.038093
3.050953
3.012027
3.269797
3.028776
3.074445
3.192815
2.996735
3.002940
3.184844
3.016068
2.997818
3.058732
3.226831
3.203215
2.982448
3.162417
3.204725
3.180103
2.983403
3.042428
3.139097
3.075408
3.045656
3.161282
2.979428
3.079194
3.154146
3.132037
3.120233
3.050871
3.075742
3.273873
3.066917
2.993586
3.046687
3.141799
3.202019
3.213627
2.993607
3.082738
3.060374
3.049825
2.987203
3.052178
3.240288
3.119302
3.149459
2.899839
2.992797
3.094298
3.046962
3.278313
3.101278
3.118722
3.017003
3.217032
3.085702
3.263858
3.102827
3.049338
2.949396
3.110348
3.145120
3.115231
2.963891
3.053166
3.192897
2.937111
3.041072
3.223871
3.047502
2.973794
3.162270
3.090220
3.095390
3.057205
2.967465
3.320711
3.243404
3.036137
3.184549
2.965202
3.230497
3.029655
3.081950
3.175297
2.995617
3.094919
3.050524
3.319673
2.997177
3.123626
3.186818
3.000372
3.085082
3.070281
3.122668
3.080543
3.054515
3.044285
3.081990
2.979894
3.171732
3.000391
2.992473
3.019532
3.055846
3.144035
3.050106
3.052019
3.093608
3.178962
3.083930
2.895365
3.090625
2.961757
3.263741
3.194005
2.958649
3.068772
3.125211
2.975504
3.113039
3.270988
3.245386
3.076272
3.167857
2.920836
3.170767
3.213765
3.028324
3.206129
3.240157
3.098435
3.235266
3.021488
3.153807
3.112477
3.155672
3.266872
2.919634
3.070390
2.936470
3.095345
2.910838
3.026926
3.104123
3.276166
3.294607
3.202882
3.130853
3.176915
3.206125
2.973645
2.975098
3.062791
3.083367
2.990621
3.083795
2.982799
3.140838
3.006158
3.072248
3.135989
2.975045
3.017617
3.078657
3.087561
3.007898
3.009949
3.057898
2.997006
3.113705
2.907885
3.014841
3.045674
2.994577
3.176733
3.077042
3.188486
3.007739
3.159030
3.106738
3.087939
2.999543
3.031455
2.967829
3.100820
3.283561
3.303434
3.000564
3.038981
3.083144
3.001232
3.098178
3.205707
3.151745
3.040705
3.056018
2.994836
3.028445
3.052639
3.016273
3.197884
3.127138
3.081740
3.028489
3.136335
3.094385
3.062407
3.056455
3.051380
3.265090
3.019158
3.117922
3.005880
2.943552
3.072554
3.074388
3.208024
3.150136
3.045023
2.989063
3.093013
3.178065
3.228871
3.108438
3.020921
2.912459
2.962976
3.125325
3.155104
3.046769
3.058640
3.070629
3.214373
3.062888
3.037767
3.054326
3.146952
3.035480
2.938867
2.975943
3.069389
3.114610
3.263263
2.978112
3.015307
3.065589
3.113213
3.042758
3.030241
3.148680
2.950105
3.087774
3.206338
2.985570
3.062558
3.022470
2.985244
3.231001
3.123544
3.198335
3.065696
2.950692
3.058898
3.068216
3.230809
3.183682
3.374461
3.138112
3.051376
3.058601
3.213823
3.026480
3.132573
3.017218
2.945040
3.024226
3.200164
3.171222
3.403456
3.199347
2.992143
3.052224
3.037082
3.085452
3.196670
3.080897
3.207894
2.998418
3.017978
3.110481
3.173859
2.923024
3.130027
2.944213
2.939478
3.066483
3.012437
3.236043
3.007816
3.016961
3.015021
3.078182
3.030954
2.965708
3.087352
3.108939
3.170357
3.173480
3.006899
2.988031
2.949521
2.944960
3.262879
3.226096
3.034344
3.053854
3.057818
3.028366
3.070907
3.000714
3.225663
2.989172
2.983588
3.190163
3.036025
3.116699
3.030322
3.050116
3.013906
3.132002
2.939786
3.219593
3.168465
3.039954
3.058161
3.182488
3.011231
3.068504
2.915744
2.967617
3.011231
3.306332
3.061385
3.163754
3.026495
2.989858
3.122512
3.117188
3.078855
3.231145
3.055129
2.989189
3.137943
3.047472
3.077665
3.114727
3.064623
3.176682
3.055460
3.142185
3.129007
2.931448
3.221712
3.084109
3.020042
3.015568
3.038602
3.034780
3.066432
3.012231
3.030426
3.165274
3.233179
3.133956
2.968925
3.032113
3.016308
3.016491
3.171935
3.258604
2.962195
2.993004
2.980384
2.944729
3.039077
3.022196
3.063281
3.112897
3.111549
3.098183
3.045893
3.002423
3.017593
3.028187
3.043785
3.107785
3.011316
3.006215
3.047068
3.127288
3.108196
3.012526
3.200057
3.369658
3.054889
3.101524
3.104011
3.048449
2.960613
2.925844
3.122929
3.169284
3.113229
3.031773
3.010122
3.054080
3.231244
3.064664
3.002437
3.209166
3.249329
3.245575
3.288240
3.029024
2.951432
2.991585
3.045608
3.024096
3.123808
3.112329
2.902385
3.027586
2.998937
3.032120
3.023596
3.148491
3.063672
3.096852
3.033699
3.145864
3.012967
3.088921
3.160125
3.080474
3.004844
3.038968
3.012575
3.072606
3.099876
3.008626
3.240965
3.021917
3.060853
3.080292
3.109207
3.010519
3.176264
2.902249
3.236263
3.112619
3.177818
3.306066
3.095960
3.097229
3.156284
3.138704
3.029041
2.989248
2.924503
3.056884
3.122626
3.532026
3.158163
3.063815
3.280303
3.133363
3.082041
3.035639
3.203139
3.215410
3.073184
2.998599
3.013182
3.061399
3.149976
3.087116
3.135103
3.164165
3.230527
3.042513
2.974040
3.171111
2.984864
3.020321
3.202995
3.060352
3.188390
3.065214
3.085443
3.073438
3.093644
3.043176
3.044806
3.114766
3.042521
3.032311
3.016089
3.083736
2.935052
3.136660
3.105462
3.106334
3.011483
3.213569
2.999510
3.056499
3.055042
3.280047
3.010850
3.126021
3.075871
3.065903
3.065602
2.945594
3.138915
3.033137
2.971485
3.198755
3.112750
3.082254
3.025113
2.979578
3.023932
3.130265
3.030579
3.067234
3.122858
3.070325
3.052770
3.166855
3.002626
3.082973
3.013810
3.082266
3.103857
3.141484
2.973955
3.054858
3.083912
3.204588
2.991178
3.096623
3.032926
2.904871
3.059106
3.240140
3.101120
3.021194
3.099550
3.042893
2.997127
3.039660
3.095821
3.074992
3.197356
3.094279
3.125407
3.047997
2.972059
3.099208
3.051630
3.083271
3.038072
3.096836
3.149149
3.125677
2.966148
3.112362
3.136992
3.043804
3.077953
2.988664
3.190148
3.018482
3.137000
3.004873
2.966450
3.141019
3.053710
3.029627
3.098331
3.080998
3.176380
3.073362
3.055837
3.027938
3.431838
3.168572
3.079273
3.155974
3.032672
3.129398
2.899534
3.298241
3.168701
3.150921
3.028179
3.119665
2.950253
3.088367
3.141287
3.076912
3.057329
3.055897
3.057912
2.995796
3.238577
3.062331
2.987142
3.043172
3.032790
3.166202
3.022868
3.029872
3.041719
3.213155
3.221755
3.022376
3.075260
3.034256
3.000292
3.067391
3.120639
2.997075
3.078359
3.024825
3.093662
3.247436
3.103833
3.284302
3.122959
3.034214
2.999344
3.162643
3.015489
3.114707
3.216855
3.163529
3.000825
3.017507
3.203420
3.000636
3.184465
3.080550
3.228085
3.008702
3.055440
2.984157
3.104440
3.006422
3.067488
2.985017
3.038533
3.011486
3.164364
3.066313
3.052129
3.084870
3.167896
2.954734
3.215797
3.053728
3.065592
3.043664
3.054999
3.153642
3.041902
3.243210
2.996167
2.971939
2.956161
3.173275
3.157323
3.086139
3.072537
3.160149
3.082196
2.992287
3.036841
3.356641
3.038166
3.211723
2.942467
3.111579
3.145368
3.448183
3.084825
3.119969
3.082797
3.196856
2.986806
3.165796
3.026831
3.144189
2.923419
3.020586
3.085305
3.314221
3.250654
2.949114
3.064626
3.252179
2.965138
3.001260
3.274160
3.066288
3.067814
3.086322
3.074696
3.032886
3.000760
2.976917
3.003890
3.009420
3.115913
3.194937
3.026332
3.289255
3.232700
3.086930
3.011104
3.028659
3.077422
3.112954
3.152966
3.156719
3.031852
3.324771
3.046655
3.090756
2.874594
3.103622
3.237835
3.386957
3.008910
3.016227
3.090101
2.995162
3.024100
3.148184
3.005410
3.033314
2.992492
2.985670
3.159748
3.091021
3.137644
3.004369
3.126744
3.083866
3.062462
3.099717
3.083939
3.079308
3.188154
2.968521
3.076683
3.126087
3.142550
3.205654
3.011099
3.048460
3.073876
3.154002
3.157105
3.038231
3.133936
3.283590
3.085527
3.052695
3.029137
3.061189
2.992525
2.931073
3.206480
2.940981
2.932956
3.089501
3.194350
3.028094
2.997553
2.974151
3.102456
2.983281
2.983901
3.101874
3.078087
3.066267
3.185132
3.089336
3.020329
3.066387
3.203176
3.025847
3.071168
3.084613
2.978368
3.161346
2.856564
3.003749
3.265169
3.169176
3.228129
3.051557
3.375357
2.952640
3.100981
3.030161
3.180790
3.155951
3.129190
2.989710
3.111802
3.133112
3.009246
2.976471
2.981402
3.248712
2.965693
3.119080
3.080902
3.024051
3.257516
3.134668
3.156135
3.067184
3.068182
2.915937
3.022030
3.159609
3.004088
3.085508
3.141452
2.936795
3.096463
2.964309
2.938710
3.173781
3.068227
3.151591
3.012366
3.026538
3.100467
3.272055
3.153681
3.053498
2.990564
3.103424
3.001258
3.305463
3.014836
3.115440
2.926639
3.179864
3.021851
3.083808
3.165339
3.133679
3.176890
3.201108
3.131944
2.984968
3.033888
3.137454
2.996239
3.339951
3.003345
2.940563
2.932509
3.239117
3.301332
3.072928
3.015284
3.200649
3.017587
3.065567
3.085041
3.110357
2.970982
3.049780
3.095954
3.051826
3.035054
3.131177
3.029679
3.201252
3.115946
3.138491
2.981528
3.087307
3.123093
3.101630
3.053367
2.927408
3.112233
3.002987
3.109587
3.341249
3.223938
3.062362
2.944035
3.191179
3.166322
3.017743
3.060852
3.205370
3.260445
3.148652
2.969324
3.001823
3.242591
2.899127
2.925640
3.027315
3.132505
3.038854
3.180148
3.098127
3.150503
3.076481
3.236408
3.197185
3.054340
3.008127
2.956764
3.284772
3.014753
2.991421
3.086012
2.978068
2.926896
3.207239
3.223136
3.075100
2.975776
3.006556
3.018572
3.192873
2.956597
3.237625
3.089527
3.067357
3.147792
3.190437
3.091416
2.975541
3.225097
3.043133
3.078120
3.010170
2.981233
3.125984
3.082705
3.030778
3.104910
3.007670
3.210130
2.961263
3.132682
3.037972
2.937795
3.157147
3.115329
3.175006
3.052636
3.039126
3.013637
3.072067
3.267927
3.137246
2.968674
3.226221
3.146988
3.056983
3.219816
3.194379
3.251810
3.039402
3.123340
2.932925
3.135219
3.003654
3.016107
3.186324
3.121993
3.056342
3.310056
2.955095
2.990713
3.063044
3.148598
3.156817
3.080943
3.121172
2.978417
2.999894
3.119677
3.142321
2.978652
3.168596
3.112348
3.101752
3.011058
3.180032
2.956908
3.122238
3.030140
3.010135
3.080109
3.077777
3.018077
3.149635
3.016206
3.053002
3.135924
3.209205
2.924938
3.043571
3.091012
3.318591
3.019825
3.036867
3.128905
3.022534
2.999585
3.151657
3.093335
3.056552
3.008078
2.986669
3.074820
3.105125
3.114338
3.006975
3.121529
3.030183
3.088589
3.033024
3.083244
3.200163
3.208735
3.035149
3.012598
3.007388
3.087183
3.119247
2.970128
3.187980
2.956453
3.058508
3.145769
3.107526
2.999002
2.979954
2.971820
3.294979
3.105113
3.196104
3.027859
3.002427
3.137844
3.169748
3.011338
3.110671
3.375525
3.077595
3.113182
3.040920
3.036043
2.981884
3.098732
2.960291
3.018559
3.085199
2.958682
3.087219
3.041185
3.134701
3.030766
3.026824
3.116846
2.906497
3.123552
3.240594
3.001010
2.993106
3.097594
3.236141
3.093355
3.019452
3.066429
3.228818
2.954613
3.066571
2.948537
3.188779
3.059647
2.927419
3.207631
3.030004
3.145431
3.238935
3.150817
3.020480
3.119870
2.998315
3.121596
3.035194
3.054901
3.162402
3.041510
3.040043
3.100016
3.202372
3.035255
3.163739
3.017620
3.236081
2.986288
3.026515
3.113794
2.895693
2.991797
2.937275
3.009933
3.124961
3.148729
3.072321
3.102917
2.971407
3.158138
3.388475
3.206953
3.271502
3.197776
3.059326
3.128687
2.992955
3.151701
3.138142
3.186061
3.122050
3.228033
3.252564
3.252358
2.968811
3.308318
3.084302
3.149087
3.039640
3.218215
2.991368
3.260316
2.958766
3.108252
3.218966
3.004751
3.276166
3.047883
3.109869
3.052100
3.062682
3.139060
3.054656
2.956382
3.191720
3.067884
3.009827
3.156099
3.170512
3.020567
3.075579
3.235661
3.028741
3.040646
3.220471
2.978269
3.041073
3.002481
3.125658
3.027248
3.059345
3.114769
3.345978
3.174536
2.962066
2.952844
3.212015
3.050280
3.024865
3.004440
3.024203
2.963302
3.052040
3.091442
3.097526
3.056196
3.232272
3.019452
3.236722
3.018600
2.975594
2.927826
3.255661
3.269965
3.178375
3.206234
3.019154
2.974462
3.020488
3.061059
3.160906
3.057644
3.275112
3.114398
3.043129
3.084057
3.057000
3.255511
3.035584
3.026153
3.073638
3.014997
3.037422
3.139786
3.136442
3.000737
3.156951
3.031450
3.036222
3.107539
2.975824
3.133803
2.896857
3.321925
3.214640
3.077653
3.136329
3.064933
3.122105
3.070470
2.975592
2.969815
3.021026
3.033802
3.083877
3.047268
3.063207
3.167801
3.068380
3.094756
3.009113
3.000671
3.066136
3.183699
2.996832
3.089244
3.120693
3.147239
2.958018
3.013114
3.041907
3.126204
3.096321
2.966969
3.101704
3.074017
3.223130
3.142512
3.020249
3.022695
2.896267
3.069811
3.155505
3.065883
3.060521
3.007844
3.019201
3.043049
3.045428
3.001818
3.074914
3.055588
3.018539
3.085203
3.119658
3.038632
3.024251
3.062194
3.220306
3.200563
3.073449
3.114497
3.082843
3.056483
3.043404
3.172249
3.087703
3.096615
3.231372
3.049715
3.006278
3.082054
3.226321
3.057720
3.042943
2.956783
2.963452
3.292191
3.225703
3.093522
3.084614
3.087005
3.040306
3.120279
3.050895
3.154279
3.005962
3.212581
3.091963
2.978241
3.255556
3.101688
3.065179
3.301259
3.147537
3.091304
2.970049
2.995960
3.060171
3.095789
3.177073
3.123032
3.157200
3.161722
3.007063
3.167477
3.139111
3.156228
3.032612
3.027294
3.157942
3.178193
3.083323
2.984517
3.042797
2.979640
3.082958
2.987779
2.978593
3.077525
3.035424
3.108646
3.186418
3.159098
3.013797
3.130607
2.926547
2.982442
3.149535
3.008326
2.979386
3.080319
2.983778
3.036446
2.992458
3.262591
3.082252
3.065036
3.151054
3.107830
3.045248
3.045307
3.111525
2.944362
3.008864
3.080011
3.079163
3.167765
3.120668
2.986595
3.015939
3.152063
3.067693
3.058103
3.251013
3.064400
2.940297
3.191813
3.120138
3.076438
3.061139
3.146255
2.990155
3.062017
2.995322
3.026116
3.003206
2.997941
3.042938
2.998558
3.066313
2.996478
3.135806
3.186273
3.076707
3.149930
2.932544
3.038628
3.164969
3.019219
3.108387
3.014095
3.051908
3.195620
2.985454
3.017448
3.059569
3.043271
3.123220
3.097572
3.150247
3.069909
3.137857
3.073070
3.165026
3.081384
2.932843
3.142439
3.375910
2.900186
3.083557
3.160967
2.987594
3.117818
3.104421
3.025503
3.035299
3.146457
3.001306
2.970821
3.091486
3.041527
2.967742
3.101231
2.932063
3.327398
3.052035
3.003412
3.141031
3.161962
3.211532
2.988797
3.226029
3.026133
3.144687
3.183819
3.045566
2.965704
3.037613
2.994044
3.221185
3.152613
3.067272
3.076548
2.966275
3.098650
3.011222
3.006576
3.007335
3.090674
3.214283
2.961833
3.137469
3.071462
3.011645
2.987766
3.310826
3.054559
2.999375
3.085082
2.981873
3.237499
3.159850
3.156892
2.996078
3.080711
3.128691
3.052079
2.985920
3.079340
3.083537
3.066173
2.874280
2.945764
3.245179
3.127403
3.139094
3.069695
3.068610
3.208448
3.081896
3.163753
3.034597
3.094717
2.971690
3.249052
3.224537
3.225177
3.070205
3.115433
3.149996
3.058292
3.071588
3.304685
3.229338
3.022622
3.231269
3.185069
3.074288
3.054968
3.204068
3.014577
2.990177
3.104691
3.083607
3.073502
3.047412
3.214339
3.105695
3.082326
2.902021
3.210616
2.986179
2.967863
3.139414
2.984051
3.146797
3.077637
2.979017
3.077038
3.176223
3.125685
3.361525
3.120984
3.149073
3.016988
2.966800
3.165040
3.075114
3.195175
3.131085
3.003222
2.971764
2.939226
3.105726
3.026076
3.165743
2.944711
3.094456
2.993766
3.236738
3.139399
3.222603
3.120204
3.150783
3.029093
3.123892
3.012517
3.151486
3.027745
3.044539
3.116355
3.066688
2.948788
3.162621
3.100356
3.013104
3.125946
2.992520
3.095498
2.963861
3.384070
2.964402
3.105096
3.011085
3.037652
3.338458
3.133208
3.081059
3.045104
3.070698
3.135790
3.143013
3.005582
3.136604
3.179198
3.122626
3.052112
3.089069
3.036550
3.055711
3.027097
3.188351
3.010617
3.242919
2.983188
3.138995
3.070593
3.119726
3.085489
3.044034
3.201128
3.052942
3.090896
3.044333
3.187215
2.991606
3.031896
3.031259
3.058476
3.199308
3.101767
3.031785
3.104925
3.048082
3.171846
3.000140
3.011085
3.088906
3.183586
3.042499
3.050735
2.973042
2.995066
3.156367
3.094538
3.187152
2.965632
3.031384
3.042169
3.161519
2.985935
3.136181
3.032310
3.105412
3.034766
3.158238
3.028772
3.040138
3.099848
3.072658
3.129281
3.049787
3.065178
3.128686
3.182116
3.027632
2.991719
3.132110
3.068828
2.902275
3.127000
2.999342
3.104730
2.994276
3.115930
3.168159
2.989275
3.127810
3.020262
3.004736
3.106711
2.949229
2.971516
3.127637
3.007670
3.149444
3.089605
3.073754
3.201943
3.156252
3.137375
3.018928
2.951890
3.115623
3.195430
3.029161
3.107323
3.065492
3.036539
3.023456
3.019051
3.321011
3.019384
3.113988
3.135987
3.059929
3.332663
3.054939
3.040764
3.024206
3.152351
3.024762
3.067648
3.090091
3.075539
3.192260
3.113250
3.123963
3.048880
3.121739
3.015316
3.157656
3.051513
3.106918
3.083458
3.265379
3.117827
3.035972
3.114646
2.965273
3.049117
3.021827
3.017775
3.144491
3.131397
3.122221
3.048160
2.988813
2.931024
3.069463
3.213469
3.043317
3.123322
3.106406
3.028192
3.032920
3.029141
2.857784
3.181820
3.279294
3.007133
3.162622
3.033309
3.106492
3.078503
2.909730
3.006443
3.053972
3.052222
3.126759
3.106076
2.971156
3.054019
3.095759
3.162899
3.004535
3.009231
3.091914
3.094161
3.053198
3.131172
3.206552
3.162634
3.103389
3.084851
3.149803
3.103357
2.949227
2.984222
2.974514
3.113295
2.906568
3.023357
3.114010
3.025080
3.049097
3.187266
3.277048
3.039789
3.145493
3.090585
3.183747
3.044647
3.016973
3.112587
3.170413
3.241926
2.919671
3.045704
2.981905
3.141215
3.113240
3.012047
3.095843
3.060740
3.238745
2.977172
3.075039
2.979402
3.010601
3.171051
3.140941
2.949028
2.936408
3.073002
3.081453
2.914607
2.967779
3.263131
3.200644
3.034494
3.138904
3.117795
2.953385
3.061474
2.990142
3.018938
2.962703
3.073123
3.126628
3.110425
3.209542
3.115751
3.098287
3.063168
3.089088
3.270636
3.041964
3.082028
3.139142
3.040621
3.098100
3.147277
3.004515
3.176504
3.356117
3.059042
3.120917
2.925911
3.127057
3.024097
3.141227
3.101420
3.122989
3.047365
3.030946
3.058346
3.206648
3.185504
3.045308
3.135150
2.983147
3.085933
3.166730
2.983916
3.244993
2.987902
3.285711
3.002477
3.072198
3.089339
3.163617
2.997625
3.100997
3.137702
2.974707
3.054009
3.125952
3.096375
2.979155
3.051755
3.103230
3.066635
3.138172
3.175519
3.026552
2.962541
2.970448
3.075730
3.139169
3.050246
3.075847
3.156403
3.209019
3.054832
2.960633
3.062479
3.210620
3.082045
3.056396
3.244750
3.061705
2.993591
3.213971
2.899708
3.091322
3.062952
3.250203
3.028759
3.179912
3.220009
3.160154
2.987877
3.136190
2.985673
3.097716
3.134159
3.079603
3.083775
3.139142
2.960868
2.951044
3.005519
3.013511
3.098987
3.078277
3.441431
3.076716
3.022651
3.019481
3.257379
3.095952
3.066563
3.113166
3.022909
3.207665
3.092775
3.003859
3.079407
3.177525
2.909163
3.038559
3.068691
2.980339
3.141037
3.004733
3.139071
3.062662
3.069838
3.097594
3.055680
3.017663
3.208696
3.159688
3.170808
3.140602
3.020042
3.018081
3.066721
2.955406
3.155367
2.948193
3.095630
3.117444
3.137135
3.191266
3.009573
3.004816
3.139905
3.040136
3.091221
3.137681
3.322713
3.082375
3.034239
3.167284
3.014888
3.111577
3.182332
3.088093
3.012667
3.228089
3.130777
2.949212
3.033583
3.130200
3.211699
2.985330
3.087321
2.971894
3.121584
3.007668
3.241202
3.093345
3.152260
3.046734
3.036559
3.015297
3.284684
3.179833
3.037404
3.037250
3.086248
3.346612
3.204426
2.918107
3.075202
2.998742
2.964453
3.026585
3.067742
2.984639
3.073340
3.137586
3.054282
2.867231
2.967177
3.060547
3.071564
3.105843
3.199611
3.216423
3.064463
3.121335
3.008722
3.215130
3.025997
3.182089
3.062840
3.048726
3.040125
3.046505
3.065878
3.184382
3.067501
3.081414
3.236359
3.141158
3.156199
3.418148
3.023944
3.108625
3.076203
3.038847
3.113448
2.926641
3.015482
3.033158
3.350617
3.146169
3.237785
3.022290
3.148408
2.933792
3.224000
3.065324
3.104824
2.971537
3.151420
2.912401
3.131181
3.212373
3.224422
3.155529
3.197379
2.996969
3.162681
3.042513
2.869791
3.295818
3.098766
2.989824
2.999222
3.036874
3.127630
3.121544
3.092370
3.084628
3.069030
3.023691
3.054664
3.039833
3.091687
2.989429
3.186155
3.004494
3.063674
3.162681
3.015850
3.149984
2.993146
2.980272
3.009515
3.085508
3.095642
3.089564
2.936116
3.038838
3.100941
3.068067
3.145636
3.079574
3.060706
3.146316
2.981483
3.059320
3.032426
2.963671
3.118441
3.108223
2.952368
3.085804
3.038545
3.036650
3.085817
3.048761
3.034268
3.062255
3.145664
3.183724
2.967349
3.002037
3.099218
3.061991
3.137915
3.047527
3.039586
3.143668
3.200935
3.043226
3.068181
3.036936
2.978486
3.291263
3.018523
2.971348
2.935686
3.112104
3.038697
2.995692
3.108079
3.176684
2.960582
3.010067
3.216402
3.073165
3.116358
3.062805
3.118281
3.017704
3.054064
3.104680
2.976533
3.125310
3.040577
3.094910
3.070604
3.082045
3.107751
3.019972
3.150290
3.100151
3.030726
3.095641
3.244693
2.920139
3.033193
3.172921
3.044775
3.017893
3.042894
3.185306
2.985533
3.038960
3.022969
3.186401
3.053831
3.225547
3.045995
3.263584
2.973935
3.018395
3.034877
3.071001
3.248087
3.146741
2.927386
3.101928
3.206987
3.147796
3.037645
3.032789
3.073457
3.136545
3.162589
3.038488
3.170492
2.987704
3.098233
2.968309
3.221854
3.188802
3.074816
3.066344
3.037511
2.989589
2.979996
2.974772
3.044477
2.935493
3.022851
3.087090
3.178504
3.139522
3.139962
3.169849
3.020491
3.101549
3.021251
3.040174
3.061329
3.089053
3.022708
3.071794
3.068298
3.061907
3.019788
3.005044
3.071138
3.128660
3.073815
3.246596
3.032609
2.991631
3.104790
3.206726
3.065237
3.026047
3.247354
3.059502
3.322873
2.998192
3.130750
3.088855
3.279703
3.046333
3.078495
2.809796
3.162201
3.098503
3.074291
3.192889
3.189968
3.047583
3.191488
3.003142
3.051934
3.034664
3.105800
3.134188
3.017034
3.063767
3.284845
3.064406
3.034246
3.220911
3.030660
3.196010
2.903306
3.087102
3.042300
3.183938
3.168815
3.038848
3.125036
3.069297
3.089163
3.046769
3.113051
3.047971
3.026198
3.041408
3.084469
3.081043
3.063793
3.025994
3.146343
3.126737
3.168246
2.967934
3.126692
3.054144
2.991817
3.267251
2.951542
3.213286
2.972607
3.128197
2.958663
3.139761
3.090899
2.984291
2.951835
2.968573
3.069893
3.034326
3.237809
3.106428
3.098613
3.017020
2.985686
3.125697
3.150057
3.083732
3.216240
3.164835
2.995547
3.124763
3.161909
3.177818
2.979702
3.106042
3.083877
2.991276
3.035355
3.033340
3.217587
2.993374
3.199265
2.984135
3.083886
2.954574
3.044196
2.957239
3.122537
3.177484
3.190118
3.226320
3.058524
3.096549
3.187436
3.160431
3.063386
2.929207
3.060281
3.099208
3.195307
3.072443
3.073638
3.011778
3.073174
3.120229
3.128981
3.226271
3.019895
3.111933
2.901334
3.212547
3.025790
3.061769
3.071229
3.058728
3.035396
3.127282
2.979838
3.240722
3.173750
2.982567
3.097268
3.073798
3.049268
2.958574
3.341190
3.190644
3.068184
3.018520
2.959412
3.039204
2.982976
3.005522
3.220572
3.322687
3.037344
3.113384
3.199724
2.992484
3.110016
2.995538
3.013508
2.981754
2.992517
3.008227
3.095000
3.011582
3.031771
2.967146
3.007510
3.249166
3.008935
3.141561
3.009957
3.120759
3.017568
3.090173
3.203004
3.018347
3.028542
3.243923
3.031651
3.136884
3.086618
3.155907
2.988470
3.076728
3.138464
3.072302
2.985594
3.003654
3.116596
3.218773
3.144002
3.166743
2.989228
3.227331
2.959833
3.183317
3.073509
3.261540
3.172298
3.126889
3.024451
2.943760
3.004716
3.187309
2.957367
2.990261
3.004033
3.075060
3.293323
2.997630
3.038302
2.974151
3.007232
3.026343
3.105381
3.035990
3.154900
3.010444
2.894764
3.076446
3.187309
3.237251
3.152728
3.025443
3.190508
3.160078
3.082724
3.109846
3.355055
3.008924
3.102550
3.055791
3.037363
3.181393
2.991718
3.049620
2.926017
3.305274
3.071051
2.992972
2.936942
3.031030
3.008318
3.055456
3.034975
3.228109
3.094808
3.088844
3.134124
3.060933
3.060502
2.997356
2.982182
3.025023
3.113277
2.956327
3.064807
3.090788
3.178889
3.093171
3.097761
3.000780
3.065471
3.165764
3.173014
3.287989
3.198348
3.280416
3.135546
3.138815
3.162462
2.901105
2.920937
3.156809
3.060373
3.146422
3.086816
3.028410
3.051894
2.934536
3.246765
3.316178
2.990983
3.208557
2.997644
3.143451
3.064006
3.040212
3.061829
2.948518
2.925510
3.179327
3.081652
3.030337
2.945889
3.177194
2.974535
3.162376
3.156817
3.147101
3.054873
3.038943
3.113375
2.996960
2.977565
3.192282
2.986080
3.165434
3.280254
3.009655
3.050905
3.245213
2.971145
3.192550
3.084232
3.029241
3.071420
3.058194
3.241968
3.219664
2.946027
3.078651
3.133190
2.966538
3.029406
3.158228
2.929504
3.073508
3.180289
3.020330
2.936979
3.126329
3.045179
2.955293
2.981394
3.221917
3.070354
3.077906
3.073427
3.110946
2.935734
2.974745
3.076855
3.405264
2.984589
2.970321
3.110169
2.925347
3.192778
3.139596
3.162369
3.055902
3.069634
3.035645
3.017614
3.081814
3.167314
3.195071
3.001267
3.236530
3.067962
3.062616
3.165721
3.087007
3.096176
3.027879
3.024431
3.144890
3.042715
3.188689
3.164405
2.979987
3.192259
3.086068
3.133475
3.201424
2.938591
3.099635
3.069946
3.008615
3.135358
3.267229
3.156444
3.031384
3.104174
2.964096
3.084371
2.994187
3.035005
3.074896
3.065889
3.069521
3.058192
3.238064
3.031695
3.224116
3.165443
3.012387
3.019204
2.995611
3.135298
3.049066
3.225186
3.221158
2.955080
3.100002
3.018048
3.308689
3.019521
3.068127
3.127762
3.093362
3.171259
3.013260
3.225148
3.092394
3.092105
3.230504
3.015536
3.151586
3.001711
3.012272
3.088306
2.971684
3.120972
3.037818
3.058898
3.328507
3.021223
2.978971
3.134901
3.263341
3.078896
3.022546
3.186788
3.154727
2.879564
3.146153
3.285442
3.024161
2.942846
3.059717
3.050010
2.997766
3.122381
3.131013
2.935926
3.058823
3.052166
3.180606
3.172475
3.011894
3.114948
3.105227
3.033027
3.130872
2.976784
3.008127
3.075802
3.208966
3.365722
3.013977
2.981783
3.182197
3.353453
3.010312
3.012744
3.305774
3.267488
3.130741
3.157496
3.004277
3.184076
2.977970
3.070613
3.062467
3.138950
3.106804
3.027114
3.011411
2.982781
3.020136
3.141191
3.021767
3.187678
2.916788
3.064004
3.011307
3.001249
3.245351
3.189838
2.960953
3.055499
3.088567
3.003300
3.040642
3.023457
3.109360
3.055820
3.142265
3.048538
3.211303
3.017397
3.037005
3.024906
3.105594
2.950883
3.019379
3.150373
3.277262
3.051321
3.028874
3.018705
3.099862
2.997661
3.124691
3.060442
3.097024
3.031513
2.950139
3.168927
3.020366
3.027056
3.010678
3.062374
3.110979
3.034409
3.364834
2.979437
2.978453
3.087722
3.138664
3.076189
3.127759
3.251949
3.085982
3.034201
2.978120
3.173677
3.232515
3.031920
3.016487
3.034102
2.998407
3.011830
3.144671
3.172998
2.954882
3.003653
3.066369
3.010010
3.253915
2.992716
3.202687
3.250546
3.005576
3.041553
3.176321
2.993102
3.196654
2.991743
3.177786
3.046729
3.046779
3.138161
2.912181
3.269194
3.095738
2.976443
3.333599
3.193478
3.214582
2.940626
2.990895
3.039522
2.998044
3.255373
3.067285
2.949601
3.162311
3.046488
3.220855
3.215218
3.008479
3.059175
3.261510
3.141512
3.034931
3.083208
3.049746
3.025711
3.074984
3.140273
3.011579
3.133036
3.136818
2.980117
3.251626
3.013051
3.055952
3.087564
3.146504
3.104063
3.038876
3.092762
3.009521
3.086644
3.162688
3.015665
3.024065
3.025803
3.098571
3.074564
3.181314
2.942517
3.125980
2.918422
3.101406
3.240220
3.026635
3.030432
2.983485
3.032915
3.123945
2.878203
3.249896
3.113930
3.011489
3.033062
3.024819
3.102852
3.026996
3.033949
3.117390
3.007951
2.969385
3.113680
3.061160
3.079287
3.087117
3.018746
2.919365
3.090769
3.089984
3.146629
3.259262
3.016942
3.018670
3.024200
2.938492
3.127150
3.020965
3.004475
3.145750
2.944378
2.967392
3.191444
3.035090
3.205817
3.009941
3.157494
3.268092
2.988194
3.016725
3.087834
3.028528
3.066241
3.079575
3.005492
3.159472
3.247679
3.159526
3.063826
3.153050
3.043293
3.082208
3.210758
2.949245
3.030988
2.994781
2.951808
2.950093
3.064038
3.083111
3.085493
3.021838
2.975792
3.172672
3.143249
3.048854
3.231768
2.973576
3.110416
3.079134
2.982651
3.198209
2.969907
3.072202
3.165967
3.091753
3.106760
3.141042
3.056853
2.958532
3.047708
3.108281
3.010692
3.051318
3.009591
2.990846
3.224234
3.109605
3.103484
3.063623
3.272760
3.328498
2.977993
3.122462
3.032318
3.069073
3.229548
3.092706
2.949992
3.094974
3.159216
2.987896
2.894699
3.111436
3.258064
3.054760
3.074716
3.089963
3.211791
3.264191
3.105842
3.040370
2.924065
3.059473
3.109765
3.119390
3.185694
2.996733
3.024550
3.060183
3.164254
3.029904
3.209264
3.070969
2.946528
3.140488
2.981717
3.012473
2.979802
3.247061
3.011750
3.060656
3.140054
3.178766
3.200584
3.048171
2.988080
3.179486
3.149361
3.257332
3.051966
3.011354
3.153135
3.161462
3.054695
3.195050
3.075497
3.228340
3.008544
3.153407
2.963673
2.906188
3.282758
3.158758
3.080083
3.138731
3.026635
3.102717
3.030295
3.051810
3.261046
3.081976
2.987138
3.014145
3.198147
3.066552
3.017480
3.027099
3.103654
2.978026
3.020746
3.179723
3.028686
2.886667
3.197272
3.118370
2.987990
3.091287
3.045550
3.083276
3.161374
3.011405
3.110764
3.076911
2.883213
3.272100
3.032680
3.050380
3.049583
3.142488
3.219778
2.984691
3.095248
3.006205
3.066915
2.984677
3.003893
2.991871
3.116007
2.952027
3.226164
2.881691
3.117099
3.017836
3.381902
3.107137
2.953043
3.055788
3.108968
3.054134
3.035195
2.916613
3.099838
3.146531
3.168894
2.908680
3.041907
3.226901
3.085643
3.025734
3.103312
3.096238
2.949131
3.174329
2.938511
3.135489
3.091321
3.168305
3.073799
3.026126
3.204377
3.031503
3.063226
3.221949
3.034775
3.051360
3.004322
2.984710
3.033170
3.080792
3.038229
3.058721
3.043487
3.117808
3.184500
2.996858
3.138206
3.045872
3.148691
3.242971
2.977384
3.099512
3.100957
2.980239
2.966180
3.048336
3.135426
3.059416
3.071423
3.084587
3.120281
2.954780
2.910645
3.287858
3.049145
3.201101
2.999974
2.971312
2.951180
3.247831
3.002998
3.020183
3.135535
3.208108
2.960014
3.031392
2.997204
3.105194
3.203226
2.992331
3.159827
2.973945
2.988134
2.957881
3.305690
3.099858
3.091992
2.932068
3.032429
3.084441
2.997201
3.184068
3.013169
3.076528
3.106112
2.978601
3.027110
2.931709
3.246584
3.044339
3.028954
3.072674
3.225920
3.100374
3.102282
3.083711
3.071199
3.168297
2.996258
3.106431
3.196869
3.199747
3.045851
3.213023
3.039423
3.033231
2.945232
3.159253
3.068980
3.093755
3.116087
3.162438
3.070829
3.322080
3.214530
3.025883
3.041750
2.929523
3.169220
3.001069
3.008950
2.994046
2.969468
3.075472
3.161905
3.176467
3.154674
3.123691
3.031767
3.171810
3.097641
3.116704
3.157760
3.259686
3.223559
3.251832
3.022652
3.011747
3.018076
2.963717
3.024605
3.101322
2.947429
3.064357
2.989395
3.057093
3.027759
2.993279
3.184754
3.201725
3.025784
3.229584
2.996727
2.930494
3.264920
3.025895
3.138488
3.168201
3.171500
3.263753
2.924809
3.121123
3.047687
3.230165
3.187510
3.055987
3.048473
3.077415
3.026836
3.077778
3.049257
2.992008
3.089910
2.882215
3.157971
3.183413
3.067128
2.917853
3.100387
3.250503
3.036381
3.101331
3.077856
3.133359
3.022554
2.978344
3.037110
3.091335
2.971688
3.076859
3.091764
3.353416
2.919926
3.157079
3.003198
3.069493
3.010845
3.145930
3.092449
3.105005
3.079487
2.992496
3.158715
3.057343
3.092372
3.243754
3.043624
3.024924
3.202764
3.069099
3.125817
3.049480
3.035781
3.232267
3.043806
3.153783
3.199406
3.052254
3.021527
3.113482
3.203519
2.912033
2.999348
3.003538
3.046342
3.060848
3.100403
2.994175
3.209926
3.271439
3.046566
3.071060
3.272169
3.015013
3.092494
3.162341
3.039859
3.060520
3.291790
3.085193
3.142032
2.944474
3.130344
3.077303
3.033741
3.079803
3.153037
3.273034
3.045186
3.056576
3.056344
2.985756
3.323340
3.190347
2.956256
2.950403
2.956851
3.049993
3.332870
3.121053
3.044836
3.275529
3.141922
2.982065
3.306856
2.953389
3.072154
3.177140
3.037841
3.049861
2.919036
3.364417
3.072959
3.169826
2.981756
3.174082
3.144016
3.095975
3.051923
3.295541
3.063340
3.197725
3.003317
3.043089
3.136272
3.231210
3.360356
3.016511
3.034190
3.369289
3.079674
3.067900
3.032807
3.159589
2.931296
3.095130
3.212956
3.121389
3.118744
3.048275
3.233369
3.113800
3.227681
3.195820
3.033096
2.962492
3.149623
3.125863
3.141347
3.102713
3.238185
2.946937
2.999443
3.241196
2.961342
3.162057
2.946648
3.064303
3.216755
3.101230
3.184194
3.190013
2.927323
3.034584
2.910645
3.034497
3.105154
3.090329
3.106449
3.016003
3.244199
3.005302
3.015428
3.028689
3.253321
3.083622
3.198351
3.013367
3.174957
3.126352
3.001045
3.223225
3.158577
3.059439
3.025422
3.425764
3.070459
3.104964
3.070639
3.019802
3.012534
3.000284
3.012064
3.078764
3.270815
3.068712
2.922461
3.132110
3.109748
3.173824
3.189936
2.954556
2.885215
3.011054
3.051401
3.046177
3.011696
3.268449
3.024850
3.158281
2.938810
3.189448
3.006739
3.072339
3.216148
3.146086
3.209579
3.065390
3.074082
3.087067
3.063296
3.121096
3.144798
3.022016
3.072316
3.139051
3.221916
3.206781
3.004543
3.053916
3.124658
3.011595
3.046142
3.029278
3.102526
3.218724
3.121363
2.993404
3.170685
3.034845
3.027504
3.047016
3.219764
3.124703
2.982786
3.366819
3.084688
3.205229
3.184015
2.887934
2.970043
3.091190
3.301212
2.982821
3.150496
2.978272
3.136613
2.991401
3.143225
3.060772
3.082707
3.042571
3.084399
2.954800
3.107618
3.108462
3.256560
3.090524
3.043112
3.218164
3.091769
2.985793
3.178961
3.034991
3.040978
3.040806
2.982650
3.011727
3.242003
3.214834
3.036337
3.041751
3.043441
3.085730
3.011021
2.928753
3.105894
3.092799
3.181906
3.178265
3.089292
3.000756
3.129690
3.276201
3.108551
3.069825
3.041980
3.085232
3.079755
3.020852
3.050172
2.971095
2.975471
3.153013
3.056729
3.049439
3.111665
3.032326
3.031732
3.038096
3.017053
3.228683
3.103162
3.072124
3.114562
3.263521
3.090954
3.233050
3.014057
3.122667
3.229255
3.209812
2.946495
2.965641
3.022714
3.003040
3.016884
3.270736
3.037598
3.159617
3.192795
3.106180
3.084460
3.129081
3.005485
3.052837
3.052943
3.073071
2.974391
3.155402
3.074466
2.960880
2.967843
3.132974
2.975483
3.160333
3.088794
2.970774
3.099587
2.997670
3.341490
3.054552
3.034429
3.000307
3.081397
3.192997
3.042761
3.052699
3.081819
3.048996
3.109551
3.123620
3.141449
3.185093
3.199219
3.066565
2.989703
2.915610
3.030703
3.004184
3.031683
3.048743
3.045396
3.088853
3.047449
3.055217
3.187441
3.233255
3.171118
2.987370
3.129545
3.083622
3.282666
3.091972
3.100419
3.173260
3.062782
2.995516
2.969601
2.943602
3.081779
3.169612
3.148490
2.948693
3.272491
3.000068
3.024295
3.140111
2.812421
3.092193
3.092861
3.034524
2.971198
3.154344
2.999179
3.034557
3.146814
3.115883
2.934965
3.031482
3.183357
3.186170
3.030855
2.910331
3.048219
2.952613
3.138595
3.147091
3.036788
2.905042
2.928861
2.933450
3.071571
3.214638
3.174356
3.094395
3.130237
2.967893
3.021717
2.998075
3.175820
3.095003
3.186808
3.021017
2.924518
3.149328
2.960662
3.201495
3.076557
2.930369
3.079035
3.006669
2.952456
3.027367
2.983886
3.198165
2.945854
3.001653
3.059640
3.052485
3.041269
3.078877
3.217915
2.993665
3.278807
3.149910
3.119252
3.013236
3.175363
2.967898
2.932163
3.016083
3.177352
3.326054
3.032260
3.036449
3.110533
3.341813
3.054134
3.079581
2.999487
3.257688
3.100026
3.190814
2.952396
3.017446
3.224949
2.971980
3.287692
3.004332
3.093352
3.118347
3.070442
3.126372
3.128703
3.041841
3.065013
3.035144
3.019974
3.051701
3.005427
3.051234
3.026434
3.142351
3.072443
3.081922
3.057679
3.137184
3.037993
3.014043
3.199125
3.012399
3.048314
3.125917
2.992470
3.189022
3.170175
3.050459
3.111905
3.331365
3.112064
3.089259
2.925799
3.092331
3.026198
3.235360
3.028827
2.998842
3.127092
2.923706
3.253695
2.994384
3.007744
3.032188
3.009749
2.994211
3.107123
3.350865
3.098282
3.119461
2.995738
3.006295
2.948220
3.030361
3.262200
3.200586
3.183937
3.023977
3.057624
3.152310
3.030081
2.996149
2.909454
3.084245
3.054450
3.135511
3.106832
2.992924
3.071563
3.097465
3.134598
2.978520
3.077748
3.171800
3.090976
3.025910
3.071189
3.165291
3.062100
3.103429
3.010261
3.010688
3.135423
3.119965
3.051855
2.923161
2.972897
3.149725
2.984401
3.081467
3.184167
3.048538
3.040337
3.053719
2.975996
3.090063
3.083197
3.072844
2.944910
3.131932
3.216829
3.039113
3.021863
3.084287
3.016959
3.191411
3.191098
3.043913
3.063921
3.070427
3.127897
3.207105
2.983711
3.187031
3.199738
2.942166
3.148992
3.017243
3.004441
3.148312
3.123157
3.013650
3.121335
3.222989
3.075651
3.064622
3.066198
3.129190
2.930722
3.028068
3.108072
3.010538
2.984960
3.049609
3.248771
2.964501
3.169961
2.893158
2.965645
3.168980
3.048566
3.045983
3.377674
3.243306
3.103521
3.085996
3.035723
3.134708
2.926026
3.044928
3.147919
3.041971
2.957817
2.889313
3.131828
3.224247
3.137017
3.079097
3.120920
2.990508
2.876353
3.141089
3.053246
2.987592
3.256647
3.175166
3.063588
3.024104
3.042989
3.042249
3.156495
3.042309
3.035799
3.058441
3.021324
2.987233
3.058172
3.107647
3.268786
3.067153
3.050282
3.130676
3.069143
3.101510
3.274183
3.042670
3.143101
2.970897
3.062993
3.397919
3.053447
3.165100
3.110299
3.032198
3.089152
3.024376
2.862534
3.242975
3.010255
3.033209
3.056147
3.186032
3.005412
3.417953
2.988691
3.124874
3.173078
3.034068
3.215207
3.027284
3.032088
3.131737
3.094454
3.143461
3.080156
3.097795
2.981893
2.951213
3.179430
3.250147
3.025790
2.971462
3.075687
2.975794
3.233363
2.998859
2.975638
3.148771
3.040918
3.014876
3.016648
2.962338
2.999610
3.229110
3.059362
3.033017
3.150588
3.061948
3.216533
2.976211
3.016497
2.987758
2.946070
3.007508
3.123764
2.987908
3.034020
3.229161
3.122636
3.101558
3.006278
2.985202
3.123913
3.136665
3.197889
3.019732
2.937378
3.070466
2.954012
3.175728
2.994031
3.042866
3.261173
3.148131
3.066351
2.963281
3.159809
3.055529
3.031463
3.064588
2.976461
3.112505
3.061163
3.009346
3.053547
3.043120
3.086625
3.024296
3.084456
3.136933
3.018894
3.105441
3.181743
3.089529
2.894948
3.162379
2.997332
3.116058
3.035858
3.271821
3.211370
3.189759
3.326871
3.239796
3.075586
3.101053
3.241048
3.101684
2.923870
3.005586
3.047989
3.249044
3.034760
3.035199
3.040241
3.054132
3.000472
3.229829
2.934234
3.037573
3.354543
3.051230
3.218006
3.049352
3.184732
2.977302
2.984515
3.093516
2.979541
3.129988
3.116056
3.276206
2.914410
3.054613
3.130577
2.967049
3.104983
3.164168
3.100456
2.892809
2.981091
3.023753
3.179080
3.094977
3.134350
3.136350
3.116612
3.140639
3.074924
3.080115
3.036586
3.180375
2.990371
3.133429
3.192116
3.169094
3.066398
3.182815
3.039451
3.032849
3.230051
3.044853
3.076362
3.106238
3.120582
3.091046
3.052545
3.171229
3.124214
2.978122
3.013664
3.031609
3.359014
3.092988
2.956854
3.073681
2.984745
3.063850
2.972392
3.237470
3.052120
3.033327
3.067722
3.079511
3.019036
3.009346
3.234884
3.292434
2.914576
3.171762
3.069699
3.026859
3.116408
3.173280
3.015893
3.227172
3.011842
3.110952
3.025594
3.034168
3.295093
3.198562
3.069236
3.139234
3.088528
2.921990
3.191747
3.070352
3.069550
2.983366
3.257712
3.003412
3.006945
3.173033
3.120765
3.136231
3.046466
3.098174
3.101382
3.167548
3.178424
3.038659
3.116597
2.980786
3.123994
3.079212
3.239950
3.065159
2.967415
2.993023
2.953107
3.289884
3.098422
3.206935
3.084857
3.080534
2.935942
2.928805
2.919453
3.079304
3.087481
3.011057
3.070695
3.219560
3.073268
3.127629
3.159588
3.063749
3.248174
3.030314
3.087232
3.114306
3.313169
3.058818
3.169371
2.989555
3.000628
3.207865
3.003086
3.104609
3.206269
2.950489
3.231932
3.059705
2.992520
3.152104
3.178744
3.199411
3.000159
3.169309
3.075333
3.087419
2.962542
3.202276
3.042065
3.061161
3.007817
3.028500
3.109732
3.068530
3.036869
3.017093
3.020078
3.035765
3.023603
2.890838
3.095147
3.084146
2.920699
3.089757
2.999069
2.985626
3.284932
3.027191
2.963663
3.143712
3.061967
3.131696
2.942959
2.973715
2.967697
3.130222
3.021238
3.035380
3.139848
3.128184
3.110217
2.956062
3.123853
3.069572
3.129135
3.033666
3.143484
3.135159
3.070608
3.100858
3.049892
3.009813
2.986993
2.940015
3.163181
3.098185
3.038666
3.150533
3.173185
3.173288
3.098197
3.042135
3.112596
3.144649
3.067456
3.083971
3.055897
3.143995
3.011257
3.022289
3.090400
3.089172
3.105855
3.012694
3.029483
3.051927
3.162182
3.166051
3.192712
2.954902
3.005569
3.101144
3.142631
2.990417
2.963146
3.051605
3.037206
3.106074
3.146315
3.149979
3.065255
2.949309
3.151782
3.010593
3.135494
3.009363
3.173458
3.220329
2.955914
3.131701
3.050087
2.996660
3.176416
3.061104
3.116625
3.137665
3.111751
3.205726
3.143580
3.005322
3.154225
3.029921
3.035360
3.032286
2.964989
3.044611
3.070445
2.924748
3.041995
3.150868
3.022729
3.228046
3.135654
3.158838
3.043458
3.189057
2.931474
3.065012
3.258538
3.121392
2.921773
3.152974
3.109283
3.020701
3.009933
3.002490
3.139739
2.905320
3.250755
2.992166
3.135969
3.143048
3.096136
3.033225
2.893551
3.094235
3.092528
3.061649
3.282256
3.004502
3.109162
3.090770
3.147327
3.127137
3.001674
2.999280
3.007798
2.983248
3.009151
3.008974
2.991320
3.205581
3.237952
3.278395
3.002291
3.056448
3.039384
3.071279
3.034869
3.166820
3.023900
2.942014
2.985375
3.083784
3.056737
3.191592
3.095659
3.181997
3.045237
3.101960
3.112117
3.027447
3.023897
2.972332
3.180078
3.252323
3.065661
3.048695
3.017853
2.994203
3.123130
3.197869
3.166391
3.089175
3.011830
3.138806
3.091101
2.993565
3.314388
3.243979
3.090038
3.090026
3.101200
3.028660
2.966248
3.185960
3.119367
3.092788
3.214150
2.996344
3.087824
3.052895
3.071834
3.047737
3.138215
2.946106
3.276832
3.135028
3.096001
3.211526
3.197503
3.057007
3.118687
3.006482
3.079264
2.951277
3.052767
2.918277
3.163617
2.968777
3.185120
2.998098
3.096480
2.985612
3.139559
2.986269
2.981756
3.170409
2.918943
3.037983
2.990444
3.171157
2.945572
3.109337
3.150123
3.052354
3.025431
3.081485
3.041040
3.023540
3.223944
3.150368
2.957945
3.078661
3.130943
3.140176
3.105272
3.004265
3.048283
3.076992
3.240056
3.161171
3.214899
3.034104
3.078133
3.117613
3.061385
3.149709
3.129854
3.006753
3.101526
3.097418
3.037090
3.229043
3.127044
3.254477
3.062083
3.107725
3.032431
3.030165
2.889822
3.008625
3.172435
3.008387
3.362736
3.006751
3.175372
3.001980
3.108111
3.073698
3.026412
3.187800
3.174393
2.892651
3.185598
3.023342
3.144143
3.062739
3.232132
3.029005
3.127108
3.055183
3.203114
3.113724
3.072101
3.270841
2.979058
2.941852
3.066717
3.057491
2.996939
3.176917
3.010372
3.089615
3.108779
3.021611
3.284667
2.965297
3.059702
3.008103
3.252884
3.032716
3.077104
3.120536
3.040926
3.060219
2.967176
3.067173
2.917192
3.030130
3.108996
3.213369
3.184545
3.021261
3.049834
2.993662
3.039871
3.061603
3.134149
3.001737
3.112246
3.017826
2.991664
2.959892
3.129606
3.161056
3.071914
2.968944
3.115124
3.153035
2.941945
3.047240
3.072387
3.027220
3.174285
3.147483
3.346896
3.030130
3.119111
3.132927
3.192836
2.907604
3.195757
3.203911
2.979063
3.175462
3.070222
3.109971
3.016009
3.006318
3.158516
3.038861
3.224863
3.065714
3.196096
2.952768
3.127592
3.244257
3.037970
3.106957
3.016769
2.925582
3.063960
3.196531
3.061470
2.959196
3.108475
2.959943
3.110140
3.174830
3.133528
3.114823
3.245040
3.165797
3.239014
3.144282
3.022372
2.981506
3.139530
3.134543
3.201064
3.048014
3.073824
2.978394
3.000951
3.043846
3.145206
3.053484
2.996006
2.994890
3.150730
3.113148
2.981519
3.023674
3.139700
3.185508
3.152711
3.116707
3.051650
3.040021
3.030126
3.039381
2.973588
3.066854
3.161106
3.201026
3.109123
3.124828
3.072192
3.107091
2.967944
3.215411
2.977993
3.011018
3.043740
3.070871
2.884544
3.011887
3.145749
2.976074
3.209584
3.145711
3.131428
3.102320
2.941571
3.243833
3.130647
3.017204
2.963927
3.031795
3.105948
3.030609
3.162117
2.893001
3.095964
3.252844
3.023800
3.035954
3.310345
2.981759
3.124631
2.995838
3.151443
3.076416
3.070350
3.082699
3.271829
3.156337
3.036288
3.088328
3.127570
3.108366
3.082191
3.049072
3.091453
2.987357
3.411483
3.053016
3.220372
3.099658
3.062520
3.176639
2.959919
3.158219
3.193486
3.336965
2.916735
3.014586
3.113578
3.094407
2.983475
3.234148
3.088275
2.979805
2.999669
3.038682
3.050261
3.164865
3.267828
3.159545
3.006984
3.003551
2.951140
3.053845
3.202772
3.017752
2.974493
2.980801
3.033295
3.040359
3.022697
3.077440
3.242838
2.954024
3.275315
3.093585
3.018728
3.223889
3.170513
2.916616
3.136463
3.105724
2.944721
3.105308
3.113406
3.058831
3.008814
2.981687
3.137665
3.038551
3.125290
3.138533
3.204735
3.176313
3.041410
3.336905
3.046564
3.184498
2.915237
3.003700
3.014252
3.093886
3.084824
3.061191
3.023240
3.464672
2.918207
3.229404
2.997999
3.138125
3.050596
3.177523
3.164696
3.110040
3.001538
3.006167
3.246663
3.061528
3.153251
3.027569
3.112261
2.969577
3.115355
3.146518
3.163443
2.981951
3.181420
2.931148
3.174350
3.072929
3.119341
3.053761
3.259142
3.092725
3.080266
3.007543
3.046714
3.071115
3.221789
2.995403
3.058110
3.036023
3.147685
2.983304
3.089534
3.056776
2.897010
2.950968
3.072135
3.378263
3.036524
3.122897
3.082885
3.055779
3.004689
3.192688
3.032727
3.253141
3.139107
3.033488
3.041856
3.014809
3.087899
3.059453
3.040223
3.159347
3.147806
3.100506
3.189829
2.963407
2.962542
3.065807
3.124407
3.080701
2.918890
3.175575
3.059066
3.066241
2.988855
3.154056
3.200701
3.009450
3.095004
3.070689
3.162046
3.100700
3.028744
3.088867
3.074941
3.152431
3.049037
3.101299
2.935936
3.034141
3.073331
3.094801
3.036141
3.057844
3.061131
3.029542
3.118228
3.275030
3.013519
2.988444
3.359709
3.063221
3.166715
3.093380
3.007745
3.089375
3.043293
3.074517
3.140668
3.051196
3.008458
3.034497
3.050310
3.172346
3.095538
3.102942
3.010927
3.074093
3.114212
3.069346
3.280213
2.987951
3.059595
3.111663
3.146076
3.004335
3.044353
2.990776
3.116865
3.092507
3.031434
3.026352
3.123740
3.019888
2.947608
3.149360
3.025940
3.217176
3.001567
3.050357
2.976467
2.965772
3.309745
3.007050
3.040863
3.119851
2.959734
3.218508
3.097114
3.088630
3.076027
2.981982
3.178657
2.977968
3.035750
3.086713
2.931104
3.050267
3.107589
3.150724
3.214720
3.208650
3.119698
3.357973
3.049871
2.957937
3.088527
3.170541
3.004075
3.135327
3.006110
3.402484
3.159858
3.063712
2.985278
2.949734
3.371161
3.015569
3.044440
3.092471
3.124633
3.107919
3.070841
3.016402
3.056187
3.183400
3.048201
2.992568
3.015136
3.053554
2.992441
3.202096
3.086927
3.029490
3.190348
3.192417
3.028295
3.194407
3.117297
2.983411
3.027113
3.092204
3.101334
3.031045
3.005003
2.984222
3.084952
3.088453
3.210435
3.066588
3.095115
2.944536
3.050518
3.164492
2.978670
3.065204
3.217489
3.226832
3.114281
3.061820
2.942623
3.050482
3.084121
3.105895
2.996060
3.034637
3.054054
3.183309
3.001225
2.996522
3.010865
3.183393
3.164064
3.221137
3.188125
3.032145
3.123971
3.133519
2.965374
3.128276
3.080062
3.095721
3.052836
3.112132
3.168733
3.110267
3.222128
3.003918
3.114400
3.186156
3.067798
3.015247
3.198813
3.254687
3.153010
2.975144
3.030484
3.139842
3.065301
3.008978
3.136329
3.101889
3.055278
3.200802
3.051759
3.018428
3.062107
2.967792
3.192257
3.200470
3.111403
3.055788
3.046622
3.026319
3.042567
3.408484
3.038321
3.186146
3.187923
3.000010
3.022166
3.113567
3.064580
3.250731
3.050799
3.116830
3.093737
3.188918
2.962598
3.079308
3.066486
3.123439
3.002955
3.284339
3.044332
3.205875
3.148071
3.031883
3.151582
2.981887
3.102193
3.002953
2.972319
2.988760
3.193186
2.930431
3.007565
3.076442
3.101130
2.999697
3.096550
3.104113
2.996114
3.073538
3.032043
2.935061
3.102730
3.113072
3.253168
3.033202
2.972411
3.000585
3.020030
3.118845
2.982279
3.128886
3.089161
3.184969
3.010729
3.201420
3.055063
3.063375
3.020510
2.983327
3.112345
3.199087
3.168164
3.012550
3.101995
3.011815
3.018385
3.117830
3.119822
3.064594
3.000539
3.122152
2.937572
3.150747
3.084832
2.961332
3.261216
3.114344
3.049569
3.040710
3.094632
3.243667
2.946400
2.973290
2.944416
3.128376
3.097957
2.982160
2.958555
3.044058
3.039051
3.035018
3.019296
2.996896
2.986541
3.225179
2.997032
3.169167
3.148775
2.902691
3.137447
3.232293
2.898979
3.053222
3.135668
3.017054
3.004263
3.013014
2.940340
3.013731
3.081522
3.033177
3.034321
2.982960
3.108433
3.143856
3.054062
2.987693
2.995053
3.313401
3.091013
3.049600
3.108232
3.145145
3.029080
3.091362
3.147707
3.013316
3.137736
3.156314
3.023749
2.980463
3.046643
3.106021
3.078667
3.049465
3.007161
2.973498
3.113067
3.126003
3.047897
3.237896
2.989572
3.084732
3.006416
3.097225
3.225189
3.058493
3.124759
3.012118
3.061875
3.145764
3.138255
3.089419
3.190058
3.016599
3.053862
3.023466
3.186383
2.998188
3.039915
3.015477
3.076031
3.155749
3.411925
3.104466
3.118549
2.886309
3.026291
3.066983
3.088352
2.913689
2.989713
3.110315
3.100292
3.237522
3.182601
3.126965
3.023439
3.159493
3.086881
3.100968
2.993560
3.202798
3.015966
3.042590
2.975064
3.211301
2.967802
3.042998
3.049702
3.149341
3.157634
3.217909
3.174578
3.280812
3.011369
3.145310
2.923402
3.033630
3.241696
2.973430
3.027252
3.160283
2.994769
3.054827
3.378626
3.096517
3.174203
3.048237
2.953289
3.054930
3.131776
3.144191
3.049764
3.175771
3.141886
2.983116
3.032156
3.064570
3.162162
3.105116
3.067002
2.996984
3.026505
3.055726
2.958371
3.022687
3.027468
3.071842
3.234033
2.980180
3.194010
3.018716
3.048335
3.051310
3.009948
3.121906
3.271717
3.160293
3.290127
3.038370
3.032199
3.013327
3.147710
2.975533
3.134394
3.182581
3.091096
3.167013
3.153319
3.015742
3.152851
3.261967
2.989128
3.134106
3.004775
3.007342
2.988409
3.132922
2.917144
3.077300
3.101937
3.037116
3.244587
3.117551
3.109627
3.251474
3.080798
3.095113
3.081791
2.918313
3.124144
3.014850
3.159732
3.010103
3.027841
3.004476
3.121577
3.019500
3.096302
3.116402
3.077740
3.087627
3.021224
3.248142
3.186424
2.973831
3.094793
3.182294
3.065048
3.076829
3.185212
2.979320
3.171780
2.999708
3.085432
3.225258
3.090199
3.067642
3.041578
3.186962
3.135573
2.974846
3.094394
3.244243
3.220475
3.042696
2.952942
3.143709
3.044330
3.123844
3.289273
3.017570
3.087362
3.076738
3.182366
2.956240
3.094878
3.105625
3.144816
2.989104
3.238790
3.030290
3.021531
3.058558
3.032050
2.981476
3.184563
3.085121
3.226909
3.196009
3.333071
3.182407
3.072029
2.911671
3.187718
3.041971
3.001312
3.158197
3.037168
3.026753
3.097974
2.951092
3.216351
3.096579
2.964259
3.206079
3.338165
2.985382
3.078272
2.983695
3.064946
3.030436
3.049381
2.936639
2.996893
3.165405
3.212079
3.066229
3.121486
3.074385
3.004426
3.075505
2.974233
3.195601
3.136460
3.178087
3.131311
3.183042
3.171946
2.985081
3.007022
3.344824
2.980633
3.098616
3.147140
3.059339
3.245441
3.182561
2.972434
2.939936
3.099464
3.074731
3.210589
3.056868
3.252253
3.329730
3.064265
3.015695
3.048941
3.026562
2.984796
3.069785
3.104722
3.070241
3.156156
3.091378
3.073049
3.086497
3.038205
3.216490
3.099857
3.017662
3.092101
3.003828
3.012813
3.068260
3.310098
3.025333
2.975269
3.117833
3.085809
2.954171
3.213812
3.002090
3.135937
3.120769
3.088797
3.382458
3.013521
3.185885
3.150182
2.989132
2.948616
3.055648
3.161598
3.014538
2.984761
3.229861
3.056912
3.029756
3.096222
3.196921
3.004015
3.294501
3.070599
3.013224
3.037592
3.076103
3.080300
3.137563
3.099246
3.197175
3.074973
3.084088
3.110918
3.095621
3.038219
3.076362
3.113681
3.170091
3.165019
3.018690
2.999895
3.035592
3.121441
3.071771
3.012332
3.145429
2.951564
2.903398
3.023555
3.122489
3.028100
3.105359
2.967882
3.119828
3.133554
3.065795
3.024487
3.093054
3.132546
3.036680
3.097542
3.137855
3.267473
2.949872
3.019251
3.031480
3.072089
3.090991
3.024300
3.090933
2.936491
3.149680
3.131460
3.112407
3.197552
3.106060
3.061274
3.316661
3.273356
3.045896
3.164437
2.985102
2.986612
2.977384
3.205732
3.075917
3.060994
3.048911
2.958113
2.918676
3.151433
3.114502
3.033811
3.064710
3.064477
3.157607
2.948805
3.135323
3.038345
3.124218
3.124017
3.013424
3.088601
3.018168
2.950243
3.122210
3.309075
3.160860
3.012281
3.189964
3.251814
2.988078
3.078586
3.092768
3.101350
3.098656
3.048575
3.109555
2.926365
3.006737
3.139492
3.162475
2.976068
3.007562
3.123508
3.129751
3.163615
2.984147
3.219715
3.213748
3.289820
3.225328
3.185596
2.967326
3.053606
3.147137
3.034122
3.034335
3.153725
3.006259
2.885072
3.166140
3.122945
3.142046
2.944198
3.260727
3.012408
3.047627
3.053353
2.855617
3.003399
3.069805
2.969380
3.107435
3.062137
3.044453
3.034022
3.125212
2.981016
3.155520
3.045516
3.257841
3.062312
3.094585
2.992757
3.008845
3.049367
3.005612
3.057465
3.016241
3.089350
3.198562
2.969649
3.166126
3.004988
2.986093
3.138658
3.034691
3.104246
2.877408
3.080802
2.868410
3.083718
3.017375
3.063099
3.102791
3.032160
3.135273
3.263295
3.098483
3.166776
3.004803
3.185554
3.210100
3.072220
3.062226
2.968758
3.164536
3.056157
2.995963
2.996225
3.099226
3.113862
3.061888
3.223789
3.012335
2.964600
3.111089
3.117140
3.166549
3.002317
3.071050
3.030252
2.980141
3.137651
3.161646
3.059275
3.254113
3.035112
3.185775
3.343595
2.982946
3.037357
3.137936
2.994736
3.233353
2.944588
3.287081
3.317976
3.060402
3.019616
3.015684
2.962592
3.032329
3.159819
3.158128
3.166964
2.981810
2.990879
3.342960
3.062723
3.063160
3.063092
3.034883
3.116278
3.024829
3.061853
3.007389
2.921298
3.162644
3.272291
3.010847
2.949448
2.985773
2.950688
3.343028
2.978352
3.012215
3.123493
3.120230
3.167718
3.209417
3.284837
3.023720
3.331839
3.008981
2.954045
3.131342
3.052501
2.987524
2.961924
3.103043
3.031651
3.044004
2.977666
3.089716
3.066887
3.069843
3.088141
3.146103
3.026927
3.023149
3.000123
3.057776
3.010893
3.024296
3.150956
2.973041
3.285445
3.071750
3.115043
3.095963
3.100153
3.174656
3.067490
3.193157
3.016937
3.160551
3.111700
3.213103
3.118703
3.037215
3.063798
3.005455
3.003420
2.977756
3.157925
2.950851
3.096193
3.059100
2.984881
3.042560
3.032982
3.155037
3.050022
3.085823
3.142667
3.042248
3.107457
3.059691
3.012721
3.085711
3.112780
3.026091
3.137712
2.998032
3.098153
3.017682
2.970844
2.988835
3.014759
2.972913
3.061654
3.238165
3.169742
2.964115
2.945657
3.014425
3.114062
3.297640
3.119604
3.133457
3.045281
2.988155
2.910633
2.976887
3.053265
3.163416
3.067492
3.313984
3.007243
3.141869
3.037335
3.055158
3.046402
3.066818
3.039756
3.146784
3.056467
3.135502
3.098001
3.045270
3.000820
3.173810
3.007895
3.045830
3.065585
3.094024
3.017824
2.999731
3.062227
3.121586
3.051157
3.223780
3.076821
3.122220
3.118824
3.017335
3.142375
3.154770
3.038449
3.148398
3.008862
3.054928
3.229269
3.072329
2.984871
3.018770
3.155204
3.092733
3.079425
3.090211
3.061498
3.034093
3.249295
3.093981
3.085960
3.136765
3.127754
3.093361
2.957345
2.984668
2.960417
3.136456
3.103570
3.050705
3.144784
2.880205
2.990870
3.140243
3.231400
3.080931
3.118299
3.024769
3.184701
3.209191
3.006591
3.121878
3.041280
3.072387
3.234695
3.188813
2.974444
3.227365
3.019063
2.986451
3.242724
3.036956
3.090928
2.993278
3.229142
3.044175
3.108260
2.948978
3.112444
2.968776
3.063774
3.123520
3.126487
2.975363
3.081468
2.989873
3.080004
3.208566
2.996374
3.161096
2.987172
3.239816
2.971904
3.207274
3.110955
3.043797
3.163333
3.260630
3.128940
2.992114
2.963770
2.979304
3.100567
3.043941
3.061203
3.089665
2.976615
3.008588
3.080203
3.115415
3.228955
3.011686
3.187690
3.077065
2.938218
3.137615
2.982230
2.933745
3.174511
2.954102
3.051951
3.016776
3.127966
3.145497
3.090705
3.098943
3.002285
3.121793
3.104443
3.076193
3.084375
2.988839
3.085249
3.144614
3.136678
3.029283
3.098662
3.115689
3.173468
3.025263
3.042894
3.049334
3.040207
3.191939
2.956727
2.979609
3.274507
3.005572
3.046793
2.948539
3.136076
3.145377
2.963025
3.031306
3.065897
3.232551
3.044855
3.165391
2.951458
3.027512
3.060549
3.111993
2.983776
3.031449
3.050492
3.280632
3.014644
3.140556
2.985002
3.056071
3.072676
3.116547
3.188047
2.969881
3.155588
3.068802
3.117373
3.100134
3.121386
3.018789
3.137009
3.018918
2.983954
3.112223
3.251482
3.137091
2.959975
3.095235
3.117475
3.081687
3.057962
3.244991
2.952193
3.058051
3.124968
2.971139
3.110093
3.148237
3.114931
3.046691
3.297919
3.094920
3.010506
3.129448
3.105377
3.012590
3.026442
3.041447
3.189715
2.947002
3.194005
3.167469
2.976354
2.952068
3.205380
2.967798
3.110791
2.904470
3.037176
3.258275
2.954203
3.070035
3.174215
2.973877
2.999553
3.128406
3.313948
3.074525
3.008645
3.158496
3.229331
3.146813
2.909863
2.951070
3.301259
3.068553
3.014006
2.999948
3.086082
3.059304
2.972745
3.292243
3.159479
3.003409
3.114357
3.058886
3.113893
3.135345
3.284081
3.091493
2.939603
3.130338
3.047072
3.081848
3.086322
3.165904
3.015798
3.313483
3.199550
3.065062
3.048909
3.177414
3.188960
3.117544
3.030352
3.181713
3.190265
3.089699
3.173488
3.284233
3.026350
2.935484
2.966358
3.003321
3.039168
3.375471
3.048636
2.999414
3.010329
3.038964
2.992354
3.072434
3.151847
3.114293
2.995924
3.010190
3.269630
3.081054
3.191627
3.164835
2.936644
3.017318
3.011412
3.085877
3.038068
3.045725
3.182439
2.977673
3.099160
2.982899
3.085964
3.050981
3.090341
3.159017
3.082645
2.977918
3.072406
3.174332
2.937438
3.141656
3.135441
2.961107
3.035642
3.251446
3.052868
3.124269
3.143905
3.049234
3.087505
3.170630
3.044975
3.179431
2.984519
3.077409
2.887122
3.262982
3.010457
3.209227
2.981669
3.057717
3.106813
3.039569
2.970758
3.101291
2.931391
3.169208
3.095929
3.218547
2.968682
3.100074
3.091654
3.002215
3.226610
3.059878
3.074108
2.962606
3.339742
3.104410
3.197209
3.102564
2.975576
3.279638
3.037584
3.040718
2.957950
3.003142
3.025493
3.166650
3.082304
2.946551
3.077221
3.010510
3.278190
3.127430
3.104390
3.132608
3.216140
2.993369
3.046308
2.963175
3.290213
3.211149
3.517848
3.055489
3.036707
2.936944
3.060037
3.102523
3.088814
3.149306
3.007232
3.028516
2.987291
3.037021
3.262333
3.212893
3.092939
3.093346
2.983751
3.234032
3.037280
2.992203
2.997529
3.154221
2.993502
2.905131
3.099203
3.211018
3.053034
2.991661
3.185422
2.942805
3.176818
3.390283
2.996016
3.015836
3.009568
3.027326
3.267831
3.097132
2.988765
3.073985
3.046539
2.988432
3.046526
3.048337
3.211899
3.066894
3.077140
3.002542
3.148305
3.070083
3.143088
3.136080
3.223849
3.146000
3.282220
3.050609
3.017298
3.028274
3.026613
3.115343
3.062116
3.041391
3.029274
3.282470
3.138446
3.165814
2.942104
3.204167
3.074727
3.116048
3.065474
3.162817
3.075755
3.105856
3.032782
3.153975
3.033723
3.052010
3.004622
2.868833
3.147742
3.011374
3.195031
3.192337
3.067839
3.232779
3.026709
3.146333
3.088722
3.214775
3.191874
3.048750
2.990468
3.009673
3.144802
3.156081
3.078594
3.155269
3.113554
3.079242
3.093575
3.013604
3.227221
3.128286
3.110401
3.210970
3.063338
3.101696
3.028386
3.004942
3.096863
3.094224
3.072855
2.952815
2.971750
3.183493
2.898174
3.098947
3.081454
3.047317
3.003908
2.933258
3.023110
3.146315
3.158087
3.096678
3.089751
3.163412
2.978786
3.241530
3.136543
3.215071
3.051038
2.933790
3.032166
3.333026
2.954637
3.154017
3.123415
3.237118
3.048135
3.024978
3.000124
3.124413
3.112391
3.025926
2.965117
3.002751
3.025428
3.088771
2.941531
3.031586
3.211271
3.052028
3.108371
3.388737
3.030309
2.935692
3.294268
3.088670
3.145677
3.307578
2.979896
3.142816
2.979823
3.056894
3.001695
3.087464
3.073089
3.010936
3.253942
3.158071
3.179856
3.265666
3.010860
3.154526
3.072945
3.201967
3.034030
2.945023
3.048936
3.221072
3.071418
3.115364
3.055712
2.946782
2.929710
3.220164
3.128083
3.152496
3.218102
3.240291
2.998209
3.046762
3.140138
3.144793
3.168115
3.052282
3.033329
3.200160
3.004510
2.901768
3.053238
3.533993
3.149329
3.127569
3.184698
3.106914
2.996682
2.991875
2.951320
3.315799
3.062310
2.961783
3.107591
3.060272
2.893980
2.956208
3.294225
2.932902
3.223632
3.115071
3.011080
3.042383
3.054943
3.160250
3.046409
3.140571
3.069136
3.080750
3.042056
3.087249
3.045976
3.066746
3.137708
3.127539
3.023096
3.047823
3.091469
3.168054
3.238236
2.967549
2.994702
3.033925
3.098673
2.963592
3.184295
2.978902
3.019717
2.991948
3.248968
3.041907
3.028158
2.983758
3.144395
3.106965
3.112920
3.129743
3.116777
3.053386
3.073019
3.017165
3.069272
3.040105
3.256764
3.069471
2.987669
3.178217
2.961620
3.160285
3.140744
3.039713
3.124680
2.997102
3.091967
3.310847
3.104816
3.004823
3.239635
3.238201
3.182731
3.048948
3.027915
3.084629
3.282968
3.131820
2.965400
2.989712
3.062351
3.057087
3.170717
3.149473
3.103450
3.095984
3.058685
2.948483
3.184980
3.059917
3.068946
3.076960
3.089024
3.054190
3.086576
3.029402
3.005969
3.025337
2.947072
3.114787
2.989116
3.083412
3.082981
3.056307
3.091947
3.142945
3.138279
3.192226
2.969654
3.102244
3.203555
3.060682
3.002483
2.985415
3.045161
3.102419
3.194529
2.985177
3.044713
3.073127
2.968797
3.028720
3.207023
3.110581
2.971983
3.165881
2.907959
3.180894
3.167482
2.958673
3.033098
3.087230
3.165783
3.018085
3.213321
3.002207
3.132169
3.138487
3.164818
3.029936
3.019383
3.082391
3.154228
3.150688
2.940043
2.963309
2.934904
3.063566
3.151614
3.035351
3.092242
3.159567
2.967359
3.145823
2.974753
3.098525
2.944575
3.027573
3.048725
2.910679
3.232551
3.228070
3.023629
2.859745
3.253547
3.039980
3.062955
3.095510
3.109758
3.059565
3.234692
3.104057
3.030661
3.061917
3.052874
3.057037
3.043033
3.050065
3.024910
3.042405
3.077658
3.013818
3.238510
3.137699
3.242030
3.042024
3.108284
3.013368
3.075548
3.107220
3.069337
2.987591
3.248883
3.007919
2.885212
3.219256
3.100909
2.954320
3.007004
3.144905
2.992899
3.159645
3.082279
3.172956
3.047221
3.216778
3.063872
3.042938
3.160959
3.287777
3.128515
2.961762
3.077203
3.050640
3.019445
3.046938
3.047806
3.146983
3.045463
3.101118
3.097895
3.035307
3.167565
3.046400
3.011903
3.154111
3.022597
3.081826
3.028172
3.205562
3.082689
3.065002
3.044245
3.028433
3.141782
3.040375
3.067208
3.160471
3.033701
3.167686
2.915510
3.233870
3.247825
3.122147
3.163777
3.076344
3.045864
3.082967
3.132982
3.112431
3.078963
2.912488
3.299719
3.241486
3.000417
3.068769
3.176874
3.140133
3.034821
3.028611
3.163918
3.118786
3.120012
3.030838
3.190462
2.970864
3.101616
3.193335
3.029705
3.090341
2.918492
3.175040
3.054440
3.139803
2.984551
3.012692
3.243270
2.947288
3.090266
3.218752
3.187962
3.154575
2.939629
3.058283
3.152027
3.114848
3.100312
3.127592
3.062550
3.230668
3.083071
2.988080
2.999008
3.059727
3.077771
3.107599
3.096061
3.057418
3.139230
3.256037
3.061018
3.207522
2.949889
3.083689
3.172433
3.124602
3.029362
3.093818
3.195932
3.021140
3.089145
3.115346
3.140938
2.988256
3.174877
2.944065
3.114409
3.271179
3.220938
3.000957
2.963207
3.119233
3.002160
2.988654
3.103726
3.066252
2.945644
3.215595
3.030215
3.020895
2.973373
2.982170
3.160131
3.291715
3.266090
3.109292
3.234406
3.416933
3.040894
3.032098
2.959772
2.941566
3.183286
3.112418
3.130672
2.987469
3.051152
3.251787
3.016419
3.087911
3.163410
3.109194
3.081982
3.051266
3.327223
2.882290
3.011064
3.091695
3.087183
2.990579
3.173865
3.086672
3.041713
3.093036
3.090898
3.075988
3.178367
2.867768
3.191539
3.127901
3.083077
3.125466
3.228071
2.916989
3.009391
3.116047
3.042374
3.047187
3.065435
2.997286
3.172413
3.107548
3.221851
3.036615
2.980320
3.029692
3.163996
3.386974
3.078480
3.179205
3.152006
3.041427
3.079363
3.050843
3.075768
3.032172
3.174523
3.009956
3.108743
3.102206
3.024226
3.191146
2.998160
3.044264
3.227715
3.172648
3.052781
3.106233
3.070985
3.402868
2.938188
3.108875
3.078695
3.086333
2.963149
3.239863
3.052500
2.970198
3.203599
3.020655
3.095991
3.235374
3.136893
2.988166
3.385663
3.004359
2.986765
3.122727
3.062221
3.009014
3.430724
3.184924
3.039500
2.896567
3.180962
3.092591
2.988259
2.977954
3.072586
3.106126
3.128758
3.103684
2.985752
3.102887
3.009126
3.060076
3.038218
3.121604
3.039909
3.112580
3.103928
3.013363
3.108540
3.239941
3.115754
3.022967
3.171460
2.995472
3.221039
2.923701
3.224028
3.072247
3.044684
3.105725
3.121627
3.020158
3.030416
3.165297
3.067384
3.116976
2.898072
3.221757
3.074031
3.161487
3.198035
3.036051
3.331661
3.143297
3.025021
3.011268
3.261356
3.067521
3.031568
3.182791
3.030184
3.175083
3.241216
3.027448
3.123574
3.139962
3.191798
2.984918
3.017532
3.087559
2.989660
3.055530
3.023670
3.063940
3.165013
3.060229
3.115625
3.036176
2.998276
2.999333
2.964940
3.085781
3.274957
3.310046
2.905828
3.238803
3.077672
2.986237
3.023599
3.314616
3.026730
3.204405
2.990196
2.991128
3.122380
2.988307
3.075223
3.113514
3.027890
3.080346
3.005009
3.118124
3.045721
3.121343
3.080878
3.059281
3.241221
3.134521
3.124978
2.959975
2.953012
3.107471
3.145209
3.033509
3.012973
3.117145
3.146168
3.082074
3.086959
3.136852
3.073782
3.021332
3.065423
3.140706
3.021086
3.006013
3.082754
3.080089
3.212574
3.097687
3.138255
2.969227
3.021979
2.956672
3.057473
3.061628
3.131665
2.995374
3.185693
3.028156
2.913008
3.022280
3.104206
3.038504
3.081250
3.142817
3.077653
3.190098
3.018555
3.235836
3.158389
3.146043
3.051460
3.190428
2.923313
2.930580
3.133419
3.084801
3.128430
3.220044
3.016251
2.966370
3.138671
3.020801
2.967612
3.088800
3.021103
3.108600
3.045677
3.054924
3.036184
3.090284
3.177925
3.112067
3.027239
3.173927
3.057904
3.124557
3.116710
3.174399
2.990793
3.101350
3.141710
3.029624
2.981763
3.018402
3.112415
3.043865
3.021353
3.167066
3.144260
3.050446
2.940152
3.200953
3.022394
3.091573
3.054434
3.158293
3.236065
2.971469
3.220029
3.038039
3.055890
3.107805
3.050103
3.026562
3.093462
3.015736
3.074905
3.140571
3.063879
3.074265
3.080446
3.008764
3.142278
3.091809
3.060504
3.188045
3.104910
3.193795
2.991653
3.117327
3.249872
3.076960
3.077264
3.059411
2.956662
3.201443
3.056626
3.062514
3.022532
3.030906
3.112972
3.061035
3.323834
3.059144
3.159004
3.208063
3.096370
3.120373
3.188173
3.058480
3.015763
2.975809
3.058757
3.165301
2.976851
3.018043
3.197450
3.163746
3.073123
3.213054
3.032976
3.073754
3.088333
3.041198
3.283268
3.014817
3.050653
3.078684
3.105445
3.084670
3.148555
2.924874
3.129638
3.160193
3.122665
3.019291
3.139626
3.113731
3.201494
3.056533
3.029556
3.037670
3.146081
3.060915
3.035538
3.091189
3.011606
2.978832
2.973775
3.099590
3.093156
3.145471
3.174083
3.048956
3.083147
3.043034
3.036721
2.907036
3.096568
3.036298
2.947418
3.168862
3.118098
2.983757
3.208005
3.176391
3.068478
3.117256
3.141927
3.143608
3.021439
3.018887
3.082746
3.092647
3.207130
3.350786
3.155146
2.999418
3.009336
3.084933
3.150197
2.922390
3.052939
3.175952
2.999969
2.995927
3.124659
3.159088
2.973211
3.111506
2.958964
3.097018
3.021641
3.145688
3.043969
2.942111
3.051164
3.002909
3.117427
3.122731
3.010122
3.062794
3.148870
3.096661
3.096430
3.116723
3.032451
3.188331
3.054716
3.033845
3.084808
2.959808
3.161872
2.922934
3.338871
3.193394
3.127995
3.033297
3.240486
2.957835
3.124464
3.122669
3.191020
2.948245
3.053070
3.129025
2.984496
2.979308
3.231510
2.919005
3.145072
3.121606
3.013260
3.242659
3.047769
3.042013
3.086400
2.997315
3.140919
3.020311
3.251886
3.010911
3.026392
3.058756
3.054000
3.120500
3.057294
3.041665
3.291329
3.027232
3.113508
3.358511
3.073628
3.056246
2.991859
3.118011
3.005667
2.984138
2.982696
3.103188
3.157806
3.116166
3.138973
3.015505
3.161100
3.034495
2.958695
3.005284
3.018366
3.114871
3.114614
3.118023
3.213391
3.146891
3.073230
2.988105
3.218597
3.062745
3.148254
3.106366
2.996162
3.028735
3.322969
3.047839
3.100370
3.126004
3.093719
3.031902
3.016403
3.025880
3.053917
3.132603
3.069225
3.020728
3.137348
3.203877
3.113857
3.030874
2.979890
3.052319
3.014149
3.134013
3.239858
2.971363
3.182803
3.019623
3.109215
3.006075
3.108834
3.154269
3.080941
3.095580
3.222067
3.293909
3.066030
3.072378
3.146871
3.066546
3.209122
3.070831
3.021823
3.242339
3.031861
2.952091
3.066998
3.144528
3.026448
3.094994
3.091990
3.021576
3.014844
3.147168
3.044668
3.016650
3.090218
3.286548
3.124264
3.134837
3.013820
3.196489
3.058697
3.268707
3.184025
3.073588
3.099770
3.147873
3.076100
3.066286
3.178780
3.046677
3.128721
2.951989
2.877122
3.074497
3.257728
2.994387
3.133616
3.045961
3.094799
3.091042
3.217707
2.939027
3.177985
3.256052
3.164496
3.175920
2.992036
3.035237
3.037097
3.032312
3.092069
3.000799
2.989555
3.099600
3.031225
3.132481
2.963420
3.018607
3.185180
2.959160
3.223053
3.042384
2.961032
3.020573
3.001384
2.967375
3.094082
3.223443
2.974042
2.894904
2.984983
3.190933
3.017188
3.149876
3.167171
3.191135
2.970955
3.236335
2.991437
2.941417
2.943729
3.109345
3.061784
2.971451
3.174124
3.050728
3.209651
3.092060
3.032173
3.056768
2.985803
3.295871
3.013819
3.177289
3.203970
2.997193
3.008477
3.187088
3.017821
3.054492
3.063589
2.889525
2.968860
3.273732
3.247642
3.070617
2.990314
3.120073
3.077264
3.105850
3.167004
3.038031
3.088185
2.984655
3.274680
3.067144
2.972578
3.037065
3.280270
2.974395
3.178808
3.142413
3.053889
3.211861
3.050797
3.315707
2.964781
3.015563
3.060399
3.044759
2.981187
3.187866
3.103280
3.079052
3.231430
2.952283
3.082502
3.115261
3.019311
3.050034
3.223599
3.017623
2.914962
3.163329
3.208456
2.944258
3.026920
3.060817
3.045202
3.095399
3.191110
3.072528
3.040446
3.013425
2.994763
3.000286
3.152646
2.993425
3.212888
3.168818
3.033949
3.029874
3.058737
3.256978
3.223034
2.936604
3.029935
3.181324
3.058216
3.213342
3.046583
3.121674
3.062049
2.977871
3.087150
2.952708
3.070957
3.029724
3.195831
3.084797
3.116750
2.957333
3.026276
2.991038
3.255100
3.027617
3.065850
3.066222
3.183018
3.048464
3.289609
2.919178
3.168813
3.144264
3.166033
2.925403
3.032347
3.043217
3.280364
2.947849
3.124350
3.081418
2.955526
3.204150
3.051753
3.296402
3.144043
3.231111
2.963581
3.182389
3.189704
3.038997
3.138495
3.032656
3.018048
3.061509
3.047850
3.096493
3.070393
3.172751
3.045593
3.027939
3.176021
3.241541
3.125690
3.122108
3.131169
3.085100
3.016519
3.094120
3.001173
3.125359
3.085565
2.965533
3.015590
3.019911
2.967002
3.034343
3.132210
3.015521
2.979081
3.089131
3.090340
3.055453
3.155470
3.305824
3.033525
3.100195
3.081643
3.109980
2.971565
2.999811
3.065705
3.037091
3.124478
3.016021
3.193831
3.222724
2.995083
3.259749
3.083006
3.133415
3.047644
2.990873
3.037847
3.192210
3.004816
3.059480
3.083534
3.107536
3.101199
3.022545
2.993069
3.112434
3.033458
3.203804
3.038512
3.252833
3.005277
3.055313
3.028971
3.084133
3.143035
3.263503
2.976615
2.961971
3.056439
3.040166
2.993041
3.079954
3.084545
3.005726
3.074123
3.119058
3.041494
3.181731
3.159297
2.941798
3.458836
3.013937
3.063190
3.026879
2.886772
3.101823
2.999590
3.146402
3.135142
3.078405
3.011632
3.031731
2.936024
3.044265
2.983026
3.188139
3.061000
3.275838
2.997084
3.041774
3.076808
3.252943
2.928743
3.063779
3.085655
3.140482
3.256446
3.200132
3.331942
3.010734
2.967162
3.306138
3.009612
3.031159
3.169960
3.086618
3.035532
3.021623
3.069769
3.053804
3.106668
3.057905
3.100993
2.995222
3.054413
3.157753
3.193719
3.057898
3.036765
3.059609
3.269678
3.051604
3.123332
3.096256
3.007227
3.132103
3.029103
3.013735
3.012905
3.263068
3.120825
2.975898
3.052416
3.216723
3.011747
2.958822
3.107997
3.251344
3.358557
3.000087
3.082639
3.095025
3.055021
2.982177
3.225300
3.004952
3.135929
3.131030
3.037070
3.127848
3.091894
2.989524
3.027915
3.036379
3.087508
3.038984
2.993070
2.910648
3.293541
3.028344
3.005210
3.035436
3.205439
3.128482
2.954297
3.009318
2.927762
3.013454
3.068859
3.077190
3.062096
3.280094
2.976694
3.151733
3.015235
3.041052
3.033979
3.163642
3.100264
3.061675
3.155686
2.985960
3.257134
3.062583
2.986772
3.168075
3.145605
2.892480
3.059888
3.020603
3.149085
3.380804
3.066145
2.979148
3.068899
3.012999
3.183763
3.019992
2.992339
3.012324
3.074822
3.100196
3.064641
3.031687
3.097672
3.235333
3.122470
3.136454
2.995341
3.126394
3.115581
3.056884
3.141389
3.099358
3.071554
2.971495
3.018446
3.244928
3.002225
3.083568
3.092639
3.080129
3.233117
3.013030
3.029365
3.015290
3.238546
3.042350
2.953844
3.041608
3.028383
3.297450
3.121490
3.107500
3.102242
3.053807
3.152833
3.301018
3.004210
3.028381
3.153073
2.998303
3.029540
3.050978
3.121322
3.085635
3.015219
3.283632
3.108494
3.045123
2.992949
2.997267
3.046472
2.991976
3.033825
3.113393
3.135361
2.965710
3.056101
3.167749
3.154552
2.994383
2.972062
3.177810
3.133879
2.960899
3.010218
3.104404
3.145710
2.963048
3.069755
3.074341
3.032160
3.031739
3.200107
3.270571
3.033527
3.083177
3.037097
3.286596
3.039917
3.033504
3.073971
3.023287
3.120686
3.009517
3.019244
3.081688
2.945420
3.175107
3.024064
3.132637
3.185097
2.982931
3.041966
2.945852
2.848109
3.140830
2.989211
3.104574
2.986756
3.024370
3.033216
3.184994
3.134378
3.126178
3.120467
3.188562
3.208802
3.113028
3.149086
3.127477
3.044282
3.073353
2.983013
3.170543
3.139267
2.874126
3.017292
3.043199
3.219808
3.006490
3.058338
3.154404
2.998215
3.054938
3.038331
2.883930
3.200059
3.074685
3.180915
3.338206
2.966391
3.011108
2.962688
3.259513
2.977439
3.158231
3.011095
3.152607
3.041830
3.006124
3.138259
3.005156
3.047300
3.056268
3.034873
2.999030
3.078258
3.049652
3.144924
3.174798
3.076026
3.022397
2.947841
3.180255
3.162129
3.164998
3.232086
2.977892
2.974979
3.099317
3.197906
2.905065
3.017374
3.094586
3.231779
3.301105
3.144393
3.285901
2.982181
2.929822
3.044091
3.226121
2.943956
3.106960
3.106383
3.142067
3.066541
3.094383
3.104437
3.092324
3.071297
3.184686
3.079982
3.299297
3.227648
3.054386
3.051086
2.998164
2.943660
2.994296
3.023435
3.090374
3.121144
3.123078
2.931129
3.270727
3.195592
2.961832
3.196048
3.079256
3.073167
3.280324
2.948556
2.920633
3.146371
2.996275
2.982609
3.182213
3.041480
3.001677
3.085157
3.050418
3.150130
3.067671
3.082134
3.271571
3.084436
3.019751
3.053470
3.138538
3.043623
2.988319
3.135129
3.072167
3.001257
3.063065
3.042002
3.073865
2.937167
3.119651
3.215430
3.100007
3.029515
2.961470
3.148870
3.121039
3.146790
3.013178
3.123029
2.984547
3.053407
3.006146
3.123319
3.051374
3.280666
3.025769
3.108357
3.046241
3.049453
3.058496
3.101563
3.039261
3.307138
3.040326
3.129604
3.037363
3.121883
3.135864
3.003063
3.146923
3.070995
3.006755
2.978946
3.147482
3.279317
3.130017
3.057773
3.024247
3.032204
3.002016
2.907062
3.203715
2.994626
3.002417
3.304494
3.236574
3.146557
3.024004
3.047739
3.132423
3.149531
3.008978
3.033246
3.030086
3.280911
3.007044
3.192748
3.036087
3.040666
3.033024
3.071408
3.199954
3.024879
3.112724
2.998403
2.985621
3.031795
3.026853
3.038205
3.117119
3.204853
3.042121
3.089290
3.099222
2.984028
2.942092
3.048393
3.139138
3.102172
3.108069
3.031059
3.071282
3.070163
3.092583
3.086659
3.087424
3.062340
3.089890
3.105056
3.167193
3.120270
3.009220
2.991723
3.042782
3.151303
3.232335
3.019126
3.081934
2.989694
3.049827
3.101353
2.895448
2.987852
3.032006
3.121786
3.041356
3.277954
3.079761
3.128350
3.007258
3.072384
3.297488
3.032533
3.096702
3.152138
2.989880
3.107920
3.081290
3.298760
3.148226
3.036989
3.083543
3.205377
2.951918
3.037792
2.971723
2.993691
3.089305
3.125929
2.935593
3.262581
3.079524
3.050511
3.054067
3.098459
3.147708
3.062142
3.177173
2.958650
2.958740
3.084551
2.936764
3.052186
3.163328
3.061942
2.999876
3.035160
3.063018
3.215892
2.988608
3.174772
3.170477
2.934176
3.010099
3.016251
3.515721
3.175807
3.085305
3.033212
3.056644
3.084948
3.204048
3.008803
3.146391
3.007394
3.085280
3.052399
3.071281
3.294620
2.940414
2.937768
3.036817
2.975507
3.137581
3.050713
3.391282
3.064730
3.051904
3.317407
3.156429
3.044836
3.063646
3.024708
3.152817
3.012658
3.000032
2.979473
3.186629
3.135909
2.954154
3.077061
3.019114
3.099960
2.980563
3.130517
3.111074
3.118051
3.172114
3.081106
2.909465
2.978943
2.966445
3.189340
3.147668
3.212972
3.245909
2.956419
2.923114
3.127092
3.126909
3.069003
3.071295
3.050824
3.074593
3.081743
3.067002
3.120613
3.009316
3.084358
3.108982
3.199211
3.054224
3.158057
3.102360
3.074551
2.983868
2.994632
3.011328
3.273178
3.017442
3.285912
3.091493
3.073471
2.967035
3.003289
3.088621
3.261003
3.164850
3.188178
3.045355
3.030035
2.979836
3.280450
3.085319
3.066055
3.294734
2.963835
3.161292
2.988591
3.472765
2.985004
3.077280
3.070532
3.145378
2.945166
2.968394
3.116043
3.204578
2.971292
3.311470
3.207526
3.010890
3.143780
3.115131
3.131809
2.984030
3.179965
2.881119
3.029011
2.955424
3.052508
3.108484
3.101707
3.047869
3.277418
2.990358
3.130618
3.020956
3.201496
3.171421
2.995583
3.093256
3.286983
3.031414
3.017054
3.027863
3.182455
3.054498
3.007002
3.069587
2.970907
3.051529
3.203592
3.258764
2.990084
3.147643
3.067131
2.910537
3.027794
3.094039
3.003198
3.260088
3.317384
3.026218
3.166518
3.038106
3.109413
3.059063
3.138266
3.180601
3.020021
3.289476
3.087255
3.275758
3.097168
3.097750
3.236188
2.999896
3.079024
3.037483
3.134158
2.999558
2.961928
3.216044
3.101739
3.168474
2.953897
3.084189
3.303826
3.060229
3.098851
3.209313
3.046960
3.036681
3.007903
3.228121
3.059000
2.901424
2.949886
3.168466
3.073369
3.022542
3.388501
2.954329
2.987046
2.899427
3.007050
3.055931
2.951544
3.135375
3.161913
3.019672
3.056915
3.191481
3.273544
2.965070
3.047647
3.074756
3.132985
2.946683
3.061068
3.078909
3.140465
3.111501
3.155062
3.066848
2.982419
3.347900
2.902614
2.908527
3.049663
2.984311
3.067782
3.040192
2.913926
3.243023
3.116306
2.950486
2.941798
2.998537
3.182785
3.210164
3.036700
3.187339
3.021987
3.146505
3.142665
2.992397
3.072589
3.116005
3.173483
3.165632
3.078803
3.224082
3.113352
3.047707
3.144343
3.097591
3.067478
3.087840
3.077141
3.173197
2.994599
2.948086
3.033864
3.162343
2.990443
2.961795
3.056168
3.163615
2.971386
3.113066
3.002737
3.166457
2.938495
3.196055
3.155545
2.999207
2.983920
3.170165
3.120006
3.046194
3.156445
3.092765
2.990632
3.178816
3.106942
3.108053
3.180517
3.275322
3.026869
3.070974
3.234830
3.017007
3.079322
2.972596
3.054056
3.063055
3.183271
3.126509
3.001260
3.057971
3.001359
3.038081
3.254764
3.033443
3.115883
3.128958
3.143288
2.994305
3.076265
3.041178
3.157299
3.038858
3.061810
3.041799
2.926569
3.123901
3.118449
2.954595
3.030418
3.077320
3.023887
3.115725
3.100775
2.992081
3.105560
3.106657
3.143373
3.004811
3.108084
3.033181
3.105620
3.016590
3.054643
3.043782
3.044351
3.028565
3.039689
3.121644
3.193612
3.049730
3.131613
3.005023
3.184650
3.133702
3.139356
3.180183
3.041465
2.949891
3.272109
2.991889
3.113031
3.211638
3.199042
2.988914
3.077562
3.110249
3.061249
3.060879
3.178809
2.990067
3.066469
3.269881
3.179588
3.076203
3.065545
3.117659
3.054123
3.004650
3.047091
3.067298
2.954177
3.081229
3.003986
3.129792
3.042418
3.221203
3.128668
3.169627
3.300942
3.156148
3.116808
3.042635
3.075720
3.116417
3.062569
2.961720
2.991198
3.121214
3.036051
2.994460
2.994800
