# Si-Si bond lengths (Angstrom)
# Total count: 10800
3.074185
2.964483
3.139778
3.114270
3.095973
3.179071
3.185488
3.010925
3.043061
3.245223
3.190611
2.996701
3.186255
3.118275
2.997281
3.136867
3.013333
2.966293
3.044219
3.024721
3.123573
2.946416
3.086658
3.058051
3.207832
3.137116
3.133004
3.082390
3.084248
3.013975
3.089285
3.086380
3.162463
3.048973
3.045631
3.083649
2.973632
3.003700
2.980626
2.978377
3.052599
3.000930
3.096935
3.007893
3.061392
3.037382
3.008780
3.133467
3.003176
3.134339
2.978490
2.981382
3.206691
3.017984
3.056730
3.049018
3.127978
3.198599
2.963429
2.902574
3.179830
3.015305
3.240475
3.114041
2.945513
3.066201
3.038044
2.956619
3.079190
3.100635
3.016303
3.096193
3.025586
3.072647
3.200729
3.255528
3.089635
3.191008
3.080511
3.109638
3.099210
3.001306
3.014448
3.306276
2.993010
2.886776
3.096561
2.972247
3.132903
3.009342
3.002187
3.030998
3.046354
2.818435
3.127205
3.078734
2.754271
2.997889
2.922500
3.206822
2.851557
3.214433
3.232603
2.990931
3.036913
3.047846
3.201654
3.161754
3.217241
3.224884
3.199254
2.945501
2.983223
3.002041
3.023765
3.086271
3.099723
3.099811
3.151690
3.012874
3.022344
2.875268
2.969837
3.078855
3.108643
3.003239
3.266125
3.080064
3.221027
3.218429
3.049736
3.101436
2.916132
3.104594
2.999203
3.085162
2.971126
2.992229
3.154732
2.917469
2.941608
2.939065
3.063606
3.243002
3.106029
2.873931
3.082694
2.933430
3.080087
3.087981
3.007266
3.175745
3.072833
3.150176
2.961238
2.853040
3.034415
3.148178
3.063250
2.849580
3.106183
3.072916
3.024975
3.029672
3.085114
3.093932
2.997272
2.941842
2.875749
3.011111
2.931280
3.221810
3.063544
3.000676
3.118799
3.193394
3.238598
2.958515
3.180050
3.155109
2.989523
3.100997
3.277146
3.020520
3.012510
2.999573
3.037928
3.006843
3.276140
3.094734
3.080587
3.044429
2.802679
3.066103
3.140489
3.204879
3.066182
2.923622
2.946678
3.006889
3.118021
3.058787
2.948273
2.897091
2.983699
2.980719
2.791459
2.900468
2.961327
3.013576
3.163335
3.125816
2.969585
2.918595
3.098481
3.042278
3.049925
3.061656
3.070217
3.130885
3.063206
3.102909
2.961439
3.085374
3.119025
3.001065
3.068475
3.098606
3.222177
2.928406
3.016247
3.084172
3.024241
2.979363
2.929242
2.773489
3.137059
2.988201
3.022905
2.996465
3.145999
3.063246
2.952533
3.042119
3.026446
3.085124
2.930101
3.042585
3.047498
3.119417
3.095959
3.169091
2.985905
3.086594
3.179708
3.111437
3.068871
3.026431
3.164192
2.932432
3.066464
3.011656
2.998159
3.160267
3.230630
2.988970
2.958481
2.940033
2.913945
3.150979
3.072106
3.034181
3.248197
3.117673
3.009757
3.064237
3.194980
3.084434
3.108992
3.161716
3.215735
3.030197
3.134202
3.094272
3.028441
3.009384
3.039903
2.852924
3.067482
3.029613
2.968416
3.102058
3.096844
3.057512
3.180740
3.019510
3.001753
3.081802
3.068990
3.049535
3.042566
2.986621
3.056097
3.035679
2.858515
3.142157
2.881873
3.078485
3.111837
3.115400
2.978831
2.947070
3.072838
3.242447
3.103239
3.000918
2.963249
2.881468
3.193927
3.187717
2.999661
3.043474
3.055075
2.997295
3.102368
3.085759
3.140166
2.987020
2.831129
3.097986
2.949160
2.946584
3.021204
3.089885
2.991837
3.027515
3.079514
3.055062
3.116002
2.895126
2.929896
3.045894
3.057504
2.909155
3.049740
3.040505
3.172286
3.234043
3.237508
3.094698
3.021734
3.121619
3.096077
2.992350
2.996691
2.959349
3.065536
3.135334
2.979015
2.899557
2.920781
2.996368
2.864032
3.012053
2.951803
3.017821
2.935558
3.085138
3.027529
3.158273
3.258731
3.025150
3.061296
2.935847
2.989987
3.124079
3.144197
3.113243
3.031996
3.178963
2.961108
2.978964
3.064318
3.090620
3.131050
3.090823
2.996960
3.105930
3.017643
3.111171
3.057649
3.187130
2.909115
3.149291
3.015820
3.032925
3.334544
3.055211
2.904274
3.192112
3.037088
3.279391
2.883752
3.064241
2.986758
3.020318
2.894392
3.141393
3.135483
3.123405
3.082397
2.972112
2.995401
3.089000
2.987041
3.032256
3.039811
2.956285
2.960247
3.093645
3.165139
3.111996
3.043284
3.188266
3.055888
3.117516
3.183203
3.237081
3.050788
3.217188
3.055530
2.949943
3.039797
2.961344
3.066068
3.067318
3.148613
3.024658
2.969859
3.057417
3.014572
3.034702
3.029960
3.203134
2.973138
3.015596
3.006709
2.902213
3.092073
3.129572
3.175881
3.048433
2.996255
3.059977
3.123216
3.238057
2.962200
2.973402
3.028683
3.014357
3.044928
3.234794
3.023970
3.039381
3.039619
3.090457
3.037777
3.057623
3.106604
2.851936
3.046011
3.066631
2.975182
2.990015
3.118237
3.043697
3.164316
3.128450
3.174259
3.098032
2.964140
3.104366
2.945815
3.193676
2.934844
3.053264
3.048948
3.094626
2.888883
3.062874
3.069185
3.005752
3.060843
3.027644
3.098979
3.012798
3.076241
3.208024
3.149605
3.116255
2.955224
3.077664
3.129145
3.076389
2.974041
3.068279
3.042054
3.068916
2.885907
2.988613
3.005941
3.010569
3.025495
3.064031
2.868528
3.174188
3.038759
3.172869
3.003959
2.989935
3.094586
3.039211
3.037667
3.026481
2.777478
3.186316
3.007519
3.108275
3.225441
3.092509
3.076158
3.002408
2.974165
3.063354
3.087864
3.150155
2.991534
3.021944
2.871647
3.163983
3.081234
2.996518
3.061463
3.074034
3.104690
2.956030
3.093492
3.021247
3.212128
2.958622
3.100488
2.932615
3.013976
3.255282
3.024559
3.161016
3.139680
2.934682
3.071723
3.072718
2.910602
3.002381
3.093186
3.171264
2.969658
3.028698
3.209533
3.055873
3.115342
3.064198
3.057838
3.163694
3.051828
3.097176
3.122172
2.913287
3.229071
3.054061
3.127968
3.237661
3.177411
2.996734
3.290394
3.093449
3.078456
2.933305
3.018333
3.151287
2.957549
2.942029
2.912086
3.142367
3.012808
2.931350
3.193942
3.210153
3.086750
3.064785
3.115009
3.029274
3.044778
3.063371
3.204724
3.127903
2.958397
3.233249
3.034707
2.923788
2.922005
3.020725
3.018050
3.059704
2.977389
3.059923
3.086929
2.963463
3.024563
2.945675
2.960235
3.210110
3.231196
2.812409
3.095371
3.049405
3.180064
2.890926
3.208133
2.956366
3.172367
3.093766
2.998812
3.135112
3.082429
3.092326
3.121042
3.167786
2.964218
2.930583
3.201072
3.034179
3.053128
3.037331
2.959734
2.970951
3.010248
2.966111
2.991492
2.975641
3.095482
3.162174
2.854362
3.041328
3.055201
3.016499
3.080198
2.937569
3.127661
3.119057
3.047722
2.946695
2.905627
3.130340
3.089847
3.297121
3.051054
3.020344
3.013710
3.048571
3.012531
3.044268
2.858645
3.075888
2.761611
3.163782
3.082110
2.899268
3.155623
3.114471
3.134091
3.098999
3.126013
3.128203
3.060093
3.196091
3.116326
2.938318
3.186615
3.048604
3.205343
3.095333
2.927460
2.997524
3.136891
3.105837
3.044938
3.001904
3.030760
3.156865
3.013588
3.128277
3.160445
3.002021
3.144278
3.044378
3.018490
2.994631
3.068311
3.073519
2.993171
2.964432
2.949159
2.955472
3.113732
3.049704
2.891970
3.073454
3.170019
3.130516
2.990362
3.108005
3.083686
3.096109
3.121403
3.062605
3.188835
3.079265
3.266373
3.232791
3.002059
2.998239
3.149305
3.002653
3.127904
3.224655
3.014062
3.106923
2.984235
2.888480
3.143367
3.092007
3.206705
3.082154
3.075576
3.114077
3.053045
2.860278
3.160533
3.069833
2.990096
3.045236
3.095950
2.957659
3.020759
3.140643
3.022723
3.006055
3.043555
3.081155
3.012186
3.071918
3.126005
3.081021
3.102264
3.174883
3.155594
3.200907
3.082519
3.014591
3.078501
2.905891
3.055031
2.926828
3.023425
3.078425
2.992879
2.944289
3.167072
2.994632
3.092410
2.955098
2.974701
3.047157
2.965652
2.967625
2.963702
3.094376
3.202186
3.039571
3.085655
2.910575
2.932318
2.956418
3.249506
3.092568
3.156294
3.211766
3.109212
3.092185
3.042778
2.967005
3.033743
3.071430
3.111390
3.105867
3.027314
3.032786
2.907105
3.092875
3.004625
3.061356
2.888317
2.940597
2.988319
3.028716
3.001664
3.089347
2.834963
3.033804
3.025150
3.237102
2.997748
2.943672
3.088705
3.153686
3.162039
3.058093
3.028258
2.924164
2.808276
2.974659
3.318333
3.108530
3.177778
3.073583
3.123090
3.117276
3.029968
3.210594
3.130048
3.030086
2.964960
3.301792
2.923226
2.900666
3.053234
3.192416
2.917542
3.055964
3.026332
2.998826
3.263989
3.158798
3.202017
3.024156
2.919096
2.964961
2.988882
3.093243
3.242321
2.976305
3.089852
2.975435
3.001209
3.182780
3.156041
3.124062
3.145742
3.140087
2.913237
3.117704
3.068466
3.131182
2.975127
2.913352
2.969969
3.015579
3.055531
3.113370
3.083752
3.092839
3.080168
3.082187
2.962473
3.017513
3.001409
3.242632
3.259473
3.084327
3.200666
3.033721
3.097712
3.174358
3.043311
2.923407
3.056887
2.979620
2.893833
3.054383
3.132578
3.177402
2.921143
3.131289
3.050069
3.083338
3.119439
3.112559
2.949999
3.237503
3.011333
3.085217
3.098298
3.092324
2.997742
3.170337
3.018663
2.864026
3.049053
3.106510
3.070814
3.220958
3.353745
3.051537
3.047387
3.122675
3.172597
3.210063
3.013356
2.973088
3.008641
3.039020
3.078880
3.006087
2.772718
3.055255
3.137217
3.109971
2.969895
3.027130
3.029484
2.916320
3.049550
2.992734
3.109938
2.928087
3.071216
3.102557
3.167277
3.058608
3.063279
3.188980
3.006923
2.987492
3.069026
3.054962
3.050208
2.936912
3.239212
3.035375
3.100717
3.100879
2.892942
3.095961
2.752226
3.081158
3.117396
3.069784
3.037000
2.913345
3.184760
2.931033
3.213497
3.078046
3.169941
3.035881
2.995233
3.101946
3.007882
3.104806
2.907208
2.977468
3.123597
3.147514
3.070413
3.122086
3.137354
3.106749
2.973550
3.091869
3.149981
3.174871
3.076136
2.964124
3.232013
3.137023
3.137712
3.027257
3.017138
3.346019
3.156445
3.066472
3.082369
3.069612
2.974991
3.061079
3.125209
3.238693
3.026214
3.088902
2.850152
3.022470
3.012850
3.070370
2.939495
3.067177
3.008179
3.136120
3.097935
2.866304
3.020900
2.979672
3.077557
3.092664
3.003414
3.157987
3.074130
3.014233
3.130307
3.049123
3.132429
3.069034
3.019319
3.127394
3.132062
2.959061
3.105639
3.060628
3.162495
3.153640
2.887490
3.217896
3.127293
3.030048
3.030778
3.137360
3.002404
3.156643
2.984232
3.242305
3.024510
3.123160
3.081358
3.097305
3.028978
2.942859
2.867727
3.258613
3.116400
2.949482
3.141597
2.928009
3.181362
3.118978
3.071773
3.174632
3.026148
3.199726
2.981579
3.001022
3.173434
2.971806
2.952761
3.074346
2.999448
3.046313
3.029861
3.130867
2.995100
3.079563
3.209452
2.996645
3.008175
3.238692
2.887951
3.088558
3.052143
3.009325
3.125756
3.055963
3.090235
3.043988
3.286710
2.943465
3.048695
2.898243
3.033309
3.125016
3.237962
3.275860
2.942547
3.114843
3.067192
2.962039
3.036634
3.083411
3.067469
3.085447
2.979518
3.202525
2.949696
3.130449
3.225136
3.077521
2.990626
3.025102
3.136514
2.928016
3.160802
2.845660
2.992393
3.214826
2.965731
3.198560
2.990804
3.117192
3.059521
2.986083
3.113420
3.192349
2.940184
2.910228
3.015734
3.041362
3.050931
3.184548
2.962120
3.090460
3.082887
3.060160
3.118467
3.153597
3.074643
2.942353
3.082736
3.167373
3.081810
3.114839
3.139594
3.027175
3.018823
3.001434
3.137827
2.878069
2.990764
2.934392
2.922407
3.299786
3.208875
2.992314
3.117291
3.203262
3.066926
2.947116
3.050852
2.985101
3.112420
2.936950
3.111080
3.020220
3.140481
3.253934
3.070344
3.028862
3.022123
3.057688
3.004593
2.859100
3.195156
3.072289
3.270387
2.913378
2.964216
3.054768
3.173485
3.097417
3.008281
3.070923
3.011499
3.065197
2.975254
3.143185
3.349412
2.893477
3.043286
3.010519
3.168581
3.082051
3.132276
2.966589
2.959794
3.161511
3.034168
3.083220
3.084541
3.021904
3.117258
3.004516
2.968138
3.253264
2.977564
3.208348
3.278537
3.125770
2.957716
2.953062
3.197610
3.146914
3.145448
3.087664
3.002938
3.168755
2.883614
3.126683
3.163049
3.178441
3.140395
3.099181
3.041425
2.945851
3.087062
2.872047
3.102391
2.970321
3.080116
3.305061
3.079571
3.162488
3.104571
3.029335
3.063014
3.190846
3.108542
2.998757
2.879523
3.050324
3.061673
3.140456
3.087665
3.130265
3.180515
3.201962
2.989660
3.015517
3.036428
2.942786
3.001171
2.950768
2.970996
3.080608
3.123995
3.182528
3.115689
3.046874
2.913724
3.028703
3.119437
3.132937
2.939138
3.231644
3.085473
3.174955
2.844710
3.130471
2.879512
3.034422
3.181353
3.079467
3.099383
2.948085
3.181952
3.014998
3.038989
2.898168
2.990973
3.089693
3.149101
3.176073
3.256715
3.055854
2.969733
3.002932
2.932207
3.083671
3.092996
2.986954
3.133284
3.417915
3.002323
3.121888
2.984175
2.947234
3.001486
3.055125
3.205740
3.138499
3.096973
3.124945
3.158428
3.153285
3.186292
3.151883
3.163566
2.933979
2.895350
3.245231
2.918872
3.030597
3.090478
3.053943
2.929102
3.019754
3.006408
3.026611
3.041847
2.946637
3.036056
3.130608
2.910390
3.189559
3.207076
2.934599
2.951165
3.038212
3.119287
3.174984
3.047435
3.098252
3.003730
3.028127
3.189092
3.026998
3.248424
2.990510
3.135959
3.002465
2.970392
2.981427
3.011406
3.098259
3.018212
2.936240
2.972792
3.154888
3.033362
3.120005
3.050619
2.989297
3.145717
3.095347
3.021353
3.144335
3.123768
3.011203
2.983429
3.063919
3.024287
3.088164
3.074507
3.007724
3.181506
3.128896
3.130940
3.052980
3.007857
3.298210
2.967674
3.109268
3.090188
3.077915
3.029008
3.061791
2.969953
3.016437
3.106116
3.013701
3.245668
2.965301
3.084164
3.102670
3.163629
3.233483
3.132168
3.024451
3.143208
3.101961
3.155718
3.026260
3.122030
3.056702
3.064120
3.057995
3.070063
3.091193
3.172713
3.052118
3.003336
3.177958
3.064939
2.912285
3.023203
2.949277
3.086625
3.048342
3.191204
3.053258
2.855678
2.960538
3.257830
3.170760
3.154950
3.016072
2.973340
2.946242
3.170916
3.071372
2.983428
2.946311
3.141077
3.059253
2.970201
2.997118
2.992692
2.987261
3.188437
3.029780
3.094404
2.954648
3.014771
3.057296
3.033259
3.020543
3.038407
3.149889
3.030790
3.285309
3.095413
3.114158
2.848696
3.120885
3.068927
3.203309
3.176002
3.025751
3.006287
3.025360
3.152064
2.965527
3.012518
3.186225
3.171013
3.160081
3.034934
3.043601
2.993432
3.047306
3.047017
3.123116
3.073373
2.995216
3.236483
2.961745
2.946949
3.027986
2.966028
3.221707
3.032026
3.180483
3.054159
3.007327
3.138568
2.904332
2.986198
3.010827
3.202709
2.957077
3.125637
3.135529
2.938554
3.073809
3.153169
3.163072
2.943098
2.945168
3.190105
3.251457
3.022980
2.992002
3.027959
3.012580
3.045442
3.171495
3.106120
3.098474
3.109279
3.130573
3.092461
3.002535
3.231526
3.086892
2.971983
3.079703
2.906735
3.024918
3.064694
3.152668
2.843017
3.005153
3.235431
3.078891
2.928684
3.174649
3.089394
3.021180
3.034723
3.141007
2.908560
3.147704
3.060226
3.066707
2.913046
3.166267
3.025878
3.007120
3.145613
3.012200
3.157737
3.151780
3.006880
3.075868
3.144589
3.065266
3.259443
3.012198
3.228707
3.255574
2.840239
3.065793
2.992764
3.123773
2.998870
3.130063
3.134238
2.942038
2.997038
3.004043
3.059994
2.989474
3.237471
3.186739
2.923956
3.103589
3.279217
3.118005
2.968737
3.135380
2.956132
3.023756
3.173279
3.197494
3.115936
3.150683
3.037478
3.004565
2.914205
3.145381
3.167381
2.953375
3.023912
3.094909
2.966057
3.190294
3.075767
2.880142
3.029901
3.252318
3.272287
3.018741
3.130602
2.980165
3.016499
2.858473
3.027629
2.964692
3.008538
3.009830
3.073562
3.141213
3.185778
3.101274
3.066328
3.062875
3.081001
3.061561
3.092708
3.100658
3.168065
3.041892
2.954047
2.961674
2.947980
3.012841
3.009927
3.140345
3.156933
3.022948
2.942606
3.086415
3.033929
3.095468
2.991781
3.071606
2.948932
3.105107
2.812135
3.183432
3.192300
3.039646
3.109848
3.136494
3.233395
3.050242
3.216970
2.974024
2.922233
2.965192
3.096996
3.051891
3.069078
3.271397
3.093144
3.037211
3.112861
3.039883
2.988752
2.906839
3.125224
3.065068
2.974382
2.918546
2.829496
3.086364
2.938806
3.250486
2.952286
3.124983
2.990062
3.016951
3.064781
2.943474
3.039062
3.111056
3.036108
3.151798
3.156681
3.100932
3.149800
2.908861
3.059047
3.036850
3.161690
3.067192
3.093825
2.976648
3.094712
2.942668
3.088311
3.073981
3.181507
2.887383
3.040870
3.088436
2.984194
2.877339
3.176006
3.094540
3.124398
3.061687
2.999134
3.001694
3.064246
3.130572
3.034455
2.925591
2.882132
3.096268
3.222037
3.069008
3.165373
3.094563
3.173422
3.163661
2.946404
3.137774
3.005621
3.055013
3.176857
2.954962
3.064742
3.063643
3.116789
2.890882
3.072579
3.084543
3.080289
3.204157
3.011348
3.044822
3.066527
3.126514
3.019398
2.920999
2.974197
2.829229
3.085160
3.115806
3.092963
3.296532
3.081463
2.910222
3.170503
3.099066
3.136771
3.113119
2.961526
3.109604
3.097165
2.887410
2.986454
3.148702
3.024764
2.955253
2.907844
2.959274
3.019927
3.235361
3.277868
3.116405
3.113436
3.054842
2.837990
3.120792
3.010582
2.991787
3.087905
3.096962
3.042634
3.161699
2.933616
2.956110
3.174965
2.991247
3.005827
3.071934
2.959315
3.223817
3.225246
3.041080
2.991674
3.013180
3.270975
2.930306
2.978063
3.018226
2.923751
2.815946
2.933370
3.055003
3.115589
2.949924
3.231940
2.980810
3.125847
2.894422
3.211904
2.920062
3.090179
3.262819
3.180004
3.153241
3.026939
3.005245
3.026359
2.909505
3.113987
2.997894
3.179335
3.028849
3.156712
2.921506
2.927288
3.105525
3.002370
3.018373
3.025127
2.946500
3.180865
3.187339
3.070381
3.054814
3.195935
3.001856
3.159169
3.017554
3.066989
3.080971
3.086845
3.050587
3.035458
2.874081
2.994004
3.163252
3.012649
3.141541
3.138108
3.021392
2.873011
3.122133
3.129994
3.025832
2.949113
3.198615
3.183600
3.080174
2.971253
2.856115
3.164706
3.080841
3.215192
2.975281
2.999462
3.108208
2.941435
3.102588
3.028711
3.208753
2.932064
3.060242
3.045036
3.191168
3.012278
3.070429
2.798429
3.253918
3.134381
3.059636
3.187246
3.141741
3.044444
3.118856
3.077693
3.198976
3.012814
3.032926
3.184187
3.071030
2.996429
3.189841
3.045259
3.087453
3.052141
2.983914
2.947588
3.169586
3.116683
3.058707
3.085019
3.014677
3.175624
3.103888
3.093218
2.987551
3.213293
3.039709
2.904047
3.074938
3.018654
2.988438
3.036221
3.087622
3.048005
2.967108
2.946036
3.056335
3.042077
3.154512
2.916031
3.069998
3.001657
3.003696
3.072432
3.026789
3.095867
2.937502
3.109985
2.945719
3.084930
3.039968
3.090820
3.060624
3.082828
3.077276
3.117429
3.029360
3.166086
2.976389
2.980234
3.071687
3.106575
3.134700
3.023860
3.112135
3.145871
3.037205
3.149927
3.107656
3.038992
2.998805
3.117861
3.148677
2.967115
2.892261
3.075764
2.890290
3.177132
3.018082
3.085057
3.050397
2.967947
2.978416
3.066835
3.042120
3.058055
3.019518
3.129816
3.141984
3.096383
2.902630
3.052615
2.989585
2.947975
2.982857
3.155526
3.139721
2.962156
3.121037
3.047777
2.992072
3.094400
3.125484
3.023119
2.982212
3.046889
3.097690
3.060760
3.139156
3.063921
3.179049
2.983874
3.215543
3.066331
2.990191
3.211792
3.064223
2.954627
2.951206
3.223560
3.015629
2.932625
2.901199
2.987385
2.908778
3.063552
3.003260
3.150235
3.155368
2.924430
3.189577
2.920049
3.224256
3.038849
3.177626
3.244942
3.086269
2.850863
2.819545
3.077714
3.146907
3.050412
3.151183
3.005265
3.000626
3.150127
3.018874
3.103455
3.041986
3.017154
3.152639
3.026880
3.144596
3.056460
3.128986
3.182448
3.068825
3.065848
3.277779
3.068456
3.057064
2.931727
2.964099
3.002436
2.947033
3.002912
3.158955
2.989484
3.008431
3.154198
3.113902
3.038990
2.974339
3.018615
3.187308
3.067521
3.004695
3.129790
3.009216
3.016569
3.022525
3.102958
3.054306
3.149050
3.042277
3.121906
2.980037
3.111632
3.054573
3.239444
3.023414
2.904400
3.171618
3.008005
3.183793
3.070924
3.099421
3.003418
3.011130
3.054427
2.981241
3.148574
3.076266
3.039118
2.945489
3.085915
3.154623
3.000950
3.038945
3.094071
3.108072
3.120403
3.013629
3.132289
2.953186
3.069774
3.116669
3.074455
3.157878
3.089640
3.197856
2.949984
2.891537
2.949152
3.244513
3.112200
3.141064
3.049817
3.071340
3.167546
3.142220
3.033632
3.116820
3.002805
3.078678
2.949827
3.233830
2.847300
2.901921
2.962249
3.106069
2.885478
3.236765
3.079347
3.144784
3.114979
3.068664
3.024102
3.246282
3.107649
3.114429
3.155136
3.222184
3.042891
3.011843
3.104904
2.992521
3.070465
3.048992
3.012534
2.717788
3.118154
3.130240
3.111563
2.984225
3.136732
3.025732
3.149860
3.262571
2.795110
2.964363
3.007360
3.097207
2.995495
2.875647
2.982449
3.057710
2.954603
3.020591
2.997666
3.029583
3.081112
3.037277
3.182709
3.015289
3.034168
2.991355
2.961946
2.962075
3.041323
3.123910
2.961541
3.092333
2.871684
3.045879
3.015428
3.062014
3.122904
3.093242
3.006020
2.898200
2.990856
3.012429
3.080637
3.190341
3.149375
2.955900
2.904068
3.058073
3.241016
3.023095
2.898059
3.248727
2.922592
3.097213
3.106471
3.100977
3.077157
3.019495
3.001176
3.121651
2.819912
3.042279
3.031323
3.184093
3.096731
2.976986
3.216217
2.899694
3.016721
3.159780
3.120795
2.889040
3.270834
3.048878
3.070565
3.150999
3.159302
3.178810
3.290876
3.030016
3.118313
3.137956
2.905916
2.835657
2.983486
3.129921
3.164273
3.053957
3.233831
3.099457
2.930608
2.977959
3.041789
3.022944
3.035287
3.063924
3.232245
2.884348
3.033412
3.055182
2.957614
3.010397
3.066086
3.045252
3.027432
3.175120
3.104938
3.200964
2.935936
2.939158
2.993576
2.933941
3.074978
2.968555
3.034464
3.127418
2.976588
3.078755
2.992565
3.165562
3.200953
2.881296
3.086858
3.097521
3.044990
3.128765
3.108543
3.159339
3.243762
3.046235
2.847480
2.955379
3.152275
3.129937
3.066273
3.019682
3.190784
2.969267
3.073641
2.997246
2.895250
2.945546
3.134736
3.247553
3.157390
2.967822
3.071726
2.956706
3.187104
3.046822
3.102789
2.862057
2.913661
2.948897
3.123059
3.108966
3.080955
3.071758
3.059514
3.039831
3.116313
3.291556
3.084239
2.963730
3.134662
3.023332
2.997301
3.075388
2.930438
2.945067
3.039303
3.192152
3.007349
2.915342
3.062732
3.043291
2.953077
3.146893
2.988847
2.971157
3.084257
2.915105
3.109614
3.070111
3.034071
2.924817
3.031129
2.980609
3.216903
3.084088
2.990110
3.039947
2.930061
3.081281
3.156351
2.983220
2.977239
3.198132
3.065613
2.855982
2.945021
3.110853
3.036133
3.036415
3.004297
3.067924
3.082739
2.994891
3.046257
2.983395
3.069614
2.996519
3.191190
3.249459
3.037876
3.149383
2.952630
3.087313
3.035451
3.131534
3.018624
3.064698
3.012874
3.053382
2.965954
3.104724
3.045404
2.946290
3.136477
3.169246
3.240631
3.039562
2.990295
3.227366
3.247357
3.170503
3.067945
3.078276
3.054515
3.109156
3.083743
3.099645
2.860860
3.013124
3.115533
3.048687
3.051038
3.091545
3.036227
3.131763
2.944979
3.100270
3.149882
3.058890
3.278426
3.104655
3.068446
2.944217
3.057608
3.109376
3.122355
3.176492
3.138659
3.079425
3.072341
2.944614
3.199423
3.136006
3.276179
3.018562
3.122368
3.116862
3.107121
3.092899
3.075424
3.065795
3.071490
3.133269
3.118000
2.910712
3.057768
2.977470
3.103159
2.963868
3.208300
3.112450
3.172637
3.241746
2.941266
3.125409
2.906960
3.104663
3.185955
3.244802
3.007977
3.178944
2.992878
3.055095
3.121055
3.045984
2.976392
2.995388
3.100244
3.003956
2.939147
3.044510
3.210515
3.059061
3.101950
3.128548
3.047551
2.986932
3.181580
3.096218
3.160453
2.957779
3.084597
3.094244
3.109945
3.122109
3.300812
3.088993
2.965994
2.912025
3.052596
3.087944
3.123579
3.201987
3.132891
3.075942
2.963830
3.055286
3.207751
3.141052
3.107823
2.932443
3.100137
3.123420
2.843714
3.062127
2.967213
2.931288
3.011526
2.983115
3.037990
3.094979
3.054030
3.182252
2.854292
3.077834
3.110480
3.002759
2.990770
3.095837
3.007746
3.105492
3.101995
3.149397
2.969570
3.161978
3.127018
3.303511
3.033130
3.106053
3.036167
3.034474
2.887650
3.181361
3.097875
2.985782
3.108320
3.122077
3.112016
2.879916
2.969130
3.065783
3.020030
2.973147
3.055107
2.970342
3.193166
3.027934
2.973706
3.148167
3.176510
3.073640
3.070069
3.035296
2.992074
3.221499
3.148368
3.176943
3.179487
3.123214
3.134274
2.989608
3.036740
3.048447
3.233040
3.211334
3.076319
2.950605
2.998299
3.070672
3.028894
3.016875
2.826800
3.045996
2.941801
3.054147
2.969602
3.004478
3.187190
3.152361
3.133825
3.132549
3.010998
3.029501
3.269021
3.071815
3.192423
3.051829
3.067263
3.071088
3.034203
3.008067
3.147729
3.268965
2.948883
3.091478
3.116809
3.099948
3.025385
2.890928
2.975939
3.108351
2.955107
3.064334
3.025497
3.008608
3.102006
3.318166
2.976787
2.933556
2.950371
2.979595
3.008365
3.284494
3.181728
2.995808
2.984252
3.145291
3.201566
3.080786
3.089041
3.106106
2.911046
3.216744
3.080368
3.060151
3.017583
2.907713
3.022453
2.908618
3.025528
3.181700
3.060834
3.034844
3.059008
3.007266
3.004468
3.137784
3.163955
3.134899
3.055036
2.910196
3.029702
2.966810
2.987232
3.145233
2.942821
3.080574
3.131584
2.941912
2.983280
3.102192
2.981843
3.232949
3.017362
3.060061
3.198688
3.119191
3.016038
2.975438
3.087936
2.998648
3.063021
3.092218
2.984626
3.185995
3.077953
2.819193
2.835741
2.956765
2.994077
3.017893
3.068088
3.061322
2.986121
3.019925
3.107495
3.009899
3.201217
3.059574
3.104230
3.224383
3.079729
3.117072
3.017928
3.183434
2.983554
3.113774
3.009146
3.131636
2.945817
2.893387
3.025676
3.037181
3.060125
3.053106
3.071070
3.229897
3.178347
3.108282
3.104116
3.025669
3.031040
3.106846
3.085090
2.935914
3.046474
3.112040
3.036792
3.161967
2.931392
3.045594
3.056471
3.072632
2.978325
2.998031
2.937165
3.172407
3.098462
3.021106
3.257303
3.145016
2.924094
3.140019
2.905523
2.997371
2.997367
2.948220
3.194027
3.120796
3.170693
3.164867
3.140945
3.238978
2.957365
3.081326
2.923243
3.120316
3.060359
3.237976
2.900829
3.039928
2.968669
3.000122
3.236705
3.022229
2.990390
3.118630
3.018243
3.035030
3.067103
3.071434
3.127228
3.130576
2.963687
3.159444
3.103053
3.035117
3.151190
2.951681
3.064080
3.169689
3.008412
3.261985
2.898329
3.200300
3.145388
3.125458
3.185076
3.190443
3.128373
2.989618
3.108141
2.934750
3.091173
3.110117
3.116685
3.013048
3.224452
3.034056
3.088964
2.977111
3.028188
3.417713
3.202853
3.065780
2.966192
3.122108
3.150430
3.118334
3.187700
2.964586
3.064048
2.974738
3.092996
2.866197
3.036984
2.990209
3.151663
3.191003
2.949558
3.175647
2.872465
3.086079
2.982013
3.138583
3.199674
3.047486
3.078863
3.152124
3.101286
3.024124
3.117202
3.078764
3.113512
3.205100
3.052693
3.048102
2.990656
3.132936
3.033083
2.961029
2.953586
2.984975
3.026656
3.010409
3.167639
3.057164
3.107551
3.068896
3.050613
2.909737
3.028316
3.098992
2.779060
2.962401
3.016197
2.988301
2.991508
2.981620
3.189049
3.173750
3.089030
3.069778
3.104379
3.156239
3.004257
3.007828
3.146666
3.034857
2.968394
3.024429
3.071936
3.095255
2.849054
2.936180
3.145459
3.143134
3.111401
2.992528
3.055039
3.125749
3.162130
3.051566
3.055984
3.150370
3.051470
3.110056
3.052618
3.021265
2.982468
3.010621
2.921817
2.829807
3.080648
3.071882
2.986009
3.115400
3.152992
2.967343
2.986149
2.933710
3.180303
3.154291
3.200300
2.965356
3.245437
3.173501
3.127028
3.003400
3.030402
2.969635
2.967810
3.112919
3.089797
3.159799
2.988647
2.935068
3.047757
3.165384
2.960103
3.104262
3.062023
3.069085
3.248773
3.056649
2.896029
2.912110
2.979749
2.985215
3.024857
3.284137
3.045435
2.910548
3.101453
2.960827
3.250953
3.099955
3.183239
2.889498
3.102905
3.126949
3.272674
2.895303
3.014690
2.968989
3.159611
3.036311
3.045403
3.153581
2.956960
3.207703
3.158549
3.268748
3.223566
3.055673
3.026204
3.005185
3.138238
2.989640
3.186357
2.909526
2.932386
3.065578
3.115280
2.722756
2.938487
3.000225
3.084006
2.998971
3.112732
3.018176
3.073482
2.978882
3.148225
3.104081
3.135006
3.188527
3.164713
2.923143
3.014973
3.219150
2.967087
2.954039
3.198141
3.017965
3.026927
3.145853
3.100138
2.946810
3.205923
3.143277
2.996469
3.090466
3.062414
3.175453
3.116818
3.159063
3.055927
2.933215
3.160184
3.111392
3.024237
2.965685
2.948762
3.134422
3.057489
2.873478
2.967581
3.184762
3.026543
3.117420
2.962877
3.192112
3.002758
2.974144
3.139279
2.920101
3.208788
3.096628
2.910866
3.023426
3.049530
3.114598
3.129642
2.915863
3.060647
2.899253
3.119908
3.088212
3.188938
3.060016
3.079379
2.956598
3.002063
3.046561
3.084786
3.033818
3.118036
2.827236
3.055885
2.963143
3.057009
2.989380
3.107462
3.053216
2.962760
2.999382
2.926135
2.938562
3.021634
3.016956
3.205982
3.096402
2.988706
3.061703
3.049986
3.091185
3.051758
2.948855
3.153083
3.056567
3.020701
3.000658
3.103821
2.929729
3.272225
3.179420
3.025695
3.064223
3.108167
3.303056
3.095979
3.103798
3.036924
3.040663
3.004570
2.932342
3.236012
3.143357
3.027882
3.002219
3.197486
2.861268
2.899673
3.185767
3.223981
3.180977
3.072039
3.124854
2.983362
2.943688
3.034852
2.945572
3.099954
2.966813
3.130739
2.940059
3.004865
3.048561
3.003937
3.093748
3.077567
3.100999
2.931618
2.977705
3.151553
3.141834
2.990400
3.028287
3.081151
2.974351
3.080113
3.015248
3.084490
3.042202
3.107116
3.068137
3.129432
3.073995
3.234355
3.106212
2.960802
3.086540
3.001870
3.059284
3.005413
2.992045
3.139958
2.975248
3.159611
3.035223
3.271463
3.233787
3.033741
3.073527
3.052222
3.113135
3.018940
3.051562
3.241326
3.018977
3.028829
3.175885
2.871155
2.889133
2.922569
2.973219
3.091047
3.111021
3.248573
3.141255
2.893756
3.086436
3.028036
3.145184
3.158895
3.243741
2.981095
3.030866
2.997082
3.108952
3.030493
2.973485
2.833009
2.995052
2.980910
2.944157
3.117348
3.145774
2.981136
3.017284
2.841025
3.179636
3.190548
3.032264
3.100350
2.983575
3.071046
3.093468
3.085479
3.105719
3.123203
2.986550
3.118863
3.073246
3.125348
2.922182
2.970106
3.229969
3.004184
3.021415
3.059735
3.149283
3.196164
2.897584
2.994933
3.198673
3.248285
3.171846
3.062355
3.114135
3.118865
3.055844
3.050015
3.134094
3.154925
2.960186
3.071310
3.085643
3.122411
3.076720
2.973517
2.867979
3.050052
3.081183
2.984623
2.872090
2.974945
3.007828
3.283010
3.151065
3.048835
3.125952
3.176213
3.092081
2.968776
3.136492
3.082190
3.032335
3.053617
2.994877
2.955727
3.063785
2.901606
3.121405
2.934866
3.102280
3.189069
3.127725
3.200052
3.265341
2.926696
3.117285
2.927668
3.082619
3.024233
3.216702
3.106264
2.967317
3.047526
3.032238
3.002060
3.083470
2.977410
3.107151
3.153335
2.976840
3.056495
3.033131
2.945321
2.862374
3.264142
3.134036
3.135405
3.011652
2.957843
3.132765
3.094475
3.153916
3.001929
2.943233
3.004483
3.127573
3.042314
3.120607
3.006154
3.191240
2.958909
3.160497
3.103184
3.096056
3.019431
3.237955
2.969159
3.082748
2.985310
3.013180
3.168695
3.050123
2.965740
3.012215
3.166234
3.047102
3.051072
3.098955
3.269923
3.082921
3.036658
2.914912
3.079770
2.888081
2.816653
3.127083
3.090016
3.044321
3.162377
3.029802
3.136290
3.177056
3.037108
2.990351
2.887636
2.971748
3.038831
2.989292
3.123250
3.187423
3.113729
3.031409
3.087514
3.177034
2.980738
2.972550
3.113236
3.125669
3.071485
3.024939
3.253416
3.113015
2.989816
3.076580
3.012936
3.092347
3.068577
2.885416
3.020298
3.266609
2.978229
3.069514
2.982183
3.048389
3.074675
3.173413
3.187383
2.969709
2.925791
2.972707
2.913967
3.091535
3.090961
3.118255
3.011446
2.965233
3.130831
3.152610
3.081113
3.137279
3.036414
3.077761
3.146826
3.109929
2.986754
3.051922
2.884227
3.089215
3.081979
2.951279
2.983182
3.076616
3.106171
3.087710
3.046051
2.965969
3.027594
3.153137
3.146498
3.194898
2.980431
3.131065
3.199582
3.010159
3.131169
3.076523
2.938895
3.119754
3.017375
3.070351
3.049865
2.997860
2.936897
3.170361
2.977176
3.200552
3.143770
3.128637
2.962572
3.160320
3.004849
3.136699
3.099223
3.226381
2.886209
3.062362
3.060978
2.896940
3.003890
2.964965
3.107515
3.092432
2.993345
3.076846
2.888262
3.106382
2.977473
3.169551
2.963929
3.071336
3.027350
3.081414
3.197987
3.128458
3.077804
2.954601
3.048705
3.145508
3.050655
2.893823
3.105150
2.971918
3.055429
2.854038
2.839119
3.166700
3.112220
3.116933
3.212553
2.735217
3.056468
3.138846
3.008873
2.825077
2.934628
3.028214
3.172162
3.043342
3.088464
3.093569
3.218520
3.098047
3.094521
3.199713
3.051856
3.174480
2.961982
3.105112
2.981300
2.991013
3.083545
2.945720
3.189225
3.094717
3.146059
3.159772
3.046365
3.005124
3.234169
3.229752
3.078148
2.968247
2.880446
3.031150
2.938692
3.200902
3.146231
3.100987
3.096516
3.211845
3.126953
3.206191
3.014686
3.182834
3.130146
2.933561
3.109363
3.034614
3.020735
3.149424
3.127669
3.065996
3.152315
2.990543
3.062979
3.003491
3.136205
3.175313
2.803758
3.048871
3.135407
3.028996
3.097676
3.140172
3.023950
2.990262
2.957041
3.160814
3.172496
3.030685
2.992605
2.841128
3.044412
2.916434
3.214148
3.192665
3.099202
3.232719
3.119904
3.115154
3.076912
3.008068
3.145253
2.996954
3.052250
3.248939
3.149938
2.933393
3.015427
3.208269
3.024276
3.031608
3.038719
2.924347
3.133173
3.018451
3.045027
3.090457
3.047894
3.061598
3.102739
3.137005
3.050779
2.936717
3.207264
2.955736
2.988059
3.106396
3.074333
3.000842
3.043148
2.972203
3.087779
2.952511
2.975182
2.987316
3.011136
3.206846
3.003795
2.940606
3.061742
3.083599
3.089702
3.173295
3.101856
3.019241
3.153552
3.081187
3.221096
3.057939
3.036178
3.039297
3.052328
2.919939
2.911605
2.867953
3.105482
2.976665
3.197424
3.169068
3.038183
3.021137
3.124010
3.156921
2.946983
3.058045
3.132517
3.024448
2.932128
3.031234
3.095049
2.990039
2.966725
2.958168
2.949764
2.991001
3.155071
2.993920
3.255875
3.189614
3.122891
3.024798
3.019916
3.103566
3.105334
3.120831
3.201122
3.031449
3.025975
2.965297
3.112864
3.048021
2.955117
3.056180
3.102754
3.141820
2.887036
3.118893
2.969189
3.029696
3.170932
3.168510
2.998408
3.110353
3.125566
2.973216
3.225478
3.017291
3.095606
3.131204
2.966545
3.093674
2.929963
2.946184
2.918163
3.140752
2.911647
3.236990
3.183621
3.118237
3.064607
3.166398
3.097012
2.971329
2.978137
3.070249
3.056463
3.200793
3.071672
3.107224
3.281058
3.041913
3.055921
3.079285
2.804562
3.039624
3.279316
3.132895
2.846949
3.044949
3.059428
3.018911
3.188542
3.159314
3.207438
2.890940
3.109231
3.057194
3.024947
2.947909
2.985175
2.991292
3.020761
3.049935
3.244083
3.078347
2.986116
3.006021
3.123699
3.202047
2.895452
2.977805
3.148559
3.012772
2.841670
3.115247
3.152903
3.044627
3.202101
3.052721
3.029569
3.141972
2.941466
3.153611
3.142396
2.963494
3.096814
3.080441
3.112482
3.077533
2.975935
3.000274
2.966533
2.913130
2.960114
3.071647
3.178148
3.153416
3.122847
3.024128
3.307942
3.105582
2.889799
3.022774
2.938997
3.150016
3.148751
2.967613
3.026681
2.992485
3.120863
3.128802
2.996639
3.012406
2.939912
3.203265
2.982961
3.047783
2.946465
3.042786
2.865130
3.049972
3.084946
2.997550
3.096344
3.261833
3.181482
3.086651
2.997907
3.116235
3.035550
3.065910
3.045857
3.133202
3.116784
3.099466
3.165492
2.952674
3.217696
3.216702
3.283787
2.932068
2.958428
3.240769
3.061427
2.890874
3.184789
3.118004
3.048277
3.086961
2.946779
2.978884
3.063507
2.988198
3.132898
3.011136
3.154605
3.132045
3.087332
3.003305
3.078073
3.034505
3.142597
2.948604
3.100391
2.967559
2.850697
2.887516
3.115327
2.916415
3.019216
3.128461
3.230875
2.993224
3.183169
3.090520
2.900074
3.178152
3.053544
3.150984
3.175114
3.119417
3.047674
3.040768
2.948457
2.912888
2.997540
2.983998
3.049965
3.054029
3.166671
3.091750
2.950361
3.128676
3.012572
3.020606
3.152303
3.252951
3.063930
2.841675
2.976161
3.034126
3.036208
2.953499
2.920717
3.002399
3.027957
2.689479
3.026065
3.023763
3.076887
2.980558
3.042530
3.061785
3.054894
3.151875
2.979249
3.159329
3.005944
2.936747
3.112801
3.193937
3.247517
3.086678
3.150323
3.156980
3.052267
3.176681
3.032007
3.064128
2.885260
3.137372
3.017860
2.824557
3.081067
3.065774
2.967535
3.019468
3.011108
3.129672
3.010517
3.130183
3.114739
3.014239
3.068299
3.136507
3.046052
3.155003
3.164358
3.032690
2.827152
3.103015
3.104062
3.106782
3.018185
2.937206
3.061240
3.196721
3.062393
3.259399
3.009624
3.091263
3.025036
2.901677
3.052132
3.049171
3.103252
3.068405
2.980199
3.016473
2.816851
3.039201
3.132801
3.032397
3.198659
3.096081
3.063747
3.092605
2.985558
3.130574
3.058880
3.078838
3.132137
3.117616
2.995568
2.902848
3.082450
2.972938
2.971763
3.112642
3.032764
2.961500
2.974988
3.085779
3.083706
3.205685
3.031181
2.877941
3.081163
3.046757
3.213169
3.038873
2.957267
2.892225
2.971052
3.147396
2.993035
3.206901
3.005236
3.106075
3.177168
3.051124
3.106412
3.130662
3.166892
2.918383
3.155330
3.209652
2.955644
3.028332
3.358068
2.984895
3.012282
3.110488
3.329375
3.026675
3.063581
3.089849
3.093902
2.998371
3.056081
3.104899
3.071382
3.119996
3.167073
3.150871
3.053487
3.109585
3.285476
2.955421
2.887861
2.816323
3.155063
3.127234
3.200976
3.227585
3.201853
3.142608
3.215226
3.015961
3.109152
3.071583
2.835933
3.235438
2.921865
2.989995
3.037337
3.121316
3.189462
3.005693
3.043380
3.139880
2.919987
2.971236
3.208440
2.933884
3.073089
3.137980
3.180203
3.153254
2.733811
2.867260
3.142108
2.882637
3.147568
2.966105
2.967767
3.031636
3.029393
3.010001
3.244204
3.098535
3.155420
3.072414
3.022422
2.933773
2.901401
3.291072
2.959541
2.966699
3.137959
3.037708
3.044253
2.940514
3.168429
2.847110
3.264091
3.002552
2.974990
3.183010
3.046968
3.049566
3.007429
2.967098
3.042247
3.048748
2.874548
2.946974
3.015229
2.999356
3.029311
3.153205
3.024156
3.079563
3.045610
3.125148
3.026122
3.051786
3.006970
3.168981
3.124923
3.163887
2.981839
3.230395
3.089852
3.130900
3.156933
3.167101
2.964915
3.119217
2.993028
3.008810
3.188534
2.997455
3.192237
3.159633
2.949209
3.008326
3.146970
3.167633
3.009730
3.085056
3.038432
3.073312
3.032735
3.019976
3.193816
3.262391
2.966455
3.091276
3.140415
3.136467
3.121564
2.918128
3.026497
3.032858
3.019270
3.103023
3.220574
3.099365
3.192310
3.034357
3.027352
3.004548
2.919586
3.033693
3.182942
2.971099
3.096204
3.206845
3.189495
3.019092
3.268713
2.868481
3.016180
3.022530
3.095232
3.230913
2.863712
3.045349
3.027193
3.113449
2.957462
3.141294
3.109917
3.129061
3.276706
2.996919
3.145494
2.851325
3.067869
3.073489
3.171102
3.208171
3.104120
2.930874
2.890201
3.004841
3.074307
3.101277
3.111049
3.078903
3.059860
3.203511
2.985645
2.982785
3.191143
2.922890
3.080540
3.126281
2.949478
3.085994
3.025556
2.825916
3.043509
3.129481
3.025267
2.937078
2.995916
3.084923
3.009630
3.121078
3.045879
3.120645
3.026042
3.228208
3.030197
3.044976
2.997522
2.991288
3.088890
3.072311
3.093847
3.019934
3.166785
3.144775
3.074792
3.048824
3.151259
3.066828
3.032314
3.142386
3.175705
2.980362
3.200082
3.242546
3.172648
2.970651
3.121901
3.022743
3.055409
2.877688
3.127032
2.948372
3.069764
3.021864
3.127861
3.048266
3.084890
3.159984
3.083506
3.104301
3.015741
3.180299
2.978776
3.025672
3.005847
3.186666
3.041092
3.261434
2.911723
3.053212
3.121317
3.144625
3.070219
3.006262
2.997055
3.162383
3.282833
2.946448
2.995683
3.031818
3.160103
3.082844
3.157057
3.167174
3.111098
3.096908
2.906269
3.206405
2.979831
3.025093
3.076428
3.091919
2.938744
2.934744
2.858601
3.091432
3.180847
3.104124
2.995034
3.145339
3.179393
3.096831
3.034006
2.992077
3.080746
2.942981
3.076599
3.234906
2.926805
3.016836
3.012712
3.029589
3.105765
3.052024
3.149501
3.203227
3.189095
3.143446
3.055408
3.010354
3.011649
3.036476
3.125475
2.914363
2.906433
3.190845
3.004178
3.033116
3.110190
3.058426
2.938367
3.121425
3.101783
3.065912
2.959070
3.048113
3.111976
3.129272
2.933051
3.109781
2.999690
2.900261
3.249276
2.960946
3.014514
2.872490
2.986472
3.063111
3.098976
3.122249
3.127013
3.189419
3.043327
2.943342
2.993483
2.968091
3.225551
3.141311
3.068580
2.998609
3.220477
2.882799
3.051837
3.082969
3.066124
2.928923
3.105871
3.142814
3.177329
2.970429
3.084072
2.879775
3.024911
2.946372
3.015336
3.266561
3.017672
2.901504
3.235681
3.016461
3.134319
3.086948
3.122291
2.996032
2.900675
3.091862
3.063861
3.017907
3.013720
2.883294
2.928017
2.862880
3.060665
3.028922
3.088883
2.969462
3.181779
2.980071
2.973998
3.033170
3.162447
3.103825
3.080374
3.089478
3.089302
3.050317
3.177558
3.025702
3.090449
3.156601
3.088874
3.088685
3.095855
3.096256
2.967861
3.073856
3.089194
2.974878
3.155487
3.109213
2.891051
3.198186
3.227920
2.990676
3.142537
3.076184
3.132408
3.270818
3.064772
3.071977
2.917568
3.063763
3.170280
3.041536
3.058611
3.196515
3.014442
3.012300
2.988161
3.141610
2.983388
3.064969
3.042127
2.998148
2.841644
3.003704
2.937097
3.100799
3.106217
2.997780
3.027046
3.044142
3.095109
2.860811
2.938143
3.081617
2.995715
3.091889
3.039495
2.991440
3.005098
3.234793
2.830481
3.083077
3.014862
3.229008
3.071922
2.966786
2.866116
2.960778
3.176694
3.126056
2.978052
2.934186
3.172838
2.846041
3.058373
2.994031
3.034986
2.972186
3.026065
3.096941
2.975856
3.111285
3.125821
3.035595
2.995703
2.962440
3.008597
3.035319
2.920962
3.160037
3.020523
3.036909
2.999414
3.041838
2.982124
2.990379
3.171038
3.071201
3.130709
2.979718
3.145049
3.183035
3.054344
2.977888
3.062197
3.094375
3.090957
3.050974
3.181256
2.975494
3.003840
3.121557
2.960967
3.236573
3.100667
3.150174
3.064813
3.180417
3.075508
2.952000
3.189291
3.034560
3.258487
3.151651
3.070497
3.085348
3.078677
3.117698
2.895428
3.172662
3.209323
3.131038
3.278583
3.241680
2.851493
3.017948
3.237261
3.162603
3.137848
3.120478
3.126245
2.810782
3.029995
3.089348
3.144046
3.022352
3.192978
3.116127
3.233264
3.125279
3.057921
2.999135
3.135458
2.950659
2.966457
3.030994
3.237583
3.097543
3.043751
2.967356
3.154335
2.992494
3.016156
2.829274
3.047481
3.132349
3.083979
3.131517
3.086056
3.006561
3.080136
3.151626
3.119018
3.023202
2.968868
3.090278
3.084716
3.155460
3.105282
3.098596
3.115152
3.066643
2.945101
3.094469
3.122953
3.092562
2.889973
3.001299
3.199078
2.884481
3.063013
2.929115
3.016425
3.063074
2.991387
2.916959
3.041181
2.904409
3.148472
3.220922
2.878475
3.087881
3.094384
3.021768
3.202093
3.210062
2.977098
3.168539
3.138108
2.952311
2.981124
3.012579
3.013032
2.926362
2.947948
3.124311
2.839085
3.112189
3.130088
3.130425
3.120432
2.989551
3.073186
3.057040
2.923071
3.144720
2.892811
2.879713
3.244157
2.998414
3.124315
3.013217
2.874713
3.219412
2.953978
3.034040
2.993743
3.141918
3.185095
2.952519
2.978190
2.974327
3.134602
2.899315
3.068723
3.158752
3.142180
3.102518
3.018657
3.075069
3.029324
3.107641
3.167562
3.102752
3.022750
2.930819
3.262061
3.059913
3.274519
3.018956
3.211635
2.916022
3.232605
3.002467
3.007725
3.121339
3.034811
3.184578
3.193046
3.088608
3.063138
3.145501
3.056101
2.909582
3.039467
3.167859
3.186548
3.221940
3.118092
3.077788
2.908788
2.985290
3.136634
3.125228
3.003389
2.975578
3.243177
3.244190
3.098659
3.039297
3.055402
3.041882
3.069576
2.914882
3.155325
3.259412
3.202870
3.117566
3.061338
3.225228
3.073600
2.941466
3.098469
3.079230
3.244615
2.924698
3.090555
3.033401
3.172570
3.081494
3.148794
3.197091
3.028978
2.903331
2.971004
3.059530
3.026564
3.009089
3.047802
3.031392
3.053108
2.992697
3.182563
3.137767
3.060004
2.959405
3.067567
2.928983
2.959517
3.034298
3.067348
2.872841
3.099441
3.080154
3.108534
3.183945
2.908715
3.047039
3.033978
3.009411
3.082678
3.069743
3.002894
3.037090
2.878494
2.873588
2.999320
2.979692
2.966866
3.014913
3.161458
3.116143
3.064099
3.074816
3.052683
2.961833
3.019283
3.190888
3.159049
3.094163
3.249541
2.892244
3.010397
2.968216
2.990252
3.016687
2.986602
3.006271
3.091118
3.199214
3.092141
3.118398
3.222668
3.274455
3.249824
3.131622
2.982631
3.048578
3.058724
3.007160
3.075368
2.918769
2.985662
3.060101
2.986377
3.155234
3.098105
2.899166
3.137116
3.163013
3.177073
2.984764
3.084315
3.072859
3.050480
3.154422
3.003190
3.042308
3.227940
3.012820
2.979782
2.994246
3.160059
3.098780
3.115273
2.920570
3.233301
3.037988
3.024195
2.952339
3.099720
3.082436
3.169568
3.170040
3.076796
2.853914
3.376549
2.974907
3.172962
3.214787
2.924558
3.143773
3.192491
3.118364
3.075881
3.272063
3.047069
3.210812
3.053837
3.200100
3.151312
3.216812
3.173097
3.185310
2.999611
3.095791
3.106824
2.916243
3.044858
3.075571
3.061519
2.809950
3.052170
3.049859
2.973775
3.200996
3.097343
2.995346
3.121410
2.996852
3.147572
3.082593
3.031506
3.153776
3.105423
3.170796
2.989188
3.013271
3.014345
3.009715
3.097176
3.016147
3.017426
3.058401
3.178932
3.211934
3.102338
3.116347
3.096076
3.152852
2.923891
2.987044
3.139939
2.973330
3.136787
3.183714
3.073591
3.093574
3.051850
2.974329
3.105784
3.198166
3.109344
3.118742
3.235858
2.998449
3.141951
3.064450
2.964035
3.214985
3.105682
3.118265
3.122620
3.033974
3.124887
3.229613
3.110980
3.057801
3.152291
3.172843
2.919492
3.163790
3.040772
3.076882
2.952958
3.248601
3.154107
2.976086
3.019085
2.980257
2.798305
3.116126
2.957755
3.171867
2.886533
3.038111
3.127048
3.180580
3.113129
3.018214
3.068699
2.974790
3.083276
3.066282
3.207506
3.021999
2.915543
3.069204
3.048072
3.094473
3.181710
3.186078
2.830513
3.165466
3.084502
3.096491
3.126384
2.925833
3.072741
3.060791
3.061449
3.086313
3.007067
3.245757
3.091321
3.150359
3.367263
2.894282
2.972087
3.196180
2.963798
3.047047
3.090339
3.130188
2.873690
3.118787
2.950451
3.220559
2.955679
3.106370
3.087995
2.963137
3.059789
2.955352
3.014335
3.050536
3.187219
3.092955
3.045220
3.007703
3.189597
3.098284
3.117104
3.183956
3.098405
3.159289
3.067980
3.012573
3.069729
3.148614
3.057749
2.989749
3.085861
2.998334
2.854161
2.929518
3.178657
3.199819
3.018867
2.992962
3.067508
3.074851
2.929027
3.181794
3.087974
3.191899
3.118491
3.181365
3.007755
3.051922
3.201864
3.112388
3.053708
2.946766
2.938814
3.057659
3.027617
3.084202
3.008877
3.036967
2.966587
3.088926
3.021072
3.035285
3.128495
3.120813
3.058167
3.157549
3.088240
3.052421
2.993297
3.150335
3.169139
3.073688
3.022464
3.114501
3.117564
3.353186
3.130637
3.016370
3.065681
3.103938
3.055279
3.193646
2.957396
2.934638
3.275267
3.065055
3.045270
3.014028
3.087843
2.813058
3.276962
2.982238
3.088840
3.166449
3.002057
3.128727
3.120009
2.984475
3.094472
2.949027
3.117308
3.177765
3.157068
3.055392
3.073154
3.086938
2.972590
3.089750
2.908209
3.056221
2.931675
3.109751
3.045247
3.069080
3.009700
3.012260
3.063832
3.122952
3.102107
3.010171
2.912077
3.021307
3.203957
3.075562
3.030845
3.092128
3.140233
3.093398
3.039590
2.812553
2.995796
3.109700
3.043019
3.029325
3.200231
3.179910
2.980480
3.087105
2.942106
3.132972
3.113751
3.104101
2.969673
3.057221
3.214580
3.123064
3.151464
2.972771
2.888796
3.069711
3.065102
3.034670
3.064510
2.945844
3.214225
3.028804
2.973891
3.081214
2.825093
3.009236
3.156121
2.993808
2.881158
3.051139
3.003019
2.987180
3.190985
2.926685
3.091085
2.949007
3.013946
3.114065
3.036263
3.199606
3.004672
3.114830
3.092542
3.088364
3.150534
2.990310
2.840894
3.033696
3.027481
2.886624
2.883013
3.103529
2.966868
3.089497
2.978024
3.046736
3.118644
2.932049
3.212957
3.131333
3.193787
3.026664
3.051954
2.962143
3.051743
3.139871
3.187432
3.144488
2.894697
3.000728
3.026962
3.071586
2.991671
3.217412
3.003509
2.963196
3.173630
3.109712
3.029831
2.996888
3.115038
3.159998
3.002031
3.031184
3.001093
3.127895
3.079840
3.115233
3.255007
2.830535
3.212788
3.169711
3.209851
3.016601
3.109718
3.206917
3.064996
3.037303
3.074743
2.936337
2.901725
3.083520
2.865692
3.119561
3.205881
3.065922
2.935455
2.887207
3.049676
3.182282
3.109043
3.257518
3.049375
3.215358
2.997022
3.093195
3.078783
3.063642
3.015827
3.073824
3.151785
2.998310
3.146049
2.955667
3.088077
3.067352
2.977850
2.895975
2.951379
3.124643
3.021698
3.054015
2.939782
3.288270
3.106663
3.228859
3.029232
3.072539
3.156041
3.043537
2.994611
3.001300
2.999584
3.008302
3.079425
3.121611
3.117228
3.036227
3.038682
3.036774
3.068434
3.001520
3.027563
2.909371
3.139605
3.136941
2.982351
2.842382
3.045856
2.876701
3.193636
2.885183
3.108656
3.122180
2.873318
3.025747
3.063016
3.108072
3.053298
2.975317
2.935094
3.101318
2.965008
3.126708
3.077026
2.969352
3.118400
3.059185
3.020052
3.220482
2.871580
2.934555
2.896362
3.028338
3.008367
3.198570
3.253828
3.091983
2.939740
3.127649
3.039668
3.063307
3.224323
3.133707
3.157745
3.021795
2.960828
3.155797
2.984171
3.024702
3.169466
3.055648
3.117210
3.165187
3.140222
2.989322
2.956463
3.076783
2.857221
3.008984
2.920660
3.145656
3.119656
2.859539
2.985142
3.128954
3.006971
3.038538
2.930292
3.125995
2.981874
3.057058
3.216520
3.064145
3.152204
3.056979
2.968379
3.272122
3.024279
2.958031
3.069084
3.028595
3.140958
2.991204
3.190113
3.069451
2.933519
3.005037
3.167844
3.071239
3.120896
3.084292
3.055165
3.019319
3.003711
3.035919
2.899339
3.046080
3.090297
3.179783
2.877820
2.964682
3.100281
3.050876
3.018630
3.026408
2.971297
3.031773
3.027256
3.016878
3.181612
3.080641
3.110754
3.080565
3.112199
3.137064
3.091811
3.133521
3.183107
3.109921
3.097143
3.126842
3.064869
3.053687
3.021620
3.001919
2.999653
2.768983
3.030634
2.950518
2.996374
2.877048
3.249710
3.092947
3.076515
3.027032
2.983655
3.032152
3.114536
3.056139
3.021231
3.036364
3.104008
2.950548
3.213122
3.072664
3.103956
2.916402
2.956725
3.186479
3.075847
2.982839
3.093398
2.851858
3.193013
3.091892
3.071612
3.168728
3.048702
3.116679
3.058395
3.026848
2.929256
3.070621
2.987877
3.014046
2.872274
3.107654
3.196674
2.980091
3.016320
3.080449
2.995425
3.221184
2.971883
2.996359
2.892575
2.987880
3.067346
3.011282
3.164549
3.021241
2.950927
2.879519
2.953834
2.978394
3.241369
2.991836
2.909806
3.049199
3.012713
3.123942
3.078400
3.128232
3.124002
3.065911
3.071138
2.920706
3.036457
3.080993
2.973135
2.803516
3.221746
3.054438
3.269023
3.303398
3.085982
3.007158
2.997351
3.196415
2.915828
3.137311
3.216567
2.950504
2.879545
3.125597
3.004663
3.026220
2.957682
3.235929
3.066173
3.140166
3.121680
3.083735
3.010710
3.030136
2.912925
3.005899
2.923744
2.958027
3.127458
3.301862
3.124078
3.053996
3.167337
3.055796
3.075129
3.057395
2.868121
3.016662
3.054358
3.016793
2.897416
3.070770
2.933818
3.105958
3.120189
3.252254
2.943404
3.063544
2.988973
3.132466
3.061181
3.000401
3.128751
3.108348
3.044611
3.158618
3.079987
3.032795
3.065136
3.151397
2.961638
3.201241
2.977087
3.039974
3.072337
3.037373
3.394408
3.236142
2.907078
3.122408
3.064990
3.105100
3.149312
3.076100
3.147729
3.001122
3.098495
3.096951
3.072968
3.193190
2.944423
3.167734
3.088817
3.059271
3.083922
2.907620
3.128449
2.898823
3.110106
3.077606
3.111886
2.983703
3.031579
3.154574
3.194857
3.084774
2.964712
3.024940
3.133140
2.893899
2.989240
3.012335
2.995797
3.076745
3.115162
3.063156
3.052317
3.114623
3.138186
2.979148
3.140557
3.096887
2.951830
2.989918
2.811397
3.184943
2.868924
3.035551
3.081759
2.930616
3.198687
2.918888
3.137601
3.046284
2.989186
3.255294
3.070114
2.973848
2.921767
3.152590
3.114492
3.033311
3.111422
3.075069
2.973752
3.028395
3.065739
3.098610
2.982458
3.177212
2.980711
3.262941
3.061294
3.108162
3.096478
3.008158
3.038625
3.137685
3.187222
2.963657
3.092675
3.085302
2.994841
3.074563
2.994701
3.159409
2.921969
3.185022
3.081224
2.988412
3.059033
3.001259
3.067888
2.816733
3.148865
3.051021
3.054818
3.203659
2.832396
3.210419
2.927889
2.890145
2.973805
2.978837
3.011264
3.004222
3.170267
3.175425
2.955020
3.073117
3.132567
3.052085
3.120268
3.111340
3.020837
3.066750
3.192563
3.200621
3.082345
3.011323
3.154222
3.112536
3.078082
2.849610
3.019715
2.856665
3.187115
3.140861
3.020614
3.240569
3.003462
3.137193
3.004659
3.023599
3.121092
3.048569
3.054757
3.088527
3.149008
3.136251
3.201982
3.155238
3.088162
2.875164
3.068063
3.135198
2.887801
2.935692
3.130844
3.094095
3.028836
3.167800
3.190168
2.865888
3.186570
3.123292
2.922939
3.035632
3.069446
2.974353
3.124361
3.180989
3.245206
2.962233
3.056635
3.114671
3.267936
3.245100
3.007347
3.115720
3.252490
3.202100
3.128115
3.060931
3.204638
3.141946
3.131947
3.047089
3.079076
2.987966
3.060454
3.016974
3.253597
3.103372
3.172295
3.104569
3.238309
3.045476
3.017686
3.035442
2.950927
3.076458
3.158018
3.067164
2.899866
2.983316
3.036005
2.954449
3.170128
2.895693
3.153807
2.924643
3.110299
3.068349
3.013121
3.056472
3.135368
2.821425
3.136276
3.043938
2.789101
3.037051
3.278656
3.038832
3.053537
3.059334
3.050408
3.106506
3.064309
3.088016
3.003636
3.030111
3.024710
3.026235
3.066996
3.157641
2.937574
3.133927
3.038613
3.092275
2.833965
2.957527
3.052160
3.083539
3.026158
3.062037
3.093091
3.062133
2.997620
3.172641
3.160733
3.038932
3.048449
3.043507
3.049125
3.048949
3.103995
2.899510
2.933091
3.057886
2.851938
3.016519
3.108441
3.256790
3.134839
3.157824
3.067653
3.153488
3.040403
3.148093
3.179163
3.237141
2.880528
2.997286
3.101426
3.087414
3.102255
3.109609
3.015262
3.046987
3.083682
3.119145
3.113781
2.951627
3.087328
3.063080
3.191847
3.045218
3.018128
3.120874
2.963126
3.035127
2.986101
3.041466
3.055219
3.145627
3.015636
2.926038
3.069642
2.840273
3.062895
3.181204
3.268629
3.035313
3.105566
3.003701
3.277033
3.174754
2.929353
3.064661
3.148710
3.070327
3.104077
3.003419
3.062247
2.999070
3.048801
3.108292
3.234949
3.221885
3.020451
3.184029
3.194252
3.150960
3.278041
2.997046
3.012146
3.161287
3.180213
3.012166
3.100192
3.244704
3.023752
3.041421
3.072064
3.013808
3.173739
3.028241
3.205265
3.330361
2.997756
2.965014
3.056417
3.130763
3.075504
3.217445
3.033500
3.044651
2.932962
3.129566
3.149050
3.169563
3.143286
3.162074
3.115147
3.127227
3.112816
2.990575
2.975923
3.263446
3.088259
3.073714
3.128204
3.028756
3.043541
3.067047
3.080805
2.956767
3.132512
2.981491
3.026242
3.114457
3.002681
3.182171
2.978062
3.161601
3.098603
3.199078
3.008029
3.160475
2.955118
2.972113
3.145615
3.020596
2.973258
3.108268
3.198798
3.042795
3.138514
3.018700
3.003048
3.091708
3.026637
2.909861
2.991219
3.080881
2.978328
3.039287
3.037934
2.911070
2.959985
2.975178
3.004107
3.008554
3.044709
3.014271
3.046876
3.229572
2.951736
3.111664
2.880115
3.082033
3.145335
3.066301
3.111905
3.095614
3.119992
3.118196
3.082612
2.989465
2.929583
2.978763
3.051365
3.031751
3.179645
3.195358
3.071632
3.074461
3.140756
2.970285
3.160476
2.947916
3.222497
3.119827
3.035868
3.137700
3.108773
2.945681
3.007006
3.076698
3.142535
3.026274
2.966247
3.128608
3.021131
3.124490
2.909047
3.100350
3.113265
2.899990
3.022878
3.107916
3.249661
2.866370
3.111434
3.050868
3.172784
3.281199
2.959597
3.125068
3.002623
3.240596
2.904575
3.092332
3.067093
3.107118
2.896330
3.096760
3.089417
3.211360
3.099687
3.240313
2.942052
3.179658
3.107665
3.081378
3.017474
3.120932
2.979526
3.016088
2.956000
3.288285
3.013449
3.167234
3.173083
3.078727
3.189577
3.002562
3.174078
2.980358
3.066081
3.103700
3.006754
3.000353
3.062152
2.972696
3.083792
2.984123
3.172051
3.212231
3.076524
2.902110
3.143047
3.134319
3.072198
3.050643
3.214744
3.119768
3.039588
3.015407
3.024454
2.986560
3.039976
3.020682
3.008083
3.143360
2.971454
3.115163
3.235105
3.058936
2.792640
3.069854
2.895950
3.191254
2.945060
3.052512
3.107750
3.104618
3.129017
2.993526
3.050705
3.014843
2.967284
3.113794
3.098154
3.105992
3.122616
3.051374
3.048434
3.099620
3.242235
3.160718
2.973340
3.045046
3.038493
3.033276
2.986002
3.161792
3.110903
3.129186
3.006107
3.074112
2.994981
3.148520
3.008572
2.996585
3.108986
2.957426
3.046109
3.081266
2.972691
3.038990
3.033532
3.103831
2.974405
2.871929
3.037277
3.130521
3.158449
2.994937
3.154501
2.966563
3.033893
3.006082
2.862799
3.153078
2.990681
3.166786
3.081258
3.175933
2.958002
3.185130
3.025627
3.136442
3.180679
3.022875
3.000067
3.070875
3.037973
2.960543
2.910967
3.049976
3.149312
3.117589
3.157122
3.115090
3.085308
3.175977
3.261477
3.098404
3.231837
3.055427
3.061824
3.047435
3.060186
2.982536
3.090680
3.009552
3.230588
3.002245
3.280927
3.216796
3.034888
2.893663
2.795732
3.105059
3.139236
2.915477
3.079305
2.975151
3.032154
3.015762
3.200556
2.959958
3.158578
3.067341
2.992000
3.120824
3.138103
3.223917
3.213054
2.982200
3.137689
2.949958
2.923829
2.961337
3.233534
3.186286
2.981994
3.056051
3.024797
2.962287
3.162940
3.070659
3.110589
3.103397
3.190924
3.108430
2.973541
2.979032
3.160181
3.109209
3.234522
3.182122
3.054892
3.270649
3.102769
2.969294
3.012717
2.997534
3.096777
3.059972
3.089384
3.041615
3.026452
3.001186
2.932664
3.005538
2.947000
3.196927
3.138374
3.106419
3.056932
3.022120
2.987590
3.143774
2.900091
3.140071
3.277777
3.072472
3.102107
3.149660
3.200919
3.116746
3.093305
3.205772
3.137756
3.044879
3.268744
3.016245
2.966112
3.153685
3.164614
2.947538
3.115357
3.115980
3.123859
3.079269
3.073998
2.738397
3.000052
3.153405
3.059362
3.023292
3.084991
3.234900
3.139281
3.088537
3.175970
3.019626
3.083763
3.130654
3.052468
2.963475
2.811208
3.073660
3.103799
3.163978
2.987373
2.992058
3.093250
3.127776
3.022455
3.167739
3.191422
3.037319
2.998420
2.964693
2.971834
3.104305
3.115431
2.920988
2.976614
3.003360
2.925182
3.018706
3.221579
3.167383
2.983649
2.994878
3.253855
3.259984
3.214442
3.068937
3.143976
3.142337
3.107389
3.081856
3.169934
2.886295
2.875531
2.845863
2.873636
3.102623
2.927575
3.064970
2.943738
3.153500
2.985014
3.169711
3.072148
2.960644
3.023488
2.978851
3.100002
3.105516
3.038905
3.278411
3.017964
2.962571
3.046665
3.005403
3.193950
3.008335
3.071287
2.815693
3.101614
2.966278
3.037082
3.168664
3.105344
3.137620
2.996119
3.084645
3.145435
3.063876
2.944417
3.082576
3.079091
3.002280
3.159724
3.128236
3.103219
3.005745
2.793136
2.825048
3.022330
3.078910
3.176378
3.082731
2.917451
3.296792
2.793866
3.095993
3.174616
2.961014
3.048016
3.016795
2.987398
3.114513
3.121232
3.121191
3.097887
2.895371
2.884801
3.089501
3.116282
3.008278
3.052250
3.113954
3.139112
2.947145
2.938075
3.172183
3.200863
3.088965
2.948058
3.074734
2.903288
2.992908
3.351350
3.141526
3.046247
3.062427
2.960332
3.204639
3.187274
3.090297
2.984421
3.232152
2.899728
3.043675
3.332716
3.021520
3.041145
3.067789
3.002948
3.002465
3.113454
3.114545
3.004428
3.067223
3.060247
3.146425
2.976986
3.141087
3.046047
2.935459
3.020817
3.167980
3.184885
2.999663
3.109423
3.173631
3.076455
3.061057
3.012679
2.952821
3.076177
3.005705
2.898109
3.033966
2.984982
3.165082
3.283901
2.916082
3.110283
3.266062
3.112343
3.020799
2.968861
3.025964
3.150501
3.267858
3.025338
3.085614
3.120202
2.876958
3.071350
3.165848
3.271173
2.967009
3.208783
2.984650
2.908904
3.138863
3.043855
2.956902
3.152827
3.057855
2.956092
3.144876
3.157286
3.056934
3.118862
3.054675
3.110610
3.067468
2.992825
3.084476
3.243506
3.164842
2.962498
2.832104
3.200979
3.231843
2.942386
2.815767
3.049308
2.981320
3.082149
3.019961
3.037037
3.025165
3.055429
2.958199
3.026715
3.021679
3.110163
3.123595
3.163351
3.150857
3.034458
3.051341
3.051128
3.016994
2.961833
3.074494
2.993400
3.192449
2.906682
3.045985
3.087834
3.103827
3.086008
3.046631
3.097567
3.082669
3.037270
3.008968
3.035020
3.073512
3.152913
2.943493
3.019191
3.042179
2.974633
3.101099
3.077766
3.154433
2.998100
3.140906
3.079407
3.136093
3.057124
3.101166
3.074301
3.136252
3.091444
2.987997
3.006766
2.923999
3.191437
3.040944
3.110313
2.919439
2.987186
3.140249
3.201497
3.086536
3.067127
3.157769
3.106093
2.851613
3.112471
3.120283
3.100226
2.964016
2.968294
3.075438
3.031449
3.333448
3.002626
3.108823
3.003720
2.889971
3.010004
3.000346
3.206455
3.068414
3.057337
2.883592
3.053933
3.131826
3.157354
3.001484
3.032017
2.973800
2.903704
3.254912
3.191176
3.334681
3.016743
3.210322
2.920675
2.968423
3.156536
2.752723
3.085271
2.914692
2.988922
2.978643
3.031109
2.995417
3.122259
3.019795
2.908642
3.035103
3.026054
3.160072
3.112420
3.020951
3.066009
2.982373
2.983020
2.882733
3.076769
3.024680
3.186954
3.152514
2.882880
3.133053
2.992925
2.906500
3.221267
3.141713
2.867742
2.896019
3.094440
3.072892
3.028573
3.052064
3.095537
3.060901
3.044572
3.082059
2.992158
3.141802
3.095936
3.031501
3.031800
3.097608
3.109194
3.039008
3.131252
3.162222
2.992423
2.951874
2.999215
2.941746
2.890485
2.956632
3.300537
3.005409
3.055780
3.077283
3.027798
2.925948
2.890316
2.949022
3.032579
3.081280
3.104805
3.172293
3.009102
2.914184
3.165172
3.037700
3.069460
3.113366
3.005774
3.024596
2.924240
2.861895
3.160643
3.266979
3.086240
3.098873
3.182721
3.148198
2.958111
3.027958
3.066791
3.046575
3.082748
3.116128
3.005252
3.179778
3.112072
3.025114
3.084978
3.058273
3.024176
3.117110
2.879452
3.213765
3.105428
2.846496
2.917312
2.910170
2.894933
2.895358
2.942769
3.101612
3.123279
3.133506
3.131335
3.069269
2.987508
3.034650
2.912350
3.257322
3.016726
3.196780
3.058707
3.024286
3.150357
2.947759
3.125735
2.913617
2.992360
3.140816
3.001376
3.057799
3.350880
2.975801
3.093482
2.842026
3.111988
3.043785
2.997224
2.683316
3.069211
3.047854
2.965687
2.969327
2.985674
3.043489
3.065612
3.050652
3.041513
3.143244
3.099107
3.063630
3.068933
3.142465
3.266348
2.996869
3.111250
2.998390
3.056775
3.139751
2.965750
2.867153
2.831749
3.202815
3.103272
3.143307
2.938533
3.107573
3.015514
3.154701
3.103070
3.024286
3.064071
3.216456
3.133633
2.915543
3.056060
3.039072
3.059176
3.211507
3.071135
3.074395
3.051629
2.992459
2.996096
2.860675
2.952288
3.135957
3.064729
3.137863
3.069008
3.166736
2.855359
3.131991
3.020388
3.068032
3.061634
2.912304
3.179733
3.016018
3.153674
2.928681
2.872069
2.967556
2.936926
3.243967
3.132620
3.136324
2.970770
3.187755
3.039943
3.142128
3.079938
3.014895
3.229199
2.983972
3.079696
3.077687
3.065571
3.068341
3.115378
3.192104
3.246895
2.997102
2.888505
3.129487
3.069473
3.196048
3.156778
3.142102
2.979277
3.129588
3.074084
3.027892
3.019289
3.080390
3.031220
3.037684
3.167248
3.157618
2.970126
3.193264
3.115929
3.016492
2.900810
3.199377
3.197238
3.016975
3.123613
2.873570
2.884686
3.101704
3.050008
2.925036
3.203928
2.835786
3.192126
3.091314
3.112804
2.950760
2.941375
3.225603
2.939632
3.113346
3.019685
2.992710
2.913135
2.948617
2.998046
3.098287
3.285788
3.129476
3.075705
3.129014
3.131502
3.145472
2.952527
3.120474
3.049009
3.149386
3.042937
3.181060
3.084137
3.049483
3.062399
3.042251
3.061235
3.034957
2.990884
3.094314
3.112497
3.196853
3.206830
3.006732
3.100425
3.103737
2.919045
2.922411
3.086391
2.978238
2.994687
2.947254
2.899758
2.970437
3.126359
2.925523
2.931230
3.234457
3.051685
3.035630
2.919703
2.964348
3.029563
3.143413
2.993705
3.092595
3.087768
3.072032
3.127623
2.915775
2.968382
3.064776
3.209686
3.230592
3.049225
3.156034
2.984936
2.925307
3.044320
2.934874
2.990477
2.941064
3.119996
3.301837
2.980511
2.877901
2.978745
3.036359
3.200062
3.000918
2.963997
3.214653
3.212056
3.197665
3.091018
3.124623
3.048733
3.176179
3.024144
3.005691
2.920676
3.181963
2.972238
3.148211
3.100167
3.335430
3.095667
2.975496
3.189458
3.019491
3.101592
3.100448
3.213932
3.070623
3.044298
3.031995
2.874885
2.892720
3.023708
3.034086
3.166263
3.155164
3.053144
2.990197
3.161494
3.104455
3.105537
3.148925
3.158271
2.871528
3.012476
3.071872
3.011859
3.218167
2.892759
3.089317
3.022795
3.036245
3.098003
3.068210
2.996383
3.141572
3.116139
3.018875
3.030502
3.186676
3.157272
3.023790
3.004456
2.958903
3.140767
3.209137
3.141887
3.172684
3.058387
3.082668
3.214753
3.123589
3.108262
2.922071
2.958175
2.987420
3.035941
3.080492
2.972428
3.108012
2.936922
3.099622
3.240924
3.091972
3.036134
3.153438
2.932735
2.981999
2.999152
3.121435
3.234597
2.951103
2.930214
3.043246
2.845145
3.076079
3.083429
3.020165
3.165955
3.090916
3.097330
3.094966
3.138412
3.186126
3.128287
2.957246
3.193355
3.133181
2.920030
3.071242
3.080889
3.120876
3.058144
3.112177
3.139383
2.946623
2.964955
3.124599
3.127237
3.160050
3.114744
3.069584
2.936487
3.118266
3.053261
2.913420
2.881729
3.130600
3.026958
3.140628
3.149365
2.946339
3.224848
2.974726
2.895515
3.175250
3.065780
3.100347
3.159711
3.166162
3.158040
2.990598
3.091935
2.981685
3.072697
3.082855
3.134834
3.069035
3.189649
2.985984
3.134501
2.998261
3.109757
3.158924
3.099159
3.006672
3.057111
3.123221
3.153554
2.933653
3.090843
3.200468
3.168584
3.121081
2.811863
3.116631
3.023193
3.007061
3.172450
3.040771
3.125298
2.942731
2.871494
3.143246
3.051810
3.141405
2.941894
3.131945
3.045534
3.009576
3.024788
2.977041
3.092892
3.148092
2.994810
3.086245
3.127076
3.113192
3.159219
3.248637
2.916490
3.170519
3.073800
3.016695
3.095305
3.175502
3.161040
3.227073
3.057022
2.975989
3.147237
2.928838
3.119167
2.982831
3.097408
3.039011
3.058302
3.154805
3.054583
3.077555
3.169577
3.177141
3.065920
3.081928
2.941614
2.974497
2.946561
3.140257
3.016149
2.975847
2.973949
3.007224
3.026047
3.021181
3.065382
3.096892
3.008012
2.924978
2.931464
3.029291
3.184196
3.048226
3.181339
2.951204
2.879961
3.238063
3.372932
3.111727
2.994044
3.160260
2.919905
3.049467
3.116897
2.991219
3.239789
3.230432
3.163927
2.848627
3.058382
3.122800
3.210379
3.013849
3.054849
3.080369
3.178944
3.075469
3.021819
3.061879
3.191741
3.025455
3.199951
2.939916
2.983899
3.035544
3.063149
3.096626
3.005903
3.195530
3.143582
3.050373
3.111439
3.185011
3.108755
3.016658
3.154434
2.950639
2.962497
3.185549
3.286982
3.186161
3.214033
3.008712
2.947378
3.075001
3.104664
3.167671
2.923423
3.005598
3.290770
3.151277
3.090247
3.132850
3.186823
2.969303
2.939531
3.224481
3.017358
3.042804
3.115405
3.200579
3.171490
2.954914
3.141377
3.070995
3.140556
3.227440
2.939508
3.148764
3.073535
3.146437
3.156055
3.206028
3.011090
2.990005
2.955359
2.768012
3.055977
3.109208
2.950561
2.927602
3.061200
3.030423
3.005104
2.958638
3.116712
3.090871
3.025010
3.017543
3.114317
3.141984
3.001973
2.936327
3.066183
3.106538
2.931127
3.073499
3.060829
3.086475
3.078934
2.936785
3.201795
3.155919
3.054093
3.005334
2.964315
3.118263
3.018804
2.867373
3.153002
3.167547
3.012782
3.184783
3.015127
3.059892
3.182005
3.107341
3.160829
3.129809
3.112079
2.952862
2.973740
2.845159
3.050252
3.236727
3.033324
3.087198
3.053522
3.180946
3.182562
2.932671
3.034799
3.033089
3.172658
2.907190
3.062077
3.069137
3.032546
2.969323
3.073674
3.002095
2.963519
3.037811
3.058250
3.050032
3.055205
3.173070
3.118981
3.067795
2.902291
3.059236
3.255333
2.867528
3.118854
3.169168
3.200085
3.082072
3.157658
3.154663
2.919193
3.129955
3.077192
3.124411
2.931535
3.002791
3.138239
3.061334
3.029068
2.943267
3.086144
3.233215
3.218708
3.045764
3.057067
2.890422
2.988863
3.079035
3.031360
3.308095
2.836544
3.092268
3.099365
2.966505
3.126615
3.136522
3.241139
3.275522
3.128464
3.029190
2.913046
3.118006
3.150335
3.135154
3.061176
2.884356
3.063567
3.127089
3.065881
3.016591
3.038219
2.857823
3.085561
2.804199
3.246240
2.990713
3.078142
2.957291
2.961159
2.954849
2.961726
3.129548
3.093592
3.039116
2.932929
3.024677
2.983751
3.112326
3.112845
3.106138
2.909784
2.988831
2.875004
2.994515
3.166229
3.002105
2.970820
3.066555
3.076091
3.049552
3.022160
3.183217
2.924923
3.095526
2.998809
3.021789
3.157717
3.125754
3.022009
3.049529
3.172085
3.037180
3.160594
2.978986
2.992522
3.057708
2.997589
3.056848
2.995877
2.965924
2.953873
3.147041
2.968318
3.176553
3.206458
2.988445
3.153118
3.005934
2.995239
3.281319
2.999442
3.089828
3.011505
3.186892
3.038993
2.927042
2.921183
3.147755
3.161947
3.013950
3.172390
3.054104
3.269717
2.898706
3.110469
2.977734
2.980139
3.092478
3.072355
3.088876
2.997892
3.121523
2.999506
3.069538
2.942537
3.192926
3.188456
2.924538
2.940491
3.002801
3.022663
3.002706
3.162941
3.117329
3.044707
3.177760
3.008503
2.986438
3.205939
3.066583
2.991339
3.132326
3.068015
3.069992
3.152140
2.995926
2.973722
3.260989
3.010434
3.141448
2.942280
2.875075
3.209623
3.127985
3.021468
2.951821
2.999773
3.176708
2.884494
3.098166
3.217934
2.996492
3.217151
3.117684
3.125200
3.004627
3.068793
3.042407
3.133643
3.071454
3.098721
3.092935
3.103271
2.948799
2.892489
3.162634
3.091996
3.200283
3.047380
3.067947
3.044642
2.983166
3.057658
2.903102
3.012555
3.106391
3.009212
3.006031
3.024522
3.060010
3.110058
2.980040
3.274808
3.048306
2.998191
3.046992
3.076382
2.933273
3.073578
3.223355
3.101832
3.207234
3.245695
3.218002
2.957253
3.159809
3.256439
3.069062
3.085507
3.001827
3.164185
2.880712
3.117046
3.168078
3.274836
3.167570
3.156365
3.119905
3.196057
3.166101
3.024415
3.106640
2.941188
3.016425
3.104608
3.036184
2.966168
3.134315
2.969901
3.119423
3.020928
2.970753
3.211775
3.142270
2.978704
3.053567
3.072065
3.125767
3.090419
3.231904
3.100039
2.996411
2.934610
2.944436
3.147922
3.077062
3.286905
3.093603
3.071023
3.182408
3.164249
3.091236
3.057455
3.041073
3.030494
3.099153
3.101700
3.105020
3.062732
3.073124
3.041732
3.158466
3.010691
3.250628
3.145532
3.126902
2.996199
3.006387
3.189990
3.097533
3.238527
3.049005
2.985790
3.072903
3.198341
3.107379
3.159252
3.141754
3.122808
2.948307
2.940772
3.016280
3.089449
3.047216
3.010475
3.109728
3.079868
2.868887
2.912867
3.040631
3.023418
3.155047
2.952192
3.035738
3.182652
2.931650
3.180337
3.012545
2.964002
3.184261
3.107834
2.984062
3.000351
3.190828
3.008382
2.917490
2.881472
2.999699
3.098522
3.250381
3.052917
3.036229
3.165353
3.103836
2.936011
2.812071
3.125633
2.986637
3.068505
3.022037
3.020610
3.066826
3.025519
3.019155
3.013667
3.056514
3.021147
2.999649
3.074897
3.076406
3.094942
3.001687
2.934919
3.162770
2.980505
2.917427
2.933794
3.128493
2.928618
3.138285
3.128959
2.979009
3.075718
3.115707
3.185396
3.072841
3.097363
3.060807
2.862699
3.060966
2.976366
2.979964
3.137939
3.041192
3.105973
3.239716
3.074202
2.998472
3.129442
3.084086
2.954794
3.091423
3.044599
3.030768
3.142765
3.047711
3.150898
3.256224
3.074968
3.019242
3.134636
2.997679
3.116759
3.066625
2.846071
3.027280
2.958319
3.154440
3.096552
3.087303
3.121708
3.202086
2.931865
2.973045
3.106579
3.159343
3.076101
2.944115
3.101384
3.072067
3.018262
3.160186
3.050254
3.093897
2.950944
2.891719
3.008593
3.171959
3.126789
3.193585
3.197924
3.033986
3.008172
3.030249
3.139109
3.041377
3.119230
3.129686
3.193312
3.174692
2.950013
3.104510
2.961092
3.293235
2.955030
2.946188
3.017339
2.967103
3.137591
2.987799
3.173863
3.162299
2.927103
3.046570
3.046629
3.076943
2.908246
3.210124
2.930412
3.063631
3.120364
3.044701
2.988444
3.022464
3.106454
3.000623
3.014040
3.025115
3.016374
3.028386
2.960331
3.202950
3.057454
2.991824
3.013705
3.145972
3.091037
3.068187
2.936023
3.018771
2.968440
2.958342
3.162786
2.915714
3.022708
3.096104
2.873800
3.173079
3.052129
3.020273
2.992022
2.912570
3.100310
3.095315
2.997535
2.810460
3.053006
3.097887
2.987769
2.881822
3.001156
3.008471
3.060226
3.104826
3.046227
3.045364
2.991177
2.943613
3.049137
3.152318
3.005102
3.003249
3.246207
3.071836
2.925477
2.990858
3.135855
3.121124
3.126765
2.887516
2.963368
3.165762
3.154629
3.006556
3.133383
3.126192
2.949438
3.073680
3.227248
2.993094
3.126989
3.020199
2.956591
2.924899
3.022696
3.021083
2.875450
3.061927
3.182712
2.959153
3.189805
2.963016
3.029033
3.104108
3.026166
2.983684
3.068193
3.036165
2.950589
3.125862
3.098435
2.999060
3.235957
3.155056
3.093068
3.027041
3.006046
3.025949
2.922796
3.143808
3.089436
2.985241
3.033152
3.034361
2.958036
2.996623
2.929963
3.108761
3.118039
3.165134
3.082403
3.104737
2.957588
3.023027
2.955693
3.116915
3.045481
3.073477
3.028494
3.107370
3.124816
3.125881
3.001834
2.941544
3.037245
3.131585
2.988916
3.087151
3.038809
3.073462
3.097792
2.992204
2.952713
3.095307
3.238095
3.016056
3.155158
3.083287
3.218585
2.879239
2.891585
3.011721
2.987377
3.054509
3.207249
2.964661
3.125175
2.914524
2.990934
3.003927
3.018304
3.255195
3.135364
3.047766
3.060710
2.905114
2.974377
3.110262
3.112672
3.040332
3.070353
3.253474
3.078696
3.079917
2.951838
3.033433
3.083560
3.217081
2.888607
3.036904
2.932295
2.994655
3.117467
3.102329
2.910343
2.989584
3.111849
3.017955
3.015077
3.036882
3.106164
3.021029
2.792257
3.065038
2.889721
2.993080
3.155502
3.063595
2.966403
3.068530
2.940327
3.170299
2.917480
3.049690
3.061471
3.032598
2.946254
2.886158
3.067338
2.993449
3.025382
3.024040
3.080232
2.946199
3.070833
3.108620
3.002611
2.857817
3.002120
3.067957
2.947621
3.004134
3.113198
3.150068
3.017267
3.131003
3.074428
3.110115
3.218638
3.059990
3.108945
3.004565
3.031276
3.088315
3.035624
3.030007
3.167713
3.064857
3.032180
3.066991
3.137292
2.918570
3.223509
3.062994
2.942666
3.170866
3.114999
3.199127
2.973857
3.034763
3.014676
2.932650
3.068293
3.041409
3.119454
3.168059
3.057075
3.151234
3.101687
3.130046
3.028877
2.979519
2.978971
3.124154
3.210731
3.032971
3.230407
2.970907
2.909521
3.050748
3.010496
2.991026
2.982866
3.096442
3.098779
2.928029
3.072831
3.014852
3.130178
3.154074
3.126710
2.950095
3.048657
2.877460
3.000075
3.028795
3.274106
2.937233
3.186634
3.007925
2.969767
3.035466
3.083417
3.156090
2.946479
2.994675
3.095268
3.002118
2.967863
3.130524
3.229000
3.115016
3.187065
3.186058
3.007263
3.126399
3.018221
3.097019
3.036456
3.144216
3.272145
2.938176
3.122700
3.037466
3.144659
3.057881
2.918878
3.194033
3.002968
2.911296
3.060260
2.899335
3.146217
3.122841
2.943917
3.025634
2.867509
3.038994
3.140277
3.080202
3.000922
3.090116
2.952424
3.019923
2.885526
3.149901
3.003631
3.196080
3.081917
3.204461
3.127701
2.899560
3.123824
3.062925
3.057677
2.869053
3.091540
3.145687
2.971262
3.028743
2.994093
2.950880
3.153953
3.232440
3.143140
2.862339
2.882007
3.138062
3.101883
3.107904
3.011541
3.069807
3.136235
3.046793
3.034702
3.018619
3.044051
2.982679
3.026389
3.015736
3.068562
3.157203
2.957879
2.946034
3.135422
2.922641
3.103299
2.929509
3.046825
3.069842
3.087326
3.113942
3.081208
3.046047
3.025589
3.158837
3.016117
2.837378
3.258920
3.251026
3.235212
2.915750
2.923918
3.008361
3.231595
3.020221
3.110860
3.032191
3.132400
3.099048
3.048637
2.963955
3.038575
3.271244
2.928253
3.173962
3.147937
3.050510
3.108244
3.030746
3.207009
3.092660
3.083636
3.232378
3.061041
2.870054
3.001193
3.185773
3.054776
3.224906
2.883577
3.102322
3.188107
3.263192
3.238833
3.008545
3.038587
3.071579
3.093072
3.110896
3.189847
3.029154
3.009748
2.874822
3.086307
3.046200
3.182361
3.147005
2.968541
2.974286
3.030095
3.153089
3.004376
2.989010
3.053871
3.031168
2.898499
3.170248
3.176931
3.009683
3.031871
3.240296
2.895474
3.051073
2.947121
3.143340
2.976524
3.072051
2.996888
3.030011
3.248394
2.992010
3.007983
2.912770
2.807174
3.102297
3.066627
3.040600
3.128147
3.250496
3.113398
3.218864
3.098816
3.075432
3.012837
2.973016
3.093232
3.005458
3.086221
2.985193
3.139681
3.122115
3.165223
3.079672
3.086924
3.013995
3.042782
3.234713
3.030692
3.146787
2.980656
3.136130
3.190393
2.933395
3.150993
2.970967
2.991653
3.205949
3.198782
3.252101
3.084772
3.035153
3.253908
3.104540
3.145190
3.126469
3.045374
3.052030
3.091606
3.156043
2.993955
3.186408
3.179711
3.168018
3.046717
3.052298
2.903699
3.083285
3.288970
3.080847
2.923582
2.962154
3.093878
2.907926
3.190078
2.982395
3.025914
3.103051
3.121961
3.039437
3.000758
3.175409
3.164687
2.902773
3.236222
3.085254
3.134176
3.182628
2.891310
3.198655
3.149741
3.149620
2.960837
3.195868
3.067447
3.192948
2.907607
3.105952
3.128429
3.193344
3.118835
3.044861
3.115099
2.900032
3.132204
2.944768
3.074420
3.198852
3.056511
2.927863
3.036154
3.069010
3.046054
3.030456
3.036036
3.110345
3.191356
3.226462
3.107454
2.944026
3.025338
3.194248
3.118782
3.045141
2.843205
3.012966
2.910575
3.201998
2.927646
3.176995
2.878419
3.049713
3.058355
3.216610
2.979860
3.181675
2.960652
3.089375
2.917604
3.004367
3.124093
3.064868
2.934475
2.954416
3.057446
3.044636
3.126022
2.986068
3.013079
3.130170
3.188084
2.829638
3.143567
3.135562
3.143766
3.054672
3.065599
2.977860
3.029212
3.163926
3.035027
3.117673
3.170945
3.154089
2.994770
3.140020
3.076979
3.129486
3.233346
3.077924
3.306065
3.109675
3.079009
3.033030
3.133899
3.108724
3.091749
3.056264
3.071721
3.006502
3.145568
3.154316
3.213913
3.060107
3.082501
3.080708
2.937808
3.087934
2.990174
3.003843
2.894510
2.971290
3.054748
3.072321
3.053532
3.043307
2.970684
3.076716
3.171084
3.289421
3.118404
3.124606
3.057822
3.161357
3.187597
3.233633
3.193281
3.053056
2.940586
2.987252
3.010224
3.188322
3.081550
3.152530
2.936799
3.174762
3.223470
3.130987
2.906866
3.091624
3.121736
3.054270
3.113446
3.086284
3.137391
2.996388
2.939389
2.970479
3.113714
3.065349
3.112396
2.984359
3.159542
3.074639
3.144057
3.125633
3.191283
3.007744
3.129471
3.189538
3.147851
2.865550
3.043100
3.197720
3.010670
3.153062
2.991747
3.038459
3.210269
3.041234
2.956028
3.073971
3.204087
3.111518
3.010446
3.238052
3.101125
3.053745
3.043249
3.175633
3.040660
3.095885
2.939109
3.140480
3.089422
3.098316
3.080289
2.964731
2.991521
3.206555
3.008326
3.048787
3.157632
3.044136
3.064399
3.077057
3.155604
2.933765
3.044568
2.924483
3.150891
3.157216
3.061673
3.039402
3.012253
3.194007
3.208629
3.132233
3.092647
3.046108
3.109203
3.280443
3.080621
3.011682
3.049483
3.101347
3.219347
3.006329
2.938528
3.076238
2.949078
3.070973
3.029326
3.103502
3.073855
3.097635
2.971404
2.990133
2.986101
3.149619
3.089131
3.130677
2.989808
2.908916
3.103800
2.950878
3.239695
3.038132
3.202685
3.062371
3.222593
3.134857
3.106377
3.048845
3.251648
3.121176
3.077013
3.240318
3.123389
2.927828
3.047961
2.963749
2.956899
3.060707
3.095539
3.158603
3.032154
3.075376
3.099038
3.051178
3.240453
3.001524
3.120282
3.036955
2.984757
3.136420
3.101834
3.194672
3.139310
2.915381
3.258615
3.181698
3.139657
3.035461
3.069826
3.218522
3.063421
2.972095
2.915062
3.278098
3.073516
3.017215
3.251707
3.148546
3.299264
2.917402
2.903089
2.905184
2.960518
3.126819
3.012380
3.013748
3.045912
3.139491
3.084026
3.200646
2.965472
3.007107
3.124821
3.065468
3.028941
3.023334
3.048184
3.217946
2.916853
2.999777
3.103473
3.130588
3.004681
3.003310
3.027160
3.108085
2.892407
3.105692
3.056446
2.974858
2.976488
3.257583
3.180381
3.071740
2.991283
3.002242
3.152775
3.207860
3.148117
2.989222
3.089819
3.070024
3.029873
2.950771
3.198265
3.003502
3.148254
3.095794
2.954729
3.075333
2.901727
3.027652
3.017479
2.995716
3.044943
2.917168
3.214025
3.086127
3.212360
3.299352
3.125465
3.158603
2.986558
2.885644
3.022221
3.089430
3.099254
3.006937
3.061011
3.198641
3.098080
3.185800
2.969583
3.139983
3.036014
3.074208
3.114870
3.102352
2.939407
3.131836
3.315525
3.151500
2.991304
3.166351
2.972586
2.946605
2.942787
2.813016
3.041888
3.099582
3.043343
3.241519
3.064455
3.179405
3.145280
3.218121
3.178305
3.017918
2.946520
3.122306
3.087128
3.155820
3.112317
2.962430
2.942041
3.064889
2.910176
3.138640
3.090486
3.141632
3.075332
3.036345
3.072238
3.126081
3.107087
3.154247
3.069630
3.132249
3.043404
3.112041
3.062141
3.101863
3.128715
2.972162
3.144991
3.055547
3.004284
3.136122
3.194636
3.056274
2.995042
3.250604
3.014052
3.127799
3.002401
3.054226
2.979674
3.080202
3.020857
3.142337
3.022127
3.068048
2.881234
3.229667
3.029203
2.895558
2.934929
3.007859
3.122392
3.057144
3.124006
3.138338
2.972800
2.947054
2.985796
3.098685
3.120529
3.043432
2.980317
3.041593
2.873197
3.166003
3.152715
2.988196
3.161054
3.102275
3.024017
3.087297
2.998357
3.241904
2.938380
3.135161
2.957744
2.897491
3.028327
3.002080
3.202364
3.043683
3.041782
2.978224
2.951648
3.022625
3.047249
2.830343
2.989659
3.122763
3.083107
2.933243
3.075453
3.104177
3.172348
3.137948
3.011658
2.775013
3.109249
2.913692
3.063895
3.033686
3.003435
3.192267
3.091251
2.987619
3.064795
2.944513
3.061827
2.965963
2.941950
3.269451
3.136208
3.036347
3.030638
3.161809
2.967217
2.930126
3.078076
3.145221
3.171738
3.029834
2.998836
3.061939
3.134769
3.235197
3.212991
2.974593
3.196770
3.037206
3.129869
2.960832
2.980892
3.067411
3.027857
2.892810
3.158950
2.984561
3.202531
3.173727
2.888940
3.115746
2.967817
3.055598
3.169658
2.931106
2.999299
3.030199
3.025554
2.909753
3.035549
3.014766
2.936480
3.052456
3.183663
3.068448
3.255502
2.922696
2.907484
3.160012
3.070451
3.109645
3.196208
2.999075
2.933500
3.180064
3.180101
3.020433
3.011198
3.004730
3.056633
3.061317
3.094598
2.957589
3.051537
2.914006
2.853336
2.965350
2.987199
3.137935
3.052591
2.935882
3.210868
3.002021
3.149322
3.159238
2.996485
3.066416
3.052101
2.978196
2.934451
2.957806
3.148294
3.057057
3.152141
3.105743
3.068996
3.194858
3.101231
2.999302
3.053374
3.187039
3.146069
3.034118
3.057892
3.137417
3.183908
3.195290
3.078838
3.150582
3.091910
3.103796
2.949350
2.962116
3.168083
3.021721
3.154599
3.082124
2.891370
2.906346
2.979195
2.879322
3.081786
3.078071
3.110323
2.977791
3.092927
3.079367
3.022611
2.904195
3.030494
3.136079
3.014629
2.849991
3.065457
2.871244
3.282166
3.104339
3.044374
2.986755
2.971066
2.998964
3.063106
3.033222
3.139079
3.055375
3.101154
2.953254
3.116188
3.075216
2.921877
2.928831
3.064889
3.006528
3.154215
2.946787
3.239568
2.925550
3.064415
3.168287
2.897556
2.943265
2.901039
3.191064
3.160026
3.039485
3.095567
3.094956
3.146207
2.929721
3.309507
2.932646
2.951236
3.021484
3.000298
3.114706
2.984603
3.049059
3.101631
3.077906
3.017464
3.083846
2.960288
3.167316
2.971451
3.279232
3.088283
3.078895
3.012781
2.974181
3.155594
3.032683
2.992046
3.047703
2.847371
3.049076
2.789137
3.049238
3.020667
3.121287
3.187641
3.050029
3.091282
3.206090
3.085167
3.032897
3.133391
3.058188
3.058204
2.898229
3.080073
2.953848
3.288158
3.084761
2.879977
3.007287
2.873469
3.067172
3.039690
3.078095
2.907810
3.088287
3.086901
3.142150
3.115689
3.105185
3.083542
3.062407
3.034330
2.889234
3.033274
3.057429
3.070306
3.003426
3.030407
2.795750
2.928489
3.069609
3.190750
3.053917
3.038776
3.031181
3.090498
3.002697
2.966894
3.010164
3.050260
2.987066
2.983337
2.994332
3.214649
3.023166
3.041301
3.076255
3.115280
3.061708
3.126971
3.174554
3.052896
3.270251
2.858591
3.066692
3.128245
3.052636
2.972052
3.241415
3.151947
3.064828
2.914994
3.123323
2.833960
3.125704
2.872947
3.057050
3.020619
3.109957
3.115648
2.883655
3.027183
3.111951
2.983933
3.151793
3.136827
3.052948
2.984032
3.001124
3.053830
3.092994
2.905958
3.113942
3.219722
2.945781
3.252845
3.111613
2.905547
3.025132
3.139085
3.046816
2.951878
3.211226
2.954670
2.987538
3.174566
3.129291
3.057519
2.952204
3.022525
3.155055
3.095427
2.887407
2.947048
2.930008
3.009868
3.049505
3.095757
3.026305
2.975870
2.956336
3.094167
3.153882
3.045093
3.096912
2.994976
2.997087
3.144830
3.026633
2.946209
2.951920
3.019849
3.119754
3.003741
3.140261
2.967480
3.170195
3.072357
3.160274
3.078439
2.972210
2.954253
3.022018
2.929956
3.171773
3.061471
2.864747
3.200472
3.097077
3.176293
2.969485
3.121817
3.122409
2.912240
3.181856
2.934769
3.361167
3.098517
2.974323
3.097804
3.179551
3.210188
2.932012
2.979038
3.064601
3.127713
3.125883
2.922725
2.863349
3.025266
3.071207
3.002675
2.902502
2.966893
3.148656
3.076260
3.194747
3.180453
3.021263
3.045871
3.126253
3.162355
3.075431
2.942824
3.001176
3.242409
2.941612
3.096663
3.242372
3.220830
2.996597
3.062366
3.054938
3.133034
3.147389
3.060545
3.005080
3.081207
3.170916
2.868937
2.947560
3.111888
2.955985
3.133027
3.121565
3.056111
3.007919
3.025070
3.153895
3.179838
3.238943
3.171414
2.978794
3.103258
3.169179
3.091254
2.899768
2.882235
3.032466
3.088035
3.025773
3.047705
2.863880
3.100549
2.938013
3.037843
3.059050
3.129568
3.085661
2.946021
3.020994
3.003594
3.049365
3.033036
3.161646
3.072949
3.058751
3.045387
3.061194
2.959484
3.215615
2.864955
2.922292
3.027736
3.083006
3.081051
3.164865
2.884275
3.026557
2.943009
3.051364
3.114641
3.059170
3.051723
2.854781
3.104994
3.159322
2.954045
2.934147
3.119585
3.069464
2.926748
3.120468
3.014099
3.005518
2.874099
2.993838
2.925879
3.086518
3.037407
2.950464
2.984170
3.209794
3.005509
2.999136
3.191520
3.060105
3.000343
3.061741
3.102737
2.980579
3.058903
2.991423
2.959589
3.046224
3.052040
3.034151
2.965507
3.023872
3.033331
2.977904
2.914494
3.090427
2.936041
3.098527
3.163242
3.224367
3.133148
3.014256
3.133583
3.012551
2.834368
3.044926
3.044293
3.200046
3.121549
2.994997
3.224913
2.970893
2.966501
3.176330
3.015207
3.110098
3.166349
3.004826
3.107155
3.016883
2.953541
2.953271
3.111032
3.025195
3.236714
3.062343
2.937434
3.294597
2.918048
3.005364
2.704153
3.181288
3.022798
3.167404
3.113478
3.165483
2.932358
2.943633
3.288963
3.056957
2.919268
3.088353
2.937284
3.061887
3.151469
2.946855
3.061447
3.105032
2.995906
3.167718
2.982544
3.010188
3.156450
3.040126
3.071031
2.998074
3.070373
3.112742
2.988305
3.063161
3.246920
3.025638
3.022639
3.137561
2.731055
3.364143
3.207162
3.101038
3.067749
3.040224
2.848511
3.089888
3.093094
3.156208
3.031372
3.110562
3.116701
3.019706
3.109292
2.971768
2.997966
2.900032
3.091514
3.225051
3.083644
3.016196
3.015630
3.131502
3.111391
3.072689
2.922944
3.066953
3.102737
3.230161
3.080254
3.056184
3.017737
3.059198
3.263960
3.149793
3.028089
3.049792
2.970018
3.092198
2.910828
3.246274
3.184389
3.132273
3.020468
3.027038
3.129434
3.189435
3.114604
3.016298
2.884011
3.031352
3.019842
3.029640
2.991839
3.103958
3.146274
3.045465
3.009981
3.117824
3.021860
3.097472
3.100750
2.988960
3.408221
2.828619
2.921735
3.218374
3.036678
2.988741
2.979457
3.108823
3.149739
3.027996
3.062993
3.002666
3.082032
3.107084
2.792458
3.083745
2.887409
3.130516
3.181979
2.996685
3.105366
3.124247
3.047407
3.108209
3.112558
3.183968
3.004718
3.044248
3.055021
3.153813
3.105354
3.127118
3.127254
3.149388
3.021589
3.016595
3.192920
3.175135
2.989650
3.033884
3.107506
2.871392
3.092989
2.925573
3.175395
3.155323
3.075193
3.062198
3.032610
3.149775
3.084586
3.007698
3.078835
3.080518
3.025059
3.135513
3.083995
3.148119
3.220233
2.972567
2.982715
2.893385
3.202130
3.068160
2.997869
3.033073
3.051940
3.081278
2.992657
2.999801
3.135782
3.193404
2.980381
3.165576
3.193486
2.977950
3.067735
3.232847
3.151534
2.914596
3.029028
2.947423
3.128205
2.930924
3.126838
3.046748
3.009992
3.044081
2.904815
2.987614
3.019507
3.045076
3.196504
2.994951
3.194892
3.101479
3.116052
3.092169
2.950913
3.126561
3.107033
3.096265
3.030545
3.028812
3.044035
3.138251
3.022710
3.163265
3.161613
2.946342
3.004778
2.998518
3.006833
3.173100
3.183559
3.057385
3.136383
2.988904
3.168597
3.099231
3.140217
3.346810
3.023516
3.060841
3.175348
3.095636
2.923735
3.028365
3.044043
3.109479
2.892643
2.996502
2.947447
3.177527
2.927008
3.075467
3.121336
3.074228
3.121442
3.173140
3.034104
3.024700
2.986837
3.095582
3.115884
3.100813
3.020788
3.064655
3.003670
3.074644
3.093490
2.998807
2.992140
2.968235
3.249134
3.279269
3.085576
3.100243
3.059500
3.076796
3.081682
3.174440
2.982166
3.063957
2.977697
3.117185
3.015732
3.146577
2.945734
3.154276
3.144090
3.071952
3.241841
2.957359
3.085751
2.973063
2.925420
3.159126
3.179405
3.067847
3.022212
3.109894
3.017304
3.231268
3.065656
3.045957
3.102313
2.999507
3.005835
3.194949
3.026768
3.127103
3.054391
3.085104
2.783432
2.946257
3.036032
3.167178
3.097114
3.013612
2.987593
2.914177
3.047069
2.935717
2.963795
3.067043
3.087154
3.000739
3.034458
3.007012
3.132755
3.107071
3.279486
3.098317
2.993585
2.992862
3.083632
3.015887
3.111321
3.140700
3.065851
3.103930
3.077736
3.086393
3.099981
3.161989
3.139287
3.104391
3.074058
3.081175
3.129446
3.137874
3.086748
3.007931
3.185400
3.013328
3.045373
3.129622
3.106623
3.131958
3.141529
3.108663
3.142472
3.255699
3.017024
3.075316
3.105179
3.066474
3.002975
3.005615
3.065676
3.186217
3.149202
3.096668
3.152716
3.190832
3.249346
3.188350
3.058150
3.119183
3.062169
3.058868
3.029254
3.079181
3.094860
3.013838
2.937784
3.186623
3.113737
3.148895
3.101075
2.922311
3.154785
3.003178
3.145635
3.125944
2.989544
2.985840
3.102439
3.058538
3.015068
2.917788
3.282002
3.264347
3.170604
3.108963
3.108830
3.000689
3.101820
3.088112
2.973368
3.103809
3.060910
3.073845
2.956642
3.022225
3.282799
3.087304
2.986562
3.289839
2.976067
3.124380
3.156562
3.081061
3.003934
3.144050
3.159122
3.104846
3.181895
3.018628
2.901394
3.015131
3.097106
3.192680
3.145951
2.945715
2.848196
3.098800
3.023946
3.046544
3.082630
3.056441
3.160386
3.064881
3.218310
3.110565
2.988615
3.153145
2.888345
3.039483
3.193441
2.964970
3.096877
3.003421
3.074663
3.176717
3.067885
3.005317
3.273331
2.915706
3.068658
3.111325
3.046179
3.027542
3.137182
2.917445
2.950297
3.131077
3.061942
2.977089
3.147776
3.044711
3.285252
3.102740
3.155554
3.058445
3.107325
3.064915
3.209258
3.033061
3.176856
3.055483
3.009502
3.138795
2.986079
3.170148
3.223332
3.013239
3.153204
2.953572
3.118041
2.870295
3.079065
2.891326
3.128016
3.074589
3.090567
2.987302
3.146080
2.972663
3.038543
3.135090
2.983046
3.033642
3.108540
3.123226
3.020958
2.896230
3.079879
3.110534
3.160396
3.065660
2.923679
3.066781
3.152579
3.234332
2.909066
3.000731
3.100537
3.161489
3.091159
3.098689
2.952208
3.074685
3.082920
3.185486
2.833140
3.009512
3.123629
2.979424
3.103635
3.202870
3.175802
3.071357
3.115764
3.236675
2.920608
3.184163
3.124864
3.091103
3.236083
3.147638
3.115063
3.048692
2.976138
3.208695
3.174018
3.034444
2.971959
3.071847
2.972340
2.919075
3.134812
3.080129
3.098329
3.120144
2.902557
3.077577
3.269210
3.017455
3.141405
3.089938
2.970653
3.037861
3.076074
3.035963
3.095839
2.966464
3.062896
3.125533
2.954711
3.048878
3.038911
3.115052
3.119543
3.068070
3.207481
2.919369
3.145900
3.107440
3.118259
3.035382
3.012669
2.963230
2.777984
2.998797
3.042980
3.036235
2.997619
2.964331
2.959509
2.987919
3.010849
3.151281
3.035993
3.086947
3.055153
3.077698
3.022721
3.071667
3.085314
3.072059
3.183516
2.913270
2.847734
3.254487
3.248070
2.943750
3.098824
3.175140
2.973498
3.006439
3.169108
3.125570
3.080847
3.087594
3.113256
3.077894
3.087664
3.134289
2.981184
3.143444
2.966638
3.056931
3.245023
3.022525
3.142669
3.063098
3.025089
3.128221
3.049242
2.938674
3.112355
3.095508
3.246593
2.888263
3.088061
3.079290
3.216722
3.064722
2.951061
2.985079
3.157930
2.918931
3.060709
3.146423
3.110739
2.873734
3.148226
3.104599
3.160747
3.104741
3.137796
3.202626
2.939642
3.045439
2.961303
3.009017
2.970733
2.961272
3.116321
3.128595
3.225494
3.176298
2.949184
3.104290
2.890811
3.140739
3.036023
3.102600
3.077360
2.932164
3.126058
3.165649
3.114245
3.123936
3.105080
3.156697
3.185371
3.051983
2.938860
3.124512
3.228746
3.071481
3.025032
3.107207
3.127641
3.135661
3.034497
3.182283
2.977052
3.056924
3.045815
2.921795
2.969710
3.276674
3.035693
3.050435
3.268262
3.055895
2.986161
2.967727
3.120985
3.073508
2.839125
3.151707
2.958035
3.013966
2.997053
3.004777
2.912820
3.122538
3.140007
2.919964
3.026739
3.187544
3.280634
3.250594
3.030664
3.183387
2.801403
2.984557
2.900140
3.195921
3.121126
3.138818
3.300378
3.183326
3.019456
2.883586
2.969598
3.246634
2.879688
3.009104
3.049249
3.156969
3.154862
3.070615
3.007424
3.099272
3.067994
2.848825
3.101369
3.083515
3.124756
3.059360
3.057600
2.997971
2.991767
3.106908
3.154704
2.958409
3.095029
3.108000
3.180217
3.021591
3.145872
2.959962
2.855283
3.138286
3.010477
3.039505
3.125536
3.117715
3.123182
3.187068
3.035586
2.973934
3.180834
3.067474
3.067875
3.129053
3.020581
3.019993
3.085085
3.039192
3.028110
3.098665
3.088337
3.071022
3.160301
3.091777
2.841942
2.972901
2.948011
3.056787
2.961546
3.181630
3.003497
2.884855
2.973421
3.001442
2.890345
3.020755
3.060146
3.167954
2.992161
3.199317
3.073042
3.034140
3.233669
2.910110
2.997651
3.022932
3.081450
3.099292
3.011688
3.167107
3.040030
2.995439
3.167974
2.897595
2.939250
3.055318
3.099279
3.125279
3.125503
3.187796
3.129738
2.997897
3.276442
2.899444
3.117187
3.131572
3.038942
3.017822
3.073143
2.869457
3.002021
3.149918
3.231979
2.985390
3.146298
2.976054
3.058320
3.031852
3.054736
3.009621
3.229139
3.163543
2.897553
3.051428
3.065437
3.108412
3.132116
3.010360
3.161880
2.878985
3.055571
2.857672
3.090371
3.035442
3.115448
3.017459
2.866029
3.001685
3.123630
3.149188
3.047488
3.121630
3.153281
3.055015
3.035851
3.161098
3.006474
3.060026
3.025609
2.943598
3.149184
3.147469
3.036896
2.882540
3.136318
3.037273
3.078980
3.071844
3.112026
3.016746
3.062222
2.941359
3.088893
3.007647
3.072564
2.994698
3.161415
2.977202
3.048761
2.999889
3.059951
2.871141
3.028214
3.041959
2.954542
3.036718
2.838547
3.125550
3.151820
3.150603
3.090552
2.999252
2.964708
3.157979
3.089252
2.974058
2.868248
3.136668
3.140944
3.050165
3.128535
3.059774
3.075627
3.091276
3.120174
3.120900
3.032002
2.797062
3.051631
3.031111
3.036928
3.075270
3.110480
2.919126
2.926600
3.129482
2.956351
3.120630
2.960750
3.074707
3.013702
3.170055
3.075844
2.960739
3.088016
3.096804
3.073452
3.105599
3.031891
3.163290
2.911919
3.180752
3.152253
2.966407
2.971095
3.102254
3.126362
3.161654
2.929072
2.994093
3.118008
3.059950
2.987542
3.056518
2.973698
3.017506
3.003301
2.942797
3.194739
3.075919
3.067106
3.026984
3.026947
3.028000
3.016776
3.071436
3.087989
3.051421
3.012617
2.993132
3.112366
2.990151
2.987967
2.980646
3.034769
2.950595
2.958473
2.939822
3.103832
3.105328
3.074968
3.019309
3.082264
3.111583
2.949514
3.165373
3.130133
3.142744
3.176373
2.893907
3.030693
3.047889
3.030657
3.039263
3.073217
2.985342
3.006137
3.212751
2.904676
3.033663
3.001213
3.066396
3.224680
3.160517
3.120347
2.985091
3.024129
3.086827
3.027977
2.986181
3.089800
3.215370
2.956317
2.997504
3.066272
2.741810
3.109380
3.139083
2.944505
3.164307
3.039054
2.852778
3.022276
3.068589
3.058087
3.064258
3.024886
2.967424
3.070221
3.216145
3.034688
3.022817
3.012128
3.138647
2.964842
2.748299
3.054509
3.194171
3.072906
2.973758
2.926176
3.262252
2.967813
3.034774
3.125355
2.966078
3.201654
3.089958
2.840499
3.026095
2.967617
3.148327
2.956719
3.123548
3.246743
2.968453
2.991319
2.957987
3.049196
3.054970
3.156727
3.139402
2.883477
3.014414
3.014324
2.972976
3.115120
3.091892
3.002413
3.146443
3.108723
3.049715
3.094038
3.142682
3.091857
3.206628
3.114730
3.029199
3.056902
3.240266
2.975549
2.974579
2.955092
3.160409
3.062561
3.017316
2.902657
3.011950
3.128093
3.217398
2.998114
2.945410
2.996608
3.188054
3.079784
3.005613
3.059046
3.094518
3.086663
3.084346
3.137369
3.253937
2.969383
3.097570
3.046873
3.172606
2.999054
2.925057
3.006156
3.064472
2.966022
3.100026
3.126756
3.027294
2.951686
3.113593
3.167115
3.209140
3.248273
2.912494
3.194939
3.015222
3.096551
2.889633
3.009522
3.094722
3.087246
3.028067
3.005414
2.848886
2.996589
2.976526
3.006832
3.063880
3.045021
3.070873
3.087176
3.091153
3.077953
3.132385
3.102082
3.107046
2.931659
2.772096
3.200789
2.996908
3.180583
3.088739
2.964533
3.023845
2.873727
3.054804
3.068408
3.047625
3.046704
3.132042
3.249045
2.920680
2.934295
3.053121
3.112882
3.142672
3.065420
3.042737
3.096610
2.945276
3.116710
3.095420
3.062272
3.041794
3.020104
3.084451
3.048657
3.098518
2.993549
2.944194
3.153351
2.884234
3.030595
3.133405
3.192200
2.988185
3.146207
3.146647
2.984491
3.217644
2.898780
3.137679
3.031572
3.157265
3.042850
2.863746
3.205244
3.037213
3.038433
3.112240
3.153597
3.112123
2.913457
3.049321
3.060993
3.122599
2.943655
3.104073
2.926336
3.122933
3.009716
2.947279
3.124477
2.932272
3.101837
3.008240
2.809527
3.065682
3.005597
3.116632
3.114263
3.179457
3.017648
2.992318
2.918273
2.973362
3.047599
3.146719
3.221476
3.191272
2.879913
3.024454
3.307464
3.108921
3.292298
3.168940
2.976949
3.019813
3.134421
3.016304
3.028069
3.207876
3.128650
3.158281
3.077523
2.895105
3.107185
3.136291
3.022558
2.988613
3.055516
3.025169
3.052418
2.936838
3.024586
2.988935
2.980381
3.058871
3.001316
3.034474
3.068104
2.928013
3.122185
3.109912
2.964882
3.085710
3.210236
3.006046
2.958372
3.050660
2.995793
3.041094
3.084939
2.983908
2.997723
3.033191
2.956160
3.008525
3.157936
3.201089
3.101740
3.028972
3.076535
3.087484
3.009428
3.176971
3.153766
3.125791
3.076645
3.021677
2.990890
3.190689
2.871443
3.062564
3.063872
2.946512
2.956831
2.992726
2.858994
2.914774
2.904411
3.022177
3.120732
3.054111
3.116686
3.052674
3.042963
2.967267
2.992687
2.993189
3.106954
3.005483
2.924269
3.071233
3.013267
3.027349
3.106340
3.042645
2.982604
3.038562
2.813764
3.051647
3.204775
3.177604
3.168986
2.868101
3.169997
3.057490
2.953028
3.192591
3.170315
3.011090
2.898082
3.122681
2.993267
3.078079
3.038063
3.249624
3.106484
3.116773
2.981962
3.165485
2.929838
3.092861
2.978880
3.021824
3.020206
3.129074
3.070336
3.239114
3.113645
2.998510
3.130966
3.198543
3.119378
2.958985
3.083889
3.133289
3.094248
3.080473
3.086602
2.975489
3.105402
2.991874
3.059351
2.942811
2.942028
3.068264
3.063183
3.074664
3.043914
3.018040
3.147146
3.051681
3.152560
3.199297
3.136327
3.063517
2.965103
3.020828
2.935106
2.926113
3.046946
3.087234
2.973396
3.084588
3.062593
3.060996
2.970578
3.065257
3.061085
3.034902
3.019656
3.155722
2.920998
2.942093
3.109359
3.171468
2.932178
2.983242
3.124030
3.298616
2.812965
3.096463
2.926093
2.947506
3.065367
3.088294
3.005398
3.002991
3.041015
3.113822
2.968644
3.167016
3.043129
3.129393
2.983499
3.091524
3.063320
3.071445
3.058195
2.955362
3.083618
2.833603
3.128994
3.153037
3.121557
3.145011
3.094691
3.180258
2.913854
3.073066
3.169754
3.145622
3.245992
2.887096
2.914495
3.273267
3.020035
3.087123
3.178391
3.249029
3.036844
2.968507
2.814679
3.103867
3.050713
3.082717
3.276914
3.066383
3.054740
2.906279
3.106223
2.843173
2.988061
3.106437
3.075265
3.087577
3.089911
3.017904
3.031057
3.114372
3.094543
2.994392
3.093286
3.205240
3.106122
3.307638
3.057969
3.003771
3.082997
3.068439
2.984950
3.110843
3.215007
3.077561
3.169573
3.214456
3.124790
3.039104
3.170331
3.113673
3.084488
3.040860
3.155895
3.090287
3.106477
3.115676
2.936876
2.961693
3.051432
3.036502
3.054928
3.015967
3.093151
2.962211
3.077199
3.080882
3.229614
2.870892
3.218378
3.114973
2.942335
2.993270
2.978833
3.007839
3.040449
3.047084
3.071252
3.091740
3.004722
3.168997
3.154916
3.075801
3.229708
2.959153
3.164660
3.052670
3.031106
3.081088
2.927647
3.000266
3.325255
3.126489
2.925849
3.126168
3.229008
3.133436
3.038478
2.832418
3.006539
3.044857
3.004337
3.103464
3.098456
3.158268
3.030117
2.937218
3.008977
3.064072
3.173429
3.032118
3.052556
3.154471
2.945315
3.019168
3.051373
3.078672
3.059273
3.066486
3.068479
2.859782
3.013647
3.129345
2.996087
3.132790
3.122979
3.134153
3.143204
3.104001
2.819107
3.133933
3.145681
3.319147
3.089836
2.843786
3.143573
3.084828
2.987684
2.929154
3.174197
3.021668
2.836980
3.107471
2.952361
3.172489
3.090062
3.102969
3.046176
3.223172
2.937288
3.212456
3.110904
3.118209
3.314500
3.058184
3.046623
3.127933
3.093769
3.028372
3.134060
3.062110
2.995802
2.925191
3.096209
3.237783
3.107559
3.079448
2.952594
3.017262
3.119796
3.100106
3.152847
3.064718
3.007512
3.137602
3.052348
3.017942
3.260577
2.942299
3.146115
3.095560
3.205042
3.112383
3.054561
3.266137
3.102646
3.078502
3.084654
3.010080
3.065527
3.042166
3.170175
3.133701
3.063569
2.840196
3.090574
2.989468
3.132564
3.081424
3.056599
3.092583
3.054871
3.198945
3.150859
3.074286
3.113178
3.204178
3.089676
3.095813
2.920863
3.030084
3.041213
3.071316
3.291858
3.154489
3.129259
2.939921
3.187557
3.114390
2.967201
3.058006
3.079771
3.007175
3.228253
3.038984
2.885593
2.902038
3.140334
3.011032
2.958191
2.988091
3.106303
3.219119
3.067820
3.028635
2.963546
2.985366
2.875967
3.009966
3.023630
2.921605
3.171941
3.055505
2.987716
3.016947
2.912250
3.099522
3.009584
3.009264
3.150094
3.108725
3.158539
3.001687
2.952815
3.164546
2.961584
3.018034
3.159871
3.032430
2.997230
3.090242
2.931451
3.051352
2.954337
3.098254
2.859993
3.134963
2.882569
3.170040
3.115052
3.119038
3.027886
2.981699
3.079008
3.167582
3.088740
3.089440
3.032592
3.066598
3.172778
3.045317
3.019859
3.081049
3.016564
2.959016
3.119399
2.961086
3.035639
3.124989
3.011173
3.201840
3.177191
3.001712
3.044203
3.065824
3.057029
2.966992
3.095839
3.126979
3.086650
3.118770
3.041827
2.995345
3.060391
3.027562
3.176654
3.012782
3.057073
3.142265
3.068629
3.161705
2.976344
3.003957
3.205338
3.179575
3.043325
3.085548
3.101853
3.072946
3.204787
3.112605
3.220724
3.009145
2.854002
3.081118
2.935983
3.223369
3.023196
2.875674
2.987162
3.150012
3.045654
3.036963
3.070350
3.198672
3.128817
3.171529
3.088316
2.967472
3.093269
3.017931
2.920687
3.105878
3.014236
3.003947
3.159307
3.034600
2.971517
3.001559
3.010383
3.203785
3.063170
2.982543
3.065640
3.123578
