# Si-Si bond lengths (Angstrom)
# Total count: 10799
3.027438
3.198789
3.123047
3.099084
3.132495
3.136767
3.156227
3.187201
3.138514
3.074944
3.179299
3.153076
3.131543
3.119607
3.118126
3.120607
3.268387
3.092120
3.156209
3.106949
3.224294
3.060321
3.110316
3.111120
3.149540
2.974193
3.050880
3.092718
3.037846
3.155104
3.138131
3.132965
3.185930
3.202635
3.064099
3.102701
3.141747
3.045189
3.128699
3.043273
3.289583
3.140129
3.224907
3.070430
3.194796
3.053706
3.047425
3.144698
3.139490
3.130704
3.218107
3.027792
3.173615
3.190047
3.211178
3.126585
3.180830
3.146201
3.139262
3.179095
3.194874
3.107848
3.104926
3.102843
3.122792
3.177389
3.049494
3.151933
3.133723
2.973337
3.155772
3.152982
3.203112
3.043909
3.206553
3.153591
3.049587
3.125236
3.074172
3.133468
3.082090
3.209375
2.992458
3.097173
3.148675
3.112630
3.181005
3.080114
3.129098
3.202706
3.140602
3.257912
3.148876
3.201051
3.148867
3.099936
2.995970
3.172856
3.122178
3.067638
3.090514
3.096812
3.151470
3.177895
3.153016
3.140735
2.995188
3.108440
3.019221
3.200896
3.165372
3.087279
3.107293
3.168634
3.163893
3.113473
3.011617
3.035210
3.088662
3.198813
2.990193
3.107070
3.136659
3.033472
3.174896
3.204197
3.080254
3.117443
3.114736
3.224550
3.156944
3.133461
3.055783
3.116949
3.057115
3.143176
3.171687
3.122718
3.086358
3.219678
3.182071
3.075353
3.118169
3.114252
3.005105
3.172404
3.081755
3.215195
3.121266
3.091316
3.110681
3.100466
3.200742
3.157550
3.163719
3.218288
2.964264
3.125547
3.174939
3.070181
3.170285
3.109687
3.161497
3.169837
3.235066
3.094705
3.070172
3.137235
3.020972
3.081368
3.046688
3.158840
3.217800
3.168851
3.102913
3.152849
3.105667
3.079609
3.224558
3.122882
3.098210
3.094295
3.066513
3.147561
3.194832
3.227435
3.128485
3.083828
3.192997
3.221461
3.088052
3.174667
3.058683
3.049602
3.083334
3.199896
3.081110
3.055556
3.194732
3.133797
3.182381
3.171346
3.079244
3.055975
3.110091
3.177174
3.048351
3.082306
3.134191
3.109949
3.268342
3.128990
3.189103
3.134526
3.112139
3.044338
3.117579
3.101445
3.067816
3.112909
3.107124
3.129969
3.106202
3.151664
3.142645
3.114003
3.204597
3.059014
3.213801
3.239802
3.089751
3.163853
3.182098
3.153348
3.065723
3.205987
3.124532
3.010308
3.185817
3.123589
3.190217
3.223956
3.056427
3.181833
3.167522
3.172402
3.164163
3.070152
3.161689
3.105691
3.171943
3.246459
3.052669
3.054006
2.994577
3.118802
3.136026
2.981242
3.107436
3.074757
3.056020
3.114797
3.079725
3.114101
3.155763
3.173659
2.900766
3.000602
3.119138
3.061346
3.125846
2.983712
3.057046
3.223561
3.191809
3.053903
3.038517
3.122026
3.070504
3.186215
3.088304
3.084125
3.108271
3.252023
3.197871
3.066950
3.084148
3.145531
3.124580
3.281337
3.087066
3.001530
3.136266
3.098699
3.181769
3.080108
3.056467
3.130284
3.078577
3.117449
3.097551
3.083775
3.138662
3.100006
3.207772
3.187090
3.122268
3.110062
3.110195
2.983064
3.117561
3.079002
3.140367
3.129645
3.199207
3.091599
3.109950
3.109947
3.171401
3.122158
3.081870
3.103538
3.190709
3.239909
3.218289
3.243366
3.163721
3.130491
3.178110
3.098526
3.124971
3.055755
3.238525
3.160627
3.060224
3.093358
3.227008
3.162478
3.065494
3.183620
3.143834
3.055057
3.143047
3.175414
3.092791
3.169861
3.052264
3.204745
3.037375
3.107219
3.141119
3.131018
3.153280
3.073454
3.103793
3.096924
3.058866
3.178186
3.199307
3.098120
3.096704
3.096045
3.068698
3.132956
3.027434
3.193697
3.134369
3.098764
3.271808
3.177192
3.135708
3.195365
3.078981
3.131071
3.185807
3.184887
3.107231
3.254356
3.178878
3.063503
3.119388
3.092460
3.032786
3.091679
3.038782
3.160805
3.128361
2.980113
3.167868
3.262728
3.197100
3.148309
3.115200
3.134362
3.106052
3.106709
3.077817
3.125765
3.180906
3.109532
3.128837
3.146585
3.130945
3.133010
3.112022
3.159282
3.102610
3.191650
3.178989
3.154582
3.179097
3.212268
3.086703
3.031906
3.048786
3.113222
3.065144
3.178167
3.117347
3.222893
3.175894
3.240569
3.116146
3.154447
3.088287
3.078907
3.109481
3.125256
3.077883
3.071904
3.174178
3.106893
3.158953
3.114927
3.086082
3.210046
3.070497
3.230917
3.146586
3.016935
3.051133
3.102696
3.240778
3.118042
3.155355
3.215107
3.197520
3.158008
3.141595
3.092779
3.018016
3.154091
3.046240
3.138302
3.064351
3.037880
3.099401
3.086873
3.095055
3.213700
3.096233
3.011102
3.137307
3.074468
3.104237
3.051732
3.141004
3.066483
3.119088
3.147497
3.109098
3.147057
3.115402
3.195884
3.071352
3.046527
3.220539
3.123876
3.159308
3.166033
3.081814
3.100275
3.127167
3.140353
3.118716
3.071341
3.100146
3.054315
3.208536
3.201684
3.184165
2.965689
3.108218
3.150553
3.158940
3.094685
3.231198
3.138033
3.123312
3.162802
3.080925
3.091642
3.177478
3.235686
3.089051
3.124251
3.061945
3.290829
3.167809
3.161897
3.037838
3.130750
3.096738
3.187761
3.123829
3.096535
3.044411
3.111682
3.233183
3.124649
3.170380
3.166196
3.040954
3.076064
3.175007
3.181999
3.082371
3.194987
3.148578
3.245485
3.100961
3.124076
3.146428
3.044262
3.084184
3.066852
3.059639
3.108998
3.182615
3.153619
3.021759
3.075739
3.191458
3.044524
3.127647
3.143603
3.116832
3.086456
3.166549
3.062056
3.060397
3.230641
3.128519
3.155517
3.035089
3.247980
3.165400
3.188827
3.092815
3.049261
3.050399
3.151651
3.134428
3.105065
3.181238
3.154189
3.163724
3.051115
3.134260
3.143506
3.076431
3.076785
3.114503
3.138024
3.043525
3.164056
3.210807
3.138125
3.096526
3.091496
3.128182
3.077189
3.138427
3.180504
3.116077
3.101918
3.081220
3.157535
3.166646
3.155568
3.023995
3.170437
3.152244
3.075762
3.032565
3.166954
3.090500
3.132376
3.158872
3.130009
3.198528
3.147524
3.103794
3.130495
3.060876
3.182826
3.179623
3.124696
3.138418
3.100836
3.240009
3.119286
3.122063
3.109192
3.140482
3.077438
3.197233
3.123391
3.177377
3.122130
3.090183
3.176835
3.027730
3.061265
3.116376
3.154987
3.176969
3.096724
3.109123
3.175524
3.134395
3.123016
3.056255
3.075966
3.166154
3.152730
3.200094
3.047667
3.199099
3.130495
3.152260
3.177994
3.101625
3.198586
3.189641
3.091855
3.145949
3.134986
3.070428
3.184124
3.162295
3.250544
3.025007
3.052286
3.214517
3.097560
3.177847
3.055046
3.153566
3.065670
2.988281
2.986859
3.027796
3.128811
3.165092
3.180052
3.052208
3.094525
3.041653
3.140362
3.169878
3.164517
3.044957
3.141992
3.155731
3.112538
3.145165
3.175987
3.119390
3.134319
3.234634
3.169510
3.055310
3.190375
3.040099
3.087371
3.043893
3.105199
3.050415
3.220041
3.243496
3.046881
3.092712
3.161169
3.138987
3.143791
3.071279
3.183296
3.196007
3.197040
3.051361
3.113980
3.079434
3.117444
3.137117
3.113548
3.168715
3.199229
3.195849
3.236964
3.109122
3.204971
3.156916
3.115130
3.185093
3.122381
3.103183
3.149934
3.137908
3.070325
3.077087
3.062399
2.997253
3.123673
3.233671
3.181233
3.137682
3.100914
3.030775
3.085336
3.120960
3.157602
3.055541
3.109121
3.152746
3.076360
3.083236
3.216453
3.222984
3.141819
3.109109
3.074365
3.003673
3.120367
3.170051
3.135831
3.118457
3.114428
3.150597
3.149986
3.056995
3.236070
3.162447
3.070719
3.193413
3.016273
3.111378
3.102345
3.142026
3.079910
3.093538
3.193429
3.063947
3.139918
3.187917
3.129621
3.020691
3.109174
3.122299
3.243652
3.101401
3.087485
3.145259
3.057714
3.039199
3.086088
3.068597
3.070371
3.264594
3.122125
3.008994
3.197535
3.238012
3.178402
3.186200
3.204126
3.197064
3.073319
3.147567
3.107624
3.113319
3.127299
2.980962
3.131670
3.104068
3.051066
3.231782
3.119557
3.122949
3.098803
3.094492
3.056661
3.045241
2.976352
3.231299
3.165771
3.134223
3.177422
3.193747
3.264460
3.110201
3.107477
3.190657
3.191030
3.066093
3.134659
3.148210
3.199631
3.184579
3.140977
3.138954
3.096445
2.963790
3.086820
3.221085
3.143278
3.180265
3.119546
3.102340
3.087447
3.128098
3.117168
3.163873
3.115467
3.134752
3.231859
3.046907
3.137066
3.135154
3.175612
3.061181
3.179791
3.136618
3.130266
3.166167
3.156501
3.117141
3.205573
2.996860
3.116985
3.038225
3.047796
3.141915
3.028765
2.945595
3.137797
3.187368
3.204671
3.109467
3.105930
3.100320
3.050983
3.175365
3.203360
2.981350
3.173701
3.045347
3.128807
3.053738
2.971214
3.129011
3.208233
3.134139
3.146339
3.058045
3.216319
3.226692
3.177485
3.226864
3.132454
3.112854
3.249647
3.022782
3.029256
3.214327
3.209427
3.089823
3.143159
3.070960
3.157262
3.049428
3.156126
3.155041
3.193227
3.116427
3.099525
3.126200
3.152219
3.139413
3.112389
3.194850
3.197416
3.074134
3.114486
3.038048
3.141051
3.139882
3.216646
3.136693
2.968750
3.183713
3.084623
3.143979
3.147977
3.161334
3.058265
3.185581
3.138503
3.157092
3.077876
3.153499
3.110839
3.080015
3.110933
3.177302
3.059795
3.071200
3.067413
3.058599
3.119851
3.183366
3.110189
3.149996
3.100330
3.057813
3.221898
3.092295
3.177725
3.124671
3.093578
3.145174
3.166306
3.109613
3.114079
3.089891
3.234084
3.099566
3.117885
3.052758
3.140218
3.120211
2.992591
3.138474
3.172290
3.176239
3.028569
3.098924
2.997760
3.124508
3.137789
3.097925
3.076052
3.179088
3.191917
3.184489
3.163570
3.129420
3.133499
3.096970
3.126941
3.134863
3.208229
3.112762
3.114679
3.105524
3.100282
3.102199
3.141542
3.109579
3.126593
3.197562
3.155353
3.255402
3.132314
3.150855
3.102359
3.196624
3.095927
3.127881
3.106933
3.079061
3.143880
3.163256
3.215674
3.039073
3.077995
3.015600
3.226619
3.159065
3.000204
3.254062
3.227145
3.133257
3.051960
3.183040
3.211360
3.059518
3.158412
3.139596
3.115193
3.058036
3.151705
3.112167
3.116000
3.254663
3.122578
3.090128
3.232357
3.116150
3.060447
3.183265
3.114236
3.100214
3.159460
3.066929
3.123923
3.086140
3.137147
3.131328
3.113366
3.093853
3.063041
3.083999
3.050845
3.139476
3.137522
3.114134
3.149044
3.080695
3.133651
3.100234
3.141348
3.111917
3.279920
3.080138
3.037897
3.129800
3.133371
3.059715
3.064851
3.043541
3.134648
3.073521
3.163246
3.188105
3.107520
3.197238
3.172985
3.066581
3.136951
3.033465
3.053459
3.066059
3.249434
3.125252
3.123053
3.177362
3.146507
3.035268
3.182457
3.168064
3.089419
3.162325
3.083875
3.139345
2.998602
3.146466
3.153032
3.170303
3.039576
3.126828
3.257171
3.108823
3.178825
3.065455
3.149116
3.137959
3.162699
3.035313
3.285870
3.119526
2.976339
3.110260
3.073416
3.181675
3.180263
3.175849
3.109186
3.092566
3.237603
3.086380
3.085192
3.218447
3.020601
3.079167
3.078271
3.157592
3.186741
3.129940
3.190991
3.119685
3.117203
3.103539
2.972242
3.174374
3.106997
3.105964
3.129905
3.166124
3.094963
3.095093
3.133483
3.146376
3.100090
3.127134
3.080666
3.051064
3.207478
3.160377
3.041437
2.987223
3.174950
3.010671
3.111443
3.195959
3.162721
3.072279
3.266033
3.025896
3.211375
2.997743
3.139422
3.164095
3.133022
3.191212
3.094075
3.185258
3.013842
3.170775
3.101651
3.213799
3.135325
3.137229
3.283049
3.136387
3.188015
3.058362
3.158383
2.997280
3.093559
3.140542
3.150896
3.062483
3.149483
3.123682
3.165639
3.039048
3.083698
3.168053
3.175414
3.157273
3.138130
3.171519
3.029043
3.045973
3.289443
3.084224
3.080048
3.157961
3.116029
3.082121
3.170362
3.015275
3.184911
3.094992
3.217754
3.121256
3.173832
3.216492
3.176744
3.129083
3.223696
3.086869
3.063684
3.123689
3.052892
3.147920
3.057425
3.101349
3.123043
3.281188
3.017619
3.164477
3.172791
3.186764
3.102432
3.018327
3.106496
3.184354
3.085136
3.099328
3.092269
3.149042
3.124847
3.151194
3.149287
3.094581
3.142514
3.058751
2.996989
3.161440
3.102005
3.174226
3.049313
3.163653
3.283094
3.148871
3.222403
3.084694
3.180662
3.119503
2.979086
2.993664
3.068132
3.232044
3.220815
3.097771
3.119443
3.191011
3.003560
3.074397
3.059989
3.130014
3.192553
3.202678
3.069840
3.057395
3.149825
3.110669
3.227016
3.127858
3.123360
3.072627
3.082085
3.149917
3.116805
3.084593
3.070356
3.019803
3.117988
3.103170
3.006538
3.125589
3.156250
3.155333
3.050847
3.154292
3.014556
3.224867
3.162769
2.986188
3.127860
3.115514
3.020894
3.045990
3.091827
3.195631
3.218554
3.049245
3.163158
3.222140
3.261119
3.059509
3.183929
3.139982
3.036665
3.182343
3.118041
3.197224
3.098370
3.184918
3.134296
3.173821
3.300681
3.131176
3.081726
3.222459
3.138793
3.208348
3.105780
3.325870
3.148372
3.200603
3.089933
3.082231
3.134738
3.088217
3.034325
3.150068
3.061695
3.205323
3.152342
3.270440
3.089019
3.031416
3.123105
3.111740
3.050480
3.135442
3.160900
3.136246
3.190069
3.112896
3.047195
3.075488
3.042230
3.145107
3.043473
3.065531
3.274177
3.168367
3.094608
3.182164
3.074803
3.108034
3.149766
3.097783
3.130112
3.107102
3.193715
3.142552
3.160722
3.110747
3.182196
3.140468
3.094538
3.201759
3.182280
3.086367
3.139873
3.041328
3.193637
3.126329
3.051366
3.208809
3.155279
3.149937
3.080792
3.041709
3.098749
3.112996
3.196198
2.949624
3.171824
3.048830
3.092945
3.147844
3.077595
3.073433
3.156401
3.092330
3.180798
3.030683
3.049676
3.111911
3.111835
3.158160
3.164672
3.077795
3.057341
3.079464
3.147215
3.189876
3.203011
3.086440
3.203259
2.949272
3.040782
3.127971
3.125444
3.246555
3.119193
3.257773
3.040059
3.161190
3.092781
3.161516
3.076752
3.131527
3.075385
2.968858
3.119328
3.058995
3.123979
3.170183
3.060574
3.139565
3.112039
3.196046
3.055064
3.084415
3.152700
2.923901
3.079298
3.085232
3.204786
3.015611
3.071829
3.195288
3.172302
2.967185
3.201989
3.271343
3.041305
3.108135
3.183313
3.100094
3.212298
3.174515
3.152105
3.132143
3.188042
3.072414
3.234547
3.063420
3.203017
3.161813
3.150169
3.064373
3.120361
3.090506
3.101411
3.116232
3.165070
3.149674
3.139834
3.065536
3.234113
3.159032
3.129720
3.192622
3.180094
3.149224
3.054723
3.092229
3.161751
3.179611
3.197554
3.159494
3.194772
3.187107
3.127057
3.034288
3.164199
3.180549
3.225620
3.077526
3.237506
3.086795
3.146687
3.164515
3.057023
3.086921
3.165131
3.204365
3.070853
3.090051
3.182530
3.163994
3.170419
3.080148
3.161309
3.062711
3.013150
3.158092
3.120088
3.247158
3.163566
3.032966
3.102619
3.136738
3.090869
3.223754
2.937400
3.037477
3.015242
3.217678
3.110350
3.132078
3.072737
3.059604
3.259763
3.123127
3.100111
3.080983
3.074685
3.080335
3.215398
3.151893
3.089897
3.171156
3.177338
3.151434
3.044954
3.064383
3.083271
3.000567
3.233411
3.128938
3.193103
3.137729
3.084065
3.148564
3.216747
3.045596
3.179589
3.076179
3.043526
2.997728
3.211356
3.103898
2.984860
3.166991
3.123430
3.084448
3.137460
2.984389
3.121377
3.280325
3.163268
3.162674
3.077305
3.042729
3.121438
3.171003
3.038599
3.213506
3.032630
3.219200
3.059429
3.182102
3.078599
3.122519
3.016559
3.034077
3.140933
3.147897
3.189246
3.149961
3.100429
2.909818
3.015929
3.105774
3.099608
3.224758
3.123220
3.137934
3.071768
3.242352
3.162016
3.078878
3.118968
3.108139
3.139687
3.149233
3.078682
3.097339
3.085292
3.263966
3.207400
3.055217
3.204517
3.230009
3.195060
3.090881
3.072599
3.211847
3.056484
3.099983
3.092704
3.197908
3.166717
3.225410
3.013558
3.098979
3.112088
3.200552
3.095567
3.139642
3.012998
3.159208
2.991179
3.139875
3.066731
3.226719
3.143725
3.106232
3.023688
3.154294
3.105256
3.155027
3.228273
3.196765
3.102067
3.020899
3.159715
3.135002
3.122885
3.189241
3.122853
3.094482
3.173667
3.120617
3.059176
3.152690
3.091284
3.143594
3.226966
3.136320
3.153684
3.143053
3.224163
3.113128
3.160295
3.130977
3.065238
3.118116
3.102320
3.105599
3.131820
3.173302
3.068696
3.225932
3.098943
3.023363
3.148928
3.079778
3.126768
3.094821
3.072094
3.183714
3.093091
3.204636
2.973984
3.199373
3.115760
3.135847
3.210866
3.190457
2.974645
3.137126
3.034061
3.236154
3.090283
3.023472
3.130556
3.058661
3.130048
3.099337
3.078041
3.119793
3.189190
3.047874
3.004623
3.070381
3.136958
3.130863
3.120833
3.113319
3.221243
3.185586
3.119022
3.078412
3.137381
3.149356
3.123406
3.033752
3.156772
3.107719
3.135584
3.144198
3.249113
3.116130
3.068138
3.169360
3.124156
3.127270
3.167120
3.239504
3.161249
3.129462
3.210278
3.183042
3.065601
3.130266
3.179916
3.123958
3.179828
3.071746
3.169275
3.191882
3.135264
3.155700
3.136404
3.087842
3.136535
3.110155
3.098394
3.116304
3.087903
3.121183
3.033108
3.150071
3.119211
3.127153
3.190477
3.135274
3.192500
3.082953
3.116037
3.217206
3.130647
3.052818
3.259097
3.142631
3.129090
3.141977
3.177833
3.152735
3.218133
3.053846
3.200453
3.090935
3.195965
2.998185
3.171890
3.153173
3.190015
3.173821
3.218790
3.031869
3.076205
3.110541
3.112030
3.160467
3.164907
3.213470
3.031859
3.238669
3.128970
3.087167
2.996506
3.158632
3.102902
3.195750
2.951260
3.022503
3.334251
3.088424
3.143918
3.109035
3.046810
3.020052
3.168838
2.995976
2.903442
3.230238
3.276271
3.212522
3.166153
3.242439
3.099816
3.101471
3.094054
3.036954
3.271527
3.120228
3.007140
3.092359
3.128639
3.103122
3.247427
3.129632
3.144840
3.114102
3.105692
3.035170
3.137279
3.214962
3.123943
3.147068
3.093850
3.111445
3.100377
3.158307
3.137976
3.119422
3.093637
3.072013
3.161910
3.214512
3.240111
3.045796
3.150497
3.201524
3.069935
3.079444
3.075071
3.125219
3.098253
3.043727
3.196787
3.140706
3.162593
3.160341
3.111402
3.132095
3.122393
3.154196
3.048800
3.087199
3.119608
3.119921
3.138355
3.151840
3.144788
3.115000
3.101451
3.070178
3.102016
3.041320
3.005308
3.105125
3.122939
3.094284
3.168517
3.171511
3.148181
3.242690
3.107790
3.068816
3.244911
3.154878
3.054884
3.186614
3.067832
3.106932
3.060285
3.072175
3.127751
3.086362
3.070581
3.125773
3.178501
3.131060
3.085219
3.129118
3.129472
3.093710
3.198150
3.070039
3.247856
3.083151
3.150790
3.038532
3.089954
3.103671
3.164117
3.079010
3.149620
3.098613
3.167357
3.172494
3.091172
3.147687
3.007748
3.173373
3.119369
3.167493
3.076542
3.133128
3.029170
3.217631
3.091490
3.220931
3.029239
3.154799
3.080051
3.137016
3.169460
3.132010
3.215192
3.070815
3.102994
3.221571
3.166294
3.092046
3.281535
3.155113
3.120790
3.223801
3.065919
2.999439
3.135614
3.021009
3.122625
3.070621
3.145562
3.158554
3.191137
3.094797
3.152233
2.979487
3.111971
3.220152
3.112417
3.112870
3.157866
3.111468
3.158172
3.029961
3.049833
3.127311
2.944903
3.092921
3.164234
3.234061
3.230194
3.077879
3.141725
3.074386
3.141619
3.192535
3.149709
3.151316
3.264987
3.096851
3.122151
3.077436
3.122556
3.090170
3.186126
3.097337
3.122983
3.103308
3.163638
3.105758
3.195214
3.057515
3.064016
3.195455
3.175021
3.093964
3.126121
3.096708
3.021009
3.083364
3.001621
3.028725
3.171112
3.174765
3.182012
3.054907
2.998749
3.186092
3.184580
3.108255
3.065041
3.085376
3.146899
3.057613
3.061516
3.213247
3.153616
3.127932
3.174812
3.182449
3.080998
3.154890
3.072907
3.160152
3.257040
3.180828
3.116041
3.120489
3.044321
3.024348
3.134226
3.152767
3.105258
3.140677
3.199126
3.175426
3.089030
3.153580
3.218261
3.106245
3.028250
3.027615
3.152763
3.148711
3.203930
3.074404
3.087470
3.078251
3.070539
3.055251
3.132030
3.102885
3.177894
3.167585
3.212943
3.197071
3.136729
3.008896
3.072161
3.095017
3.082008
3.221261
3.000417
3.199964
3.092671
3.042604
3.205058
3.134527
3.221507
3.107631
3.097144
3.100464
3.177341
3.038003
3.199553
3.143157
3.190171
3.168179
3.116226
3.077632
3.120711
3.226858
3.222529
3.037094
3.117967
3.103104
3.121848
3.071464
3.093731
3.086347
3.183967
3.004717
3.101670
3.194763
3.165641
3.143774
3.156122
3.061362
3.087683
3.199423
3.015164
3.156441
3.129145
2.978814
3.173539
3.091903
3.075160
3.125660
3.039613
3.115021
3.120814
3.176539
3.036144
3.156659
3.153791
3.092924
3.110547
3.180153
3.061866
3.239631
3.125130
3.147427
3.069021
3.215355
3.244968
3.159092
3.165994
3.003094
3.178359
3.160532
3.116918
3.054288
3.138964
3.184507
3.152307
3.179964
3.127148
3.172299
3.113774
3.196554
3.040983
3.068174
3.124845
3.076534
3.211884
3.145672
3.164848
3.145669
3.101248
2.999009
3.020658
3.120650
3.092092
3.270695
3.048583
3.126669
2.917956
2.968460
3.031881
3.073700
3.219814
3.113082
3.119157
3.151683
3.267929
3.022453
3.192048
3.149675
3.214630
3.203281
3.089972
3.118164
3.229719
3.163821
3.130777
3.109702
3.177394
3.125786
3.128344
3.082648
3.147028
3.070678
3.082383
3.088814
3.171484
3.135661
3.075881
3.185944
3.183028
3.135715
3.102846
3.124936
3.290676
3.247635
3.142557
3.105708
3.164051
3.123650
3.140957
3.004251
3.083290
3.151666
3.059319
3.149498
3.159386
3.183228
3.085806
3.077962
3.094429
3.195057
3.102698
3.165435
3.129178
3.260053
3.092774
3.010433
3.058443
3.132245
3.161237
3.149160
3.041900
3.102459
3.099836
3.187976
3.002678
3.073773
3.148727
3.081971
3.054766
3.165236
3.288894
3.196247
3.205239
3.072576
3.016938
3.160754
3.109583
3.145204
3.052857
3.142869
3.256198
3.196336
2.995275
3.151831
3.001331
3.118220
3.026155
2.992742
3.184305
3.170142
3.085067
3.076873
3.231832
3.059038
3.164101
3.079607
3.142019
3.117676
3.159059
3.050448
3.107813
3.037775
3.186268
3.038924
3.116149
3.143938
3.213901
3.161185
3.225700
3.150775
3.185597
3.184910
3.173117
3.138285
3.218786
3.107427
3.089139
3.013240
3.062060
3.097113
3.056388
3.127886
3.073151
3.220901
3.066797
3.125565
2.962821
3.074886
3.103964
3.124781
3.169919
3.142250
3.081881
3.128284
3.143456
3.110574
3.257596
3.145551
2.981329
3.123479
3.055427
3.142201
3.057314
3.091771
3.191970
3.173607
3.180068
3.137168
3.176178
3.087768
3.175070
3.217848
3.104889
3.026767
3.236966
3.074602
3.246304
3.141848
3.140370
3.119823
3.158199
3.058375
3.179853
3.055433
3.157174
3.104716
3.123529
3.214685
3.116331
3.043841
3.017796
3.141207
3.173190
3.109621
3.022589
3.163430
3.168344
3.121656
3.104800
3.099912
3.183795
3.118300
3.121207
3.080905
3.163695
3.193247
3.150833
3.096775
3.127653
3.288590
3.115958
3.040100
3.200849
3.213386
3.112307
3.118928
3.076396
3.127539
3.151524
3.119478
3.108637
3.089371
3.114440
3.100562
3.182717
3.124432
3.109061
3.124369
3.210626
2.941906
3.124674
3.252086
2.996727
3.209376
3.099174
3.036619
3.133645
3.102097
3.114590
3.117002
3.081388
3.251339
3.054219
3.165765
3.098281
3.166798
3.027090
3.262499
3.130990
3.133225
3.069571
3.132946
3.111287
3.199200
3.147780
3.135557
3.133860
3.226735
3.088900
3.070622
3.083436
3.197733
3.129020
3.169890
3.074333
3.068408
3.118199
3.116845
3.127669
3.164060
3.103810
3.085849
3.107932
3.158742
3.183444
3.054637
3.130895
3.103745
3.100681
3.225520
3.097536
3.168649
3.152864
3.107506
3.152940
3.156316
3.062761
3.119406
3.021037
3.140151
3.098435
3.067282
3.180502
3.116617
3.115163
3.137932
3.078152
3.160035
3.170151
3.092196
3.160932
3.092994
3.289052
3.071599
3.206400
3.184344
3.161897
3.125647
3.022467
3.064970
3.138950
3.169397
3.124473
3.046184
2.995470
3.184811
3.158675
3.008105
3.089016
3.025127
3.169937
3.236611
3.048537
3.156639
3.185163
3.077548
3.120092
3.191439
3.050623
3.072129
3.219556
2.977250
3.130506
3.063121
3.250683
3.116650
3.117181
3.047300
3.039567
3.080644
3.147435
3.227377
3.059648
3.058821
3.138626
3.278266
3.162769
3.083114
3.093413
3.156907
3.076824
3.074416
3.065186
3.050794
3.139582
3.156878
3.044445
3.095959
3.151911
3.207065
3.157641
3.124899
3.179236
3.110491
3.200143
3.163810
3.157263
3.176018
3.090011
3.148819
3.036139
3.067930
3.119422
3.092320
3.215695
3.115737
3.208874
3.157298
3.183147
3.101834
3.154299
2.991389
3.082354
3.241661
3.104929
3.133051
3.109175
3.103099
3.129424
3.053742
3.070049
3.218004
3.089071
3.191218
2.992270
3.153824
3.234910
3.129002
3.211318
3.282752
3.204206
3.048845
2.989710
3.140251
3.120668
3.234775
3.227591
3.209556
3.154528
3.145038
3.130092
3.102733
3.125791
3.168704
3.157244
3.118756
3.050875
3.098549
2.893734
3.108744
3.086546
3.111302
3.119903
3.084212
3.137642
3.139916
3.244886
3.097023
3.125321
3.096151
3.016473
3.158533
3.086731
3.076242
3.021014
3.243064
3.137729
3.082375
3.131791
3.065309
3.061231
3.093763
3.176984
3.218781
3.030839
3.113293
3.157279
3.141196
3.118977
3.160689
3.142580
3.293679
3.175788
3.165450
3.127790
3.110515
3.102096
3.079392
3.121125
3.161427
3.161891
3.122249
3.142714
3.014736
2.999033
3.114628
3.108538
3.149312
3.004244
3.148828
3.184994
3.132616
3.232038
3.160915
3.173499
3.142429
3.217015
3.179022
3.173774
2.993219
3.139509
3.125393
3.154710
3.059986
3.138233
3.146990
3.100207
3.157844
3.164981
3.107408
3.241787
3.213177
3.098785
3.078874
3.197053
3.161463
3.144989
3.017083
3.196324
3.064829
3.088485
3.028671
3.284183
3.214580
3.006057
3.198578
3.196291
3.008942
3.139141
3.087850
3.030667
3.294292
3.075365
3.186604
3.069801
3.124048
3.126662
2.994124
3.141330
3.176046
3.180332
3.172252
3.159954
2.978013
3.101674
3.231975
3.145459
3.115612
3.007192
3.068805
3.200357
3.053586
3.060011
3.080786
3.173251
3.279317
2.905200
3.242248
3.065865
3.166740
3.177131
3.066394
3.136604
3.136068
3.117363
3.067085
3.130783
3.143199
3.043580
3.201699
3.155834
3.117183
3.145927
3.080800
3.189511
3.213452
3.177673
3.109701
3.059153
3.221758
3.070387
3.101122
2.979501
3.197263
2.906621
3.138898
3.194732
3.136022
3.230361
3.150668
3.158253
3.238195
3.126294
3.055610
3.119912
3.097431
3.106412
3.039806
3.149185
3.223502
3.192112
3.186168
2.990295
2.982325
3.195516
3.056620
3.129375
3.161537
3.057763
3.065282
3.108188
3.175348
3.015753
3.096897
3.124612
3.038451
3.114091
3.133744
3.192878
3.162736
3.048230
3.081128
3.187219
3.083373
3.128965
3.259686
3.159818
3.149281
3.200423
3.138473
3.202362
3.206205
3.155969
3.203388
3.140677
3.089657
3.141378
3.225048
3.232829
2.999935
3.118596
3.162107
3.111227
3.132571
3.073179
3.230667
3.144162
3.023865
3.101647
3.115830
3.188184
3.074418
3.054576
3.151585
3.122938
3.140875
3.107477
2.927408
3.125363
3.126276
3.191871
3.035290
3.071200
3.141589
3.120974
3.198134
3.159516
3.033236
3.160376
3.215866
2.985816
3.062936
3.153657
3.139680
3.047049
3.129505
3.181807
3.183218
3.182420
3.083886
3.072367
3.014725
3.112050
3.116438
3.187036
3.182350
3.153632
3.071093
2.991255
3.086261
3.136666
3.034410
3.088124
3.144809
3.159666
3.210748
3.191304
3.223742
3.157847
3.223876
3.079861
3.074224
3.027420
3.065678
3.049044
3.144744
3.055897
3.265262
3.181576
2.965083
3.135549
3.069032
3.057037
3.178268
3.145206
3.113730
3.042515
3.109730
3.080581
3.191602
3.139584
3.140126
3.117251
3.151590
3.119350
3.150809
3.108882
3.132821
3.098371
3.140968
3.281251
3.063449
3.133868
3.067238
3.268144
3.121840
3.140788
3.037201
3.143393
3.048106
3.217541
3.074729
3.216651
3.129245
3.082398
3.054103
3.226038
3.087783
3.122643
3.008694
3.062359
3.274131
3.028520
3.073366
3.108907
2.968217
3.239934
3.043331
3.180959
3.141954
3.176610
3.013631
3.010405
3.198361
3.246161
3.065205
3.215300
3.115211
3.044873
3.168934
3.232219
3.168528
3.074228
3.136749
3.093198
3.214478
3.149143
3.043537
3.073786
3.180807
3.151389
3.153315
3.098440
3.172774
3.146648
3.122661
3.140603
3.113893
3.127355
3.007755
2.997751
3.100463
3.203347
3.193754
3.185235
3.108903
3.033333
3.184459
3.104070
3.194077
3.078205
3.190377
3.000871
3.106479
3.088460
3.067813
3.184669
3.015138
3.305642
3.178187
3.052131
3.172564
3.064793
3.108626
3.128295
3.283567
3.124407
3.097066
3.042721
3.012237
3.162025
3.180956
3.071696
3.096692
3.222274
3.292956
3.010280
3.084044
3.171568
3.072675
3.249722
3.110251
3.075766
3.140471
3.013958
3.110315
3.134201
3.150578
3.110386
3.204305
3.096323
3.072259
3.144021
3.162543
3.106241
3.243844
3.082092
3.124390
3.146945
3.094561
2.979874
3.073141
3.117090
3.040544
3.168623
3.035560
2.997458
3.100843
3.126189
3.057274
3.107978
3.125530
3.117792
3.078438
3.162699
3.088543
3.053067
3.186377
3.222651
3.162593
3.139968
3.112118
3.064711
3.256306
3.152331
3.009700
3.189029
3.150682
3.156505
3.167453
3.033768
3.023804
3.104253
3.146270
3.062625
3.116588
3.166793
3.041926
3.232399
3.155596
3.258685
3.118146
3.089996
3.203240
3.005390
3.115235
3.119392
3.266105
3.083724
3.117443
3.111909
3.196468
3.102787
3.239794
3.204713
3.084348
3.080255
3.177419
3.175287
3.119145
3.113204
2.979828
3.115036
3.180141
3.168407
3.184299
3.153348
3.080689
3.056254
3.037213
3.039874
3.153925
3.193928
3.169100
3.131958
2.993479
3.221506
3.195407
3.087754
2.963533
3.217030
3.107853
3.204467
3.058130
3.159249
3.153819
3.141709
3.045504
3.217974
3.137318
3.043434
3.094331
3.154280
3.197676
3.159418
3.170217
3.145337
3.155561
3.045279
3.092429
3.134969
3.166068
3.044926
3.116821
3.249549
3.059202
3.088730
3.193014
3.166937
3.137603
3.038394
3.144649
3.157431
3.200680
3.167358
3.073508
3.138709
3.140581
3.278261
3.042106
3.161443
3.142972
3.166071
3.151863
3.195266
3.063884
3.078872
3.084166
3.127203
3.182779
3.057700
3.129364
3.148706
3.091181
3.130332
3.175784
3.153278
3.199635
3.098264
3.053418
3.082487
3.100958
3.096579
3.190483
3.223103
3.078039
3.176799
3.127373
3.168934
3.176242
3.154392
3.136950
3.179863
3.064850
3.084966
3.161585
3.229732
3.246621
3.153452
3.165836
3.078437
3.104579
3.146882
3.122167
3.124724
3.063805
3.204393
3.094519
3.186713
3.151185
3.172748
3.128523
3.184976
3.175477
3.021915
3.126336
3.116771
3.128485
3.098542
3.197556
3.206153
3.137461
3.113097
3.046710
3.116491
3.093278
3.173738
3.192287
3.102443
3.153912
3.102094
3.145955
3.045907
3.216994
3.032703
3.055519
3.159689
3.120670
3.089886
3.166372
3.192383
3.141787
3.097523
3.112199
3.177489
3.083324
3.123580
3.202122
3.150550
3.153605
3.079661
3.081990
3.125209
3.094606
3.168234
3.129137
3.015300
3.118646
3.197642
3.061066
3.135076
3.074793
3.162023
2.993994
3.167296
3.198061
3.097185
3.160409
3.189527
3.097195
3.078928
3.023012
3.142954
3.098064
3.045336
3.135302
3.102606
3.100899
3.162131
3.157076
3.030882
3.045071
3.162256
3.126775
3.142099
3.097392
3.089154
2.995131
3.189872
3.130715
3.106043
3.101395
3.216271
3.004691
3.047441
3.123805
3.077338
3.154113
3.176561
3.065946
3.016395
3.085305
3.066426
3.148894
3.177482
3.084590
3.010240
3.094736
3.069849
3.063416
3.058338
2.948046
3.088757
3.103903
3.112768
3.042307
3.065277
3.187396
3.147663
3.080842
3.154444
3.153326
3.224824
3.185641
3.153821
3.149721
3.117272
3.112413
3.125089
3.103485
3.049434
3.278943
3.137169
3.121799
3.063130
3.137027
3.070696
3.185209
3.016815
3.143049
3.111717
3.091360
3.116511
3.058756
3.178949
3.129924
3.090855
3.111263
3.115890
2.959379
3.037870
3.154148
3.034736
3.174959
3.106419
3.173506
3.194444
3.121555
3.168392
3.205024
3.123389
3.158997
3.079278
3.102670
3.072195
3.093187
2.980005
3.092713
3.095595
3.108695
3.108080
3.083517
3.127697
3.067633
3.185762
3.125262
3.186715
3.097170
3.156123
3.186118
3.191123
3.154651
3.230378
3.133646
3.029506
3.127778
3.192155
3.156745
3.122526
3.250381
3.212914
3.133098
3.002645
3.057141
3.132341
3.149187
3.059943
3.205685
3.170323
3.195684
3.081305
3.121943
3.098507
3.202163
3.203851
3.116566
3.073871
3.094455
3.140128
3.134485
3.089037
3.127235
3.052415
3.038065
3.100532
3.133176
3.089167
3.047712
3.069965
3.170767
3.163338
3.145332
3.221218
3.057721
3.024538
3.066541
3.225527
3.024541
3.098554
3.036775
3.123535
3.167804
3.209659
3.087292
3.151458
3.212427
3.109788
3.105643
3.087424
3.240596
3.209279
3.008286
3.099173
3.136814
3.082226
3.069374
3.137354
3.097387
3.197594
3.080901
3.185303
3.112286
3.136108
3.134022
3.097602
3.104769
3.131789
3.164031
3.049486
3.314803
3.063278
3.191608
3.109233
3.245611
3.168516
3.090810
3.079567
3.146932
3.121701
3.028187
3.156713
3.101428
3.218037
3.116523
3.075325
3.077488
3.102312
3.208401
3.152333
3.112769
3.154242
3.111359
3.008839
3.118217
3.110929
3.174909
3.218193
3.175520
3.169610
3.159739
3.018785
3.113274
3.112316
3.103568
3.176670
3.086499
3.027666
3.190062
3.174538
3.075668
3.101393
3.045153
3.221484
3.117374
3.065793
3.158532
3.134283
3.091401
3.072320
3.107749
3.113902
3.178220
3.164193
3.119485
3.136280
3.146301
3.085150
3.080602
3.063407
3.046948
3.137608
3.095368
3.153458
3.174825
3.132533
3.068780
3.212472
3.149084
3.130535
3.141636
3.086231
3.108545
3.088956
3.206416
3.136503
3.184117
3.060265
3.157838
3.195688
3.219393
3.208615
3.048228
3.187205
3.156608
3.080221
3.037871
3.129907
3.152365
3.175009
3.201688
3.050558
3.195011
3.221163
3.098436
3.144370
3.132078
3.119432
3.108742
3.163217
3.109726
3.182019
3.073164
3.246681
3.098793
3.149542
3.206195
3.182050
3.163861
3.007871
3.019744
3.190093
3.177355
2.991808
3.174298
3.113557
3.141373
3.192056
3.156715
3.124892
3.147219
3.004270
3.191527
3.098812
3.090376
3.170725
3.094980
3.189210
3.135031
3.130400
3.129197
3.104037
3.151482
3.083238
3.098551
3.122666
3.034397
3.063819
3.138407
3.099246
3.130555
3.162291
3.093692
3.077407
3.152431
3.050511
3.056095
3.072025
3.162075
3.207260
2.970848
3.073354
3.139025
3.124448
3.050808
3.038390
3.166590
3.074679
3.075551
3.087074
3.146802
3.073143
3.165911
3.171360
3.074704
3.029698
3.114669
3.016256
3.109399
3.240735
3.030599
3.128002
3.077765
3.271671
3.107893
3.132046
3.056333
3.208283
3.062179
3.093683
3.145128
3.151670
3.208251
3.086694
3.147717
3.096986
3.131973
3.189225
3.126998
3.181180
3.170655
3.049949
3.196871
3.076730
3.074397
3.192593
3.225554
3.031062
3.188655
3.095140
3.135907
3.236969
3.113221
3.137888
3.101480
3.038155
3.063925
3.083165
3.242258
3.095294
3.117461
3.230047
3.082174
3.012406
3.115300
3.175839
3.014601
3.106113
2.997042
3.172795
3.114921
3.092505
3.184870
3.141101
3.121596
3.065271
3.019691
3.140289
3.055902
3.111934
3.143919
3.113953
3.040271
3.151545
3.022847
3.100067
3.146444
3.119377
3.131003
3.036177
3.221679
3.093583
3.163575
3.146958
3.056214
3.130078
3.200461
3.109609
3.176245
3.139392
3.069766
3.172006
3.181101
3.146159
3.076303
3.119103
3.257278
3.157996
3.109431
3.099693
3.116176
3.207787
3.114426
3.224511
3.177630
3.088562
3.260035
3.152708
3.051442
3.154256
3.169360
3.127751
3.110269
3.187891
3.160796
3.092891
3.035856
3.158567
3.177509
3.103377
3.142986
3.172069
3.123901
3.145057
3.139363
3.165978
3.158256
3.056621
3.139344
3.140623
3.084393
3.046168
3.185423
3.215451
3.078853
3.168525
3.165967
3.100597
3.090924
3.101827
3.128458
3.084866
3.142850
3.253769
3.185545
3.100685
3.181342
3.054140
3.164068
2.990326
3.102859
3.241398
3.106375
3.139337
3.107820
3.149092
3.040243
3.093510
3.126631
3.144551
3.133012
3.263192
3.108045
3.073796
3.191768
3.118281
3.053480
3.154800
3.145445
3.165537
3.117826
3.151936
3.215383
3.085176
2.997154
3.119888
3.151386
3.104658
3.146139
3.036833
3.175046
3.249133
3.173272
3.181749
3.039438
3.051073
3.096085
3.189442
3.170020
3.069541
3.019542
3.087004
3.037908
3.053124
3.181861
3.103899
3.145894
3.150735
3.241519
3.059339
3.154924
3.206234
3.083294
3.129839
2.957307
3.110655
3.168542
3.118212
3.156373
3.058936
3.162751
3.159550
3.126622
3.050794
3.198368
3.066780
3.099542
3.129541
3.186970
3.135932
3.138578
3.097986
3.085768
3.167225
3.096010
3.066288
3.207509
3.217878
3.110364
3.094734
3.067741
3.156740
3.022304
3.210457
3.199278
2.997612
3.119034
3.063269
3.136288
3.128761
3.248174
3.128506
3.040187
3.092949
3.089960
3.156209
3.193405
3.052986
3.025544
3.077481
2.963750
3.116670
3.119882
3.072445
3.068373
3.121728
3.091706
3.195869
2.912315
3.211895
2.992668
3.096999
3.047140
3.186829
3.144494
3.193409
3.117114
3.127565
3.006971
3.076094
3.137421
3.120812
3.154472
3.017390
3.245207
3.131888
3.129960
3.162082
3.055101
3.094426
3.259855
3.105796
3.140078
3.055150
3.111153
3.196578
3.078659
3.091525
3.139593
3.164952
3.216737
3.026161
3.031250
3.182390
3.098110
3.192359
3.268907
3.135596
3.081667
3.026759
3.161561
3.052904
3.126562
3.216656
3.180978
3.195673
3.123301
3.122053
3.019432
3.219487
3.126966
3.230392
3.127773
3.134623
3.156415
3.186990
3.243244
3.062019
3.203835
3.047496
2.950609
3.145378
3.168521
3.074661
3.050536
3.058213
3.193209
3.040475
3.078432
3.235849
3.075663
3.236394
3.055456
3.159037
3.181725
3.108744
3.154950
3.143508
3.016643
3.053272
3.158416
3.267539
3.101125
3.055660
3.181431
3.131253
3.056698
3.146998
3.218862
3.108508
3.130604
3.126492
3.073316
3.039053
3.042197
3.229584
3.177932
3.140225
3.146973
3.221130
3.094790
3.194128
3.156882
3.215877
3.143461
3.048754
3.205078
3.184794
3.030566
3.176591
3.077166
3.117884
3.076147
3.164740
3.073302
3.171093
3.150020
3.059264
2.999429
3.068654
3.182209
3.141900
3.146795
3.032195
3.051748
3.142894
3.064117
3.099812
3.183445
3.064828
3.196317
3.131682
3.078365
3.054431
3.096647
3.126308
2.997258
3.165290
3.113306
3.147197
3.126465
3.073693
3.233796
3.160639
3.044727
3.065893
3.179721
3.120691
3.057001
3.178495
3.116010
3.163865
3.084351
3.077618
3.032962
3.191165
3.224141
3.158153
3.203982
3.125405
3.137841
3.093735
3.206332
3.123400
3.131075
3.194248
3.179203
3.192329
3.106240
3.092853
3.118771
3.253430
3.081436
3.102284
3.106878
3.114323
3.081270
3.173599
3.068679
3.060198
3.139179
3.062524
3.110970
3.153623
3.134677
3.122406
3.122512
3.136434
3.029757
3.169694
3.140260
3.165325
3.146484
3.179711
3.159379
3.215617
3.063239
3.213234
3.072263
2.950361
3.092219
3.204167
3.102413
3.150245
3.069249
3.220572
3.128849
3.123705
3.090639
3.205713
3.185754
3.151486
3.082243
3.086998
3.184403
3.176925
3.150091
3.106938
3.196152
3.116972
3.149690
3.163126
3.035615
3.285867
3.187007
3.143209
3.103897
3.192386
3.171555
3.152747
3.198278
3.068771
2.985299
3.118164
3.074747
3.166176
3.067013
3.198587
3.076900
3.159079
3.113103
3.184055
3.195005
3.263962
3.057235
3.171841
3.086630
3.246548
3.039240
3.176534
3.267416
3.190405
3.152582
3.080785
3.044095
3.112569
3.103180
3.095016
3.090019
3.155670
3.085296
3.076107
3.192143
3.057799
3.152184
3.027583
2.989992
3.194174
3.104677
3.167904
3.083672
3.141983
3.056632
3.161294
3.108626
3.218178
3.196880
3.110367
3.062083
3.203691
3.106603
3.165179
3.087392
3.074385
3.121962
3.085707
3.117167
3.165891
3.204372
3.156355
3.094700
3.162264
3.058589
3.122099
3.151448
3.137213
3.026283
3.078111
3.034490
3.176174
3.241317
3.080524
3.134370
3.125110
3.084419
3.140942
3.212052
3.115550
3.145130
3.070591
3.182376
3.047278
3.186106
3.132900
3.213676
3.077902
3.120664
3.151943
3.107802
3.029869
2.996599
2.996824
3.151724
3.145225
3.109351
3.125098
3.034236
3.137058
3.064458
3.107918
3.245435
3.082622
3.078622
3.260972
3.061838
3.100446
3.131299
3.067197
3.083992
3.200440
3.170843
3.210520
3.096919
3.103210
3.124028
3.139816
3.095087
3.144051
3.187653
3.092869
3.085553
3.123788
3.149352
3.181804
3.096849
3.035610
3.145333
3.178808
3.126525
3.129180
3.176593
3.168076
3.205972
3.088114
3.224906
3.017873
3.073693
3.218114
3.128118
3.077413
3.034176
3.091738
3.034015
3.080065
3.072181
3.179994
3.123901
3.190294
3.097662
3.082933
3.146061
2.982981
3.170079
3.130295
3.234032
3.206204
3.138782
3.171441
3.122476
3.099142
3.096012
3.117553
3.093868
3.216658
3.138717
3.206617
3.104849
3.079238
3.082225
2.991416
3.195818
3.215289
3.259511
3.127899
3.020239
3.066239
3.139332
3.078357
3.111629
3.142151
3.098578
3.102335
3.152235
2.989806
3.147672
3.108379
3.225093
3.073741
3.181827
3.092758
3.061044
3.169835
3.211611
3.093980
3.115964
3.175042
3.102545
3.096995
3.152976
3.024286
3.166437
3.151376
3.117087
3.121127
3.197829
3.139297
3.078642
3.256271
3.219248
3.154731
3.083817
3.074434
3.228615
3.076580
3.177929
3.178500
3.237279
3.145110
3.074611
3.192761
3.171235
3.114625
3.180376
3.190822
3.152328
3.123865
3.103210
2.998167
3.180460
3.052374
3.178511
3.069599
3.055803
3.086188
3.133638
3.143688
3.223495
3.081266
3.131069
3.055362
3.084554
3.150671
3.207129
3.182106
3.103482
3.151961
3.171403
3.130022
3.166793
3.163110
3.126635
3.094570
3.187187
3.072767
3.064308
3.149107
3.069546
3.074117
3.135570
3.187197
3.183066
3.157557
3.173707
3.018368
3.084573
3.108492
3.135023
3.190623
3.171860
3.064894
3.079733
3.128211
3.113207
3.135931
3.138597
3.108167
3.038185
3.088251
3.031273
3.181299
3.116826
3.188371
3.192652
3.058829
3.094374
3.041962
3.060242
3.110536
3.190066
3.190604
3.043708
3.076192
3.072759
3.108752
3.095804
3.084662
3.154563
3.111509
2.989392
3.174493
3.082341
2.958827
3.117971
3.228808
3.110803
3.124096
3.208020
3.222442
3.112963
3.030244
3.113216
3.130218
3.079930
3.103468
3.114151
3.195942
3.173758
3.187832
3.187058
3.102874
3.171989
3.083871
3.055167
3.052109
3.018572
3.115461
3.068822
3.184280
3.183755
3.214973
3.106816
3.123586
3.168646
3.085131
3.104850
3.161795
3.098489
3.093816
3.147969
3.065883
3.122511
3.114233
3.108735
3.123918
3.131555
3.096730
3.134023
2.991772
3.151112
3.171108
3.070313
3.199476
3.162821
3.097315
3.172647
3.173566
3.114606
3.174232
3.079037
3.091129
3.086398
3.164501
3.109890
3.151073
3.149020
3.111350
3.120509
3.108451
3.090079
3.159970
3.153646
3.114963
3.118033
3.108602
3.195816
3.033191
3.092998
3.069671
3.060823
3.030337
3.057263
3.249009
3.043725
3.163085
3.082786
3.163028
3.124748
3.160377
3.103663
3.149065
3.088060
3.172681
3.139607
3.028874
3.049506
3.122675
3.142720
3.230194
3.132931
3.133318
3.156997
3.199954
3.159311
3.050092
3.061339
3.173234
3.083878
3.151751
3.081969
3.023542
3.182220
3.124009
2.981757
3.116731
3.067058
3.129670
3.160520
3.124396
3.230221
3.191810
3.150954
3.101503
3.131508
3.081121
3.059088
3.084462
3.118411
3.232850
3.018935
2.967384
3.185607
3.204527
2.995894
3.117632
3.193776
3.213412
3.252254
3.058745
3.131589
3.137910
3.132173
3.113186
3.013414
3.112244
3.034622
3.077518
3.039987
3.213838
3.061918
3.086745
3.180641
3.114890
3.177635
3.201739
2.989523
3.209589
3.141677
3.116584
3.150107
3.094632
3.012328
3.212835
3.095525
3.161473
3.048805
3.089657
3.180830
3.106807
3.062063
3.201894
3.171104
3.134398
3.084932
3.143073
3.093831
3.112235
3.117883
3.085977
3.153418
3.209712
3.170410
3.198242
3.118703
3.126259
3.200895
3.118991
3.120654
3.066778
3.129092
3.069776
3.118767
3.042830
3.088593
3.140747
3.176256
3.077295
3.116487
3.212816
3.103477
3.158433
3.119728
3.157682
3.179080
3.045174
3.137718
3.133393
3.150012
3.190169
3.219485
3.159638
3.174512
3.107293
2.984249
3.128520
3.118208
3.204151
3.100415
3.177362
3.067452
3.212186
3.135447
3.153631
3.169182
3.132584
2.990330
3.238445
3.137607
3.153784
3.295223
3.113748
3.252063
3.238029
3.078484
3.013274
3.132690
3.083030
3.087381
3.244959
3.108845
3.221149
3.199063
3.221145
3.134287
3.111782
3.033889
3.204479
3.195914
3.100319
3.149206
3.196477
3.256723
3.116544
3.134957
3.110004
3.081654
3.078785
3.154337
3.099702
3.033678
3.093904
3.066686
3.063499
3.027282
3.155886
3.090782
3.175803
3.160496
3.090098
3.109332
3.193158
3.207929
3.021134
3.031994
3.214964
3.281956
3.181054
3.075854
3.036351
3.186543
3.148313
3.141269
2.974975
3.073420
3.050267
3.148612
3.132781
3.082338
3.130086
3.128122
3.194435
3.106136
3.052074
3.157001
3.107620
3.164982
3.057074
3.159031
3.108914
3.181035
3.171225
3.122683
3.124163
3.035590
3.035602
3.108916
3.113846
3.228704
3.054896
3.115366
3.237202
3.180925
3.034921
3.035683
2.983853
3.103607
3.115050
3.157766
3.063532
3.018272
3.159017
3.135717
3.194820
3.190358
3.138718
3.097428
3.188888
3.152585
3.166920
3.022244
3.170823
3.123712
3.191861
3.127219
3.100633
3.115029
3.034089
3.110420
3.027754
3.208053
3.124566
3.122893
3.032312
3.050881
3.182913
3.123669
3.102050
3.098790
3.128679
3.036976
3.075647
3.134000
3.151851
3.057933
3.152654
3.062664
3.047863
3.131027
3.112633
3.067876
3.093004
3.156463
3.209816
3.168138
3.122150
3.208613
3.082482
3.143066
3.192390
3.144264
3.041422
3.061232
3.108858
3.076736
3.107476
3.070647
3.174528
3.144741
3.229503
3.135513
3.119145
3.123178
3.139870
3.151683
3.067717
3.097785
3.229717
3.157877
3.208573
3.069542
3.099540
3.160860
3.117771
3.181648
3.136039
3.067573
3.081968
3.225948
3.009171
3.057007
3.067824
3.095840
3.164512
3.138465
3.137712
3.208212
3.140951
3.192844
3.000175
3.195653
3.083466
3.197731
3.139959
3.210916
3.048801
3.032414
3.049566
3.162316
3.137629
3.163424
3.126275
3.185518
3.148808
3.124050
3.154799
3.203067
3.088744
3.171237
3.084743
3.162119
3.120934
3.051052
3.095953
3.212581
3.104824
3.075836
3.079002
3.107713
3.166560
3.061186
3.246116
3.085073
3.062082
3.219651
2.990359
3.133131
3.144830
3.054693
3.174004
3.061185
3.133382
3.102990
3.092829
3.192602
3.184686
3.168190
3.149959
3.153498
3.074014
3.153195
3.191042
3.210333
3.174906
3.089622
2.989249
3.206392
3.132264
3.166335
3.129413
3.100407
3.069427
3.145913
3.207091
3.086413
3.135355
3.182646
3.158035
3.111693
3.044523
3.243074
3.228989
3.034409
3.168780
3.151854
3.152937
3.099149
3.109056
3.139535
3.043429
3.209561
3.076655
3.131752
3.204341
3.164402
3.009686
3.085979
3.131027
3.067627
3.155156
3.186533
3.087996
3.190185
3.070694
3.148581
3.116745
3.266506
3.136840
2.982956
3.090376
3.012222
3.219379
3.186202
3.098408
3.087099
3.096400
3.067856
3.095141
2.958100
3.255467
3.095073
3.091308
3.168226
3.138604
3.054495
3.290041
3.214225
3.199575
3.096596
3.129565
3.132651
3.116175
3.120739
3.202470
3.094796
3.140752
3.153878
3.137723
3.121765
3.185415
3.016754
3.074543
3.068925
3.108471
3.176337
3.167636
3.111377
3.118513
3.135069
3.072914
3.120795
3.039136
3.115619
3.001433
3.195787
3.041540
3.143436
3.152979
3.152549
3.058659
3.111750
3.190045
3.178753
3.177179
3.223847
3.103685
3.122294
3.059035
3.185604
3.176881
3.012496
3.233556
3.063981
3.040435
3.106821
3.083702
3.131231
3.020948
3.195522
3.218146
3.236667
3.065807
3.112387
3.214939
3.161386
3.165875
3.117011
3.143955
3.171345
3.196993
3.171045
3.185723
3.146314
3.211550
3.060315
3.088796
3.054346
3.105458
3.125801
3.060474
3.112805
3.052553
3.192824
3.121930
3.053886
3.070000
3.081988
3.265178
3.121537
3.095610
3.099353
3.110513
3.100797
3.119366
3.090589
3.172318
3.145223
3.116111
3.114122
3.107520
3.099385
3.083175
3.162104
3.118273
3.092261
3.108638
3.132863
3.152415
3.186824
3.154070
3.102520
3.127358
3.100146
3.142802
3.178468
3.116137
3.050282
3.196304
3.067762
3.090055
3.148032
3.087773
3.061973
2.981488
3.094601
3.159955
3.134550
3.133696
3.028950
3.031239
3.112368
3.154954
3.165876
3.148549
3.236250
3.069045
3.155519
3.091748
3.107649
3.135727
3.126263
3.030331
3.168821
3.055342
3.122995
3.165696
3.227980
3.181583
3.189027
3.166187
3.113963
3.076433
3.137649
2.963126
3.115728
3.063319
3.062259
3.165906
3.146802
3.117658
3.150215
3.022889
3.062812
2.972976
3.163770
3.133974
3.111963
3.109933
3.095995
3.246255
3.186464
3.109050
3.146050
3.267473
3.123174
3.241578
3.245020
3.060855
3.107017
3.219392
3.051020
3.029304
3.123571
3.079504
3.174946
3.072414
3.095395
3.197801
3.074115
3.046627
3.284627
3.159157
3.057679
3.109419
3.034174
3.130619
3.238176
3.185122
3.116994
2.998457
3.216262
3.085199
3.173662
3.199399
3.170258
3.012974
3.038644
3.071571
3.216573
3.216787
3.288037
3.215864
3.102201
3.160733
3.145732
3.035841
3.188991
3.077479
3.120728
3.014501
3.193126
3.202020
3.270750
3.053501
3.013696
3.082532
3.071905
3.161183
3.000723
3.077284
3.192374
3.116582
3.100382
3.163325
3.045651
2.938360
3.118233
3.159979
3.178999
3.112558
3.150979
3.237274
3.090851
3.068980
2.997913
3.190340
3.023249
3.169899
3.038697
3.132102
3.142732
3.059661
3.113332
3.169821
3.169549
3.132310
3.072314
3.110899
3.090315
3.086111
3.305463
3.118123
3.244106
3.097617
3.080452
3.095665
3.105998
3.164373
3.103134
3.120444
3.123380
3.179599
3.140982
3.167423
3.121690
3.066557
3.080970
3.175725
3.128304
3.036517
3.143224
3.180515
3.181661
3.150415
3.137441
3.086220
3.172325
3.165105
3.072949
2.968828
3.043006
3.100473
3.136678
3.145804
3.060042
3.077430
3.199167
3.064271
3.161699
3.111716
3.018966
3.107177
3.185745
3.207681
3.300646
3.171341
3.151528
3.184311
3.130137
3.064229
3.030803
3.051247
3.225504
3.132733
3.154831
3.149184
3.113469
3.112351
3.130590
3.194178
3.147999
3.105569
3.089374
3.082570
3.017243
3.119497
3.005137
3.027278
3.184213
3.103811
3.156063
3.107257
3.128475
3.100966
3.106263
3.155024
3.154197
3.102342
3.168963
3.128847
3.130586
3.023114
3.045880
3.077854
3.124458
3.163723
3.083654
3.181032
3.060480
3.230887
3.140168
3.124491
3.158640
3.063609
3.201068
3.161524
3.060106
3.197345
3.088868
3.193339
3.121208
3.050921
3.167943
3.202833
3.049061
3.033619
3.090618
3.031689
3.143676
3.214008
3.221310
3.186562
3.077442
3.018816
3.164784
3.094333
3.079509
3.142650
3.131643
3.076451
3.203152
3.142789
3.010362
3.177302
3.209523
3.086302
3.062435
3.173494
3.152663
3.111119
3.109870
3.044719
3.100701
3.182206
3.106284
3.246471
3.020053
3.275195
3.079307
3.101192
3.112593
3.037344
3.167894
3.154784
3.088702
3.059664
3.191274
3.013959
3.160177
3.137662
3.172274
3.237544
3.120273
3.092962
3.222177
3.064988
3.143276
3.137514
3.073919
3.096208
3.098194
3.211871
3.255751
3.145883
3.210531
3.121313
3.047964
3.145221
3.057097
3.119204
3.117113
3.165849
3.115257
3.110740
3.075966
3.105147
3.104310
3.069346
3.014326
3.173332
3.099767
3.230322
3.129883
3.132802
3.147794
3.126135
3.197853
3.083186
3.073113
3.213775
3.197564
3.030844
3.051001
3.118320
3.220642
3.128676
3.017329
2.995875
3.163286
3.082488
3.124577
3.171263
3.257017
3.131932
3.148038
3.185351
3.096493
3.165011
3.090199
3.224216
3.116745
3.102792
3.036144
3.194489
3.029929
3.189390
3.116108
3.043514
3.167958
3.085370
3.188763
3.144430
3.087109
3.182579
3.131310
3.171681
3.186594
3.180588
3.090046
3.106112
3.161224
2.996808
3.104647
3.246798
3.086510
3.080955
3.206442
3.017331
3.247784
3.159243
3.142495
3.160803
2.970759
3.150220
3.106233
3.134646
3.179614
3.177379
3.212432
3.118967
3.152053
2.984161
3.201042
3.157210
3.031725
3.185109
3.081870
3.184196
3.103277
2.931073
3.046436
3.084998
3.158601
3.097923
3.206012
3.180988
3.104891
3.119051
3.103495
3.123036
3.150087
3.152657
3.111438
3.084635
3.218119
3.199714
3.063112
3.156079
3.160083
3.128895
3.154043
3.084957
3.128679
3.111745
3.084628
3.039956
3.215823
3.128730
3.058331
3.169439
3.096491
3.157877
3.143182
3.087680
3.119773
3.018718
3.134752
3.094657
3.029642
3.180357
3.172355
3.125657
3.142654
3.131363
3.092463
3.120773
3.084850
3.088304
3.122572
3.099664
2.997074
3.168581
3.128357
3.208121
3.149518
3.128285
3.021692
3.243352
3.222601
3.169732
2.921611
3.162564
3.158105
3.049766
3.073459
3.216864
3.096064
3.087938
3.114769
3.083787
3.217010
3.202567
3.071956
3.120295
3.146085
3.149043
3.104235
3.158851
3.186478
3.195256
3.107319
3.070493
3.181644
3.211026
3.109207
3.057823
3.068027
3.129757
3.132252
3.146167
3.017498
3.148092
3.042335
3.080582
3.161514
3.145520
3.054421
3.206680
3.071118
3.104170
3.077645
3.178083
3.111925
3.177661
3.176351
3.111836
3.123298
3.179178
3.014204
3.067216
3.162699
3.149765
3.038964
3.191868
3.104880
3.084877
3.117110
3.088668
3.088377
3.127694
3.089005
3.028740
3.064977
3.286011
3.058177
3.138024
3.191014
3.118971
3.054262
3.113814
3.092295
3.058441
3.076968
3.079833
3.153871
3.083152
3.096102
3.113912
3.182839
3.083582
3.052749
3.130713
3.082816
3.197233
3.167107
3.094612
3.133628
3.138798
3.141048
3.238345
3.021159
3.145714
3.094912
2.990811
3.177645
3.136205
3.082889
3.155899
3.069127
3.118688
3.138744
3.129333
3.065591
3.200915
3.175553
3.025088
3.075164
3.131893
3.198612
3.091266
3.262019
3.156202
3.085777
3.134691
3.095528
3.088178
3.210887
3.035614
3.087853
3.088847
3.188569
3.176020
3.126994
3.097356
3.231231
3.111602
3.047268
3.164515
3.121548
3.168061
3.162688
3.015031
3.142067
3.130616
3.086135
3.090761
3.133537
3.183513
3.211333
3.127390
3.119117
3.141152
3.115230
3.137345
3.075217
3.072781
3.171092
3.232860
3.206176
3.062692
3.152450
3.052977
3.169077
3.239397
3.101805
3.169841
3.148170
3.111153
3.109283
3.069534
3.112171
3.051553
3.110636
3.046674
3.009334
3.151034
3.124792
3.300733
3.164639
3.078217
3.131261
3.231544
3.108958
3.127457
3.065807
3.097452
3.189874
3.052066
3.133443
3.117866
3.074852
3.128358
3.074596
3.147770
3.049585
3.065131
3.138388
3.073543
3.128097
3.177055
3.186793
3.035972
3.242045
3.126097
3.171399
3.197847
3.149092
3.178573
3.032275
3.159977
3.169531
3.115507
3.168739
3.154300
3.070362
3.166092
3.167385
3.135382
3.107565
3.137896
3.114050
3.143747
3.020591
3.027365
3.082776
3.170360
3.123804
3.215965
3.120174
3.077846
3.126723
3.033592
3.079462
3.164541
3.203598
3.104492
3.166314
3.058112
3.154922
3.166779
3.129070
3.180640
3.189599
3.208934
3.035256
3.104287
3.117815
3.201880
3.048952
3.114903
3.100196
3.113892
3.118068
3.202848
3.044236
3.126775
3.060066
3.166710
3.055746
3.152882
3.141408
3.087446
3.078898
3.156461
3.085635
3.050382
3.174470
3.123662
3.132376
3.113599
3.046721
3.091104
3.141175
3.102953
3.130527
3.097306
3.173005
3.189645
3.203960
3.136374
3.075186
3.087492
3.050401
3.169546
3.133625
3.015905
3.217703
3.142439
3.088166
3.115292
3.137187
3.181586
3.057000
3.017924
3.149860
3.233846
3.189952
3.095569
3.067055
3.176098
3.159021
3.168763
3.176386
3.071218
3.120603
3.085430
2.970550
3.123822
3.236239
3.111876
3.055456
3.220666
3.115285
3.159235
3.010254
3.061951
3.169597
3.135687
3.086479
3.186409
3.157502
3.129878
3.118891
3.115892
3.168446
3.091049
3.233965
3.141722
3.116435
3.056312
3.141886
3.024300
3.102926
3.083472
3.196824
3.177483
3.161386
3.153809
3.158355
3.172979
3.076080
3.206951
3.112983
3.107715
3.079754
3.050753
3.038479
3.107325
3.090435
3.142054
3.088850
3.137125
3.206510
3.096308
3.087439
3.055643
3.088437
3.217531
3.133809
3.183368
3.205638
3.147852
3.052884
3.151597
3.115880
3.155436
3.103720
3.066419
3.007742
3.055684
3.111047
3.121779
3.069115
3.190573
3.109577
3.104093
3.210885
3.203669
3.086534
2.969254
3.055960
3.121719
3.102091
3.081527
3.111737
3.247538
3.039912
3.119910
3.228707
3.183627
3.124660
3.128261
3.040974
3.102576
3.015272
3.093753
2.942526
3.092707
3.132909
3.131958
3.143297
3.149511
3.193257
3.148685
3.204101
3.073316
3.242172
3.163638
3.229588
3.062248
3.147049
3.200530
3.103612
3.168345
3.130281
3.208251
3.090184
3.131351
3.131665
3.118829
3.125640
3.083211
3.082540
3.166761
3.121231
3.152752
3.178606
3.157459
3.120711
3.197732
3.187789
3.216405
3.208578
3.029580
3.214975
3.094548
3.214742
3.174216
3.230855
3.105266
3.167452
3.131405
3.061230
3.157611
3.158959
3.172484
3.140476
3.094022
3.091754
3.263858
3.176390
3.134271
3.140182
3.177050
3.151461
3.043406
3.086512
3.085372
3.062078
2.971844
3.157768
3.186534
3.168105
3.099220
3.080763
3.148405
3.259641
3.198759
3.181691
3.072017
3.158080
3.072176
3.074786
3.161861
3.163981
3.064045
3.072566
3.108617
3.061198
3.130888
3.225301
3.185433
3.130727
3.240977
3.036759
3.064215
3.101826
3.166535
3.062093
3.090318
3.104837
3.095892
3.126964
3.012874
3.133188
3.134600
3.197736
3.017005
3.031166
3.248000
3.203255
3.158846
3.233001
3.095023
3.093222
3.156364
3.105521
3.138687
3.164283
3.061298
3.012082
3.161379
3.189903
3.201993
3.130993
3.140742
3.144204
3.047992
3.133407
3.203257
3.165265
3.063900
3.154361
3.198857
3.089662
3.166459
3.116852
3.190176
3.074360
3.067152
3.284051
3.082050
3.169992
3.069769
3.174147
3.220889
3.149069
3.121414
3.125049
3.172068
3.195783
3.121663
3.114793
3.041686
2.945898
3.087152
3.090565
3.150854
3.060404
3.034137
3.017318
3.100118
3.085800
3.202848
3.083002
3.022410
3.044858
3.166390
3.136032
3.079790
3.028390
3.133974
3.125252
3.110528
3.179204
3.192465
3.114916
3.022152
3.094668
3.125791
3.128056
3.139493
3.165112
3.124199
3.182519
2.987481
2.998546
3.189717
3.246426
3.090766
3.125029
3.169756
3.141919
3.049316
3.141113
3.064390
3.066679
3.102216
3.151334
3.112838
3.153042
3.067035
3.171328
3.102351
3.180092
3.052085
3.058455
3.161643
3.100924
3.071571
3.114868
3.067881
3.132161
3.052653
3.187635
3.245951
3.093969
3.167149
3.110521
3.152658
3.156040
3.114022
3.273417
3.094205
3.057765
3.079085
3.154508
3.203157
3.203250
3.160073
3.233014
3.161997
3.100234
3.134327
3.031816
3.156219
3.112423
3.244545
3.168173
3.096156
3.120543
3.130946
3.100864
3.074979
3.124160
3.230233
3.195468
3.113858
3.061988
3.124889
3.201540
3.245460
3.176890
3.211793
3.133387
3.189535
3.042995
3.026577
3.131670
2.870844
3.063774
3.125630
3.164214
3.111947
3.012211
3.136803
3.077629
3.164382
3.180751
3.186791
3.089526
3.117588
3.023446
3.151637
3.244498
3.018903
3.097894
3.151633
3.182804
3.164329
3.280419
3.156097
3.239276
3.112525
3.200496
3.202654
3.236462
3.106542
3.022631
3.264141
3.119177
3.196459
3.051331
3.095589
3.190424
3.077374
3.105421
3.137740
3.106743
3.168471
3.113915
3.159206
3.133633
3.206109
3.087594
3.195265
3.226801
3.107987
3.158449
3.082809
3.113488
3.039375
3.017380
3.154758
3.116389
3.063412
3.043207
3.092420
3.144348
3.065867
3.216325
3.135267
3.235794
3.167064
3.078854
3.112094
3.171842
3.219990
3.034435
3.119273
3.196745
3.128977
3.135011
3.187918
3.102178
3.167800
3.203983
3.024419
3.039523
2.973955
3.136801
3.166207
3.172076
3.163335
3.028746
3.145426
3.091921
3.123924
3.241798
3.031141
3.095854
3.169946
3.108588
3.031391
3.173840
3.151723
3.263336
3.169901
3.166904
3.135265
2.982214
3.121705
3.024300
3.105493
3.282747
3.109521
3.051118
3.158510
3.025946
3.127791
3.082367
3.177417
3.187923
3.166788
3.201797
3.238641
3.030988
3.109365
3.146342
2.994000
3.211814
3.093813
3.112138
3.082656
3.239676
3.067853
3.154912
3.260775
3.156929
3.130697
3.108290
3.224050
2.994009
3.095357
3.126637
3.158962
2.973511
3.152656
3.027124
2.992817
3.237591
3.030192
3.110768
3.119069
3.032557
3.179563
3.140777
3.014192
3.016678
3.139936
3.176417
3.150261
3.172483
3.149953
3.174863
3.135245
3.136900
3.109676
3.073007
3.190724
3.145990
3.094999
3.145051
3.086793
3.153145
3.077510
3.051896
3.017252
3.036354
3.074168
3.243005
3.032030
3.164042
3.097838
3.174241
3.040130
3.167362
3.086391
3.175126
3.094982
3.089860
3.036389
3.079894
3.259198
3.067283
3.218239
3.150260
3.112674
3.119077
3.111255
3.193582
3.049902
3.122875
3.206789
3.099474
3.210427
3.116453
3.156521
3.214408
2.987831
3.028593
3.210036
3.101360
3.059691
3.079901
3.023663
3.132543
3.087633
3.165304
3.187609
3.130299
3.060828
3.115463
2.936236
3.193037
3.055145
3.102815
3.095131
3.168268
3.207907
2.972505
3.078417
3.158004
3.152317
3.203825
3.141641
3.124223
3.183562
3.125008
3.087411
3.096321
3.157829
3.078255
3.158275
3.065886
3.098777
3.069267
3.129294
3.056878
3.154554
3.029533
3.105517
3.118804
3.169582
3.112388
3.112477
3.083294
3.213456
3.069143
3.131078
3.155670
3.097128
3.069436
3.066047
2.983848
3.188485
3.069373
3.054196
3.140253
3.178139
3.057960
3.187149
3.206696
3.276412
3.129197
3.143545
3.145687
3.214146
3.111914
3.205641
3.164901
3.147340
3.217081
3.069636
3.088321
3.074341
3.013001
3.149974
3.256099
3.204933
3.195324
3.161592
3.052721
3.122060
3.150118
3.232813
3.208403
3.143322
2.986514
3.080219
3.037892
3.047230
3.051471
3.187341
3.065155
3.190190
3.083905
3.246773
3.181541
3.174556
3.163723
3.163188
3.056479
3.115262
3.075238
3.034744
3.158709
3.108700
3.045895
3.122345
3.113480
3.282242
3.123159
3.073932
3.186548
3.201352
3.133398
2.980256
3.145425
3.081949
3.060948
3.102951
3.100520
3.211264
3.148868
3.114010
3.144734
3.250864
3.064286
3.134111
3.129195
3.107176
3.177413
3.111463
3.101258
3.187311
3.148847
3.027214
3.148299
3.138991
3.065538
3.162653
3.099544
3.133000
3.171151
3.287259
2.964004
3.141853
3.139630
3.145732
3.015587
3.091686
3.159114
3.134114
3.170930
3.064191
3.176441
3.110749
3.270950
3.117089
3.109342
3.163118
3.231443
3.067813
3.053853
3.119981
3.142429
3.068851
3.057820
3.152575
3.213258
3.086369
3.089920
3.218004
3.054521
3.129339
3.190140
3.114563
3.115680
3.103758
3.200374
3.045767
3.018231
3.064559
3.130524
3.142388
3.128126
3.149849
3.000183
3.178231
3.046505
3.154719
3.146597
3.179867
3.054224
3.057968
3.175219
3.155017
3.105527
3.165850
3.154615
3.307562
3.124672
3.041120
3.041217
3.114562
3.182307
3.227744
3.081500
3.275104
3.107940
3.070862
3.206724
3.095943
3.096800
3.148289
3.145487
3.180474
3.005834
3.097054
3.173590
3.112340
3.039214
3.139358
3.049322
3.104382
3.150627
3.154999
3.128715
3.047473
3.081880
3.126366
3.074650
3.172067
3.119970
3.055594
3.050309
3.268293
3.056987
3.110184
3.067288
3.089492
3.141185
3.134079
3.246132
3.140591
3.079788
3.096986
3.225706
3.067641
3.227128
3.113145
3.132495
3.132386
3.224218
3.161488
3.107293
3.017908
3.112326
2.986904
3.094466
3.233091
3.307208
3.114677
3.198409
3.241407
3.110779
3.082004
3.129153
3.126031
3.167733
3.125283
3.099226
3.103544
3.173082
3.155004
3.053405
3.095173
3.068946
3.086368
3.041208
3.088805
3.269657
3.057833
3.272091
3.083177
3.120385
3.083442
3.151493
3.070502
3.145350
3.135138
3.054866
3.156854
3.086814
3.230076
3.110846
3.015372
3.141117
3.076343
3.117724
3.228977
3.036877
3.081268
3.071479
3.141813
3.061311
3.146587
3.066041
3.196317
3.292077
3.055643
3.055821
2.925246
3.130812
3.248537
3.066168
2.888670
3.088869
3.045083
3.065579
3.058611
3.135324
3.139305
3.128216
3.147625
3.106575
3.077210
3.166438
3.151614
3.136303
3.151508
3.126545
3.156436
3.122486
3.093523
3.118867
3.124875
3.073129
3.156448
3.196747
3.112379
3.182591
3.168344
3.025357
3.227873
3.132961
3.129109
3.093232
3.231890
3.114483
3.147898
3.071713
3.208291
3.156180
3.029967
3.048481
3.009689
3.161623
3.145603
3.118048
3.201186
3.132879
3.279652
3.154413
3.204134
3.090440
3.096025
3.151970
3.274240
3.037618
3.119967
3.110158
3.050290
3.150519
3.204162
3.113495
3.101631
3.123474
3.130103
3.239393
3.096051
3.122248
3.179858
3.290924
3.062271
3.104764
3.178971
3.135964
3.028129
3.259380
3.027444
3.082622
3.108436
3.133666
3.109219
3.191191
3.115816
3.108778
3.176181
3.123543
3.207464
3.086473
3.184378
3.111990
3.082899
3.085385
3.182779
3.006270
3.147981
3.159022
3.105608
3.126174
3.155691
3.034121
3.052789
3.244843
3.104150
3.100675
3.183597
3.146026
3.098116
3.153981
3.098108
3.067499
3.022181
3.115669
3.196494
3.133214
3.209145
3.063231
3.078982
3.128645
3.077107
3.116549
3.137345
3.116495
3.244797
3.088263
3.156770
3.095660
3.171482
3.057134
3.232717
3.087921
3.188287
3.167456
3.068705
3.125520
3.220849
3.123173
3.077283
3.110669
3.238421
3.185771
3.091385
3.048805
3.191584
3.092120
3.101612
3.159643
3.133571
3.052067
3.094246
3.034721
3.080326
3.062639
3.115635
3.123237
3.242927
3.076683
3.169961
3.007125
3.094532
3.087547
3.136862
3.153875
3.166375
3.210873
3.128911
3.178952
3.101280
3.170382
3.153818
3.176506
3.159201
3.072243
3.116142
3.114952
3.101340
3.105288
3.093801
3.083917
3.173633
3.129452
3.067004
3.221261
3.135414
3.235422
3.185134
3.145171
3.015496
3.131988
3.143614
3.083248
3.093275
3.104797
3.245502
3.206148
3.050598
3.051687
3.227973
3.002135
3.158407
3.197158
3.142640
3.077431
3.081877
3.184704
3.158091
3.137731
3.147722
3.146743
3.172506
3.179731
3.127659
3.110219
3.052406
3.169181
3.121446
3.035935
3.133146
3.093138
3.206888
3.142316
3.158651
3.223008
3.085740
3.138419
3.121870
3.141285
3.080457
3.114717
3.128745
3.090311
3.133610
3.136905
3.054005
3.207912
3.131868
3.147669
3.189023
3.072938
3.035204
3.301243
3.089717
3.177492
3.161803
3.132970
3.028265
3.033500
3.140671
3.073243
3.097116
3.041954
3.186119
3.140844
3.054634
3.117867
3.149137
3.108496
3.141949
3.111788
3.101594
3.224702
3.081059
3.028474
3.053244
3.103789
3.173600
3.034717
3.169599
3.078322
3.130539
3.074466
3.197099
3.062166
3.083597
3.123752
3.075493
3.034897
3.043147
3.096662
3.171148
3.125052
3.187160
3.157812
3.176061
3.174507
3.179364
3.153106
3.077572
3.046271
3.038720
3.215471
3.074790
3.069922
3.090947
3.068982
3.225378
3.113743
3.148040
3.088603
3.046321
3.080192
3.117630
3.212978
3.207477
3.019590
2.976713
3.151439
3.143777
3.247883
3.141552
3.191693
3.069447
3.175364
3.108270
3.145281
3.108092
3.235553
3.041146
3.135557
3.125912
3.168333
3.083942
3.179798
3.057010
3.088627
3.108122
3.234470
3.108376
3.174362
3.165601
2.992531
3.042646
3.177861
3.069762
3.086285
3.025877
3.236931
3.122303
3.104266
3.131680
3.222361
3.154414
3.016517
3.124177
3.193759
3.136539
3.162145
3.147647
3.116552
3.210791
3.000550
3.101461
3.172110
3.085556
3.166729
3.100585
3.204367
3.103190
3.150605
3.206461
3.106007
3.110410
3.132376
3.205761
2.945976
3.217725
3.149830
3.135666
3.159065
3.090198
3.146451
3.223013
3.087740
3.125228
3.100148
3.093875
3.166576
3.012449
3.062764
3.163478
3.172082
3.109733
3.151088
2.968323
3.039261
3.125432
3.179990
3.084765
3.061590
3.190521
3.114936
3.157520
3.227184
3.160341
3.135256
3.131541
3.177036
3.178696
3.118628
3.144877
3.145090
3.184031
3.056243
3.144698
3.092963
3.049735
3.080608
3.131927
3.107224
3.190042
3.138736
3.096074
3.111228
3.114199
3.207747
3.105454
3.090228
3.129282
3.122269
3.188907
3.163390
3.294490
3.120078
3.096145
3.169780
3.118576
3.129533
3.057037
3.051520
3.144566
3.133594
2.995683
3.070695
3.109273
3.224652
3.096949
3.094509
3.090665
3.164797
3.102884
3.165375
3.031890
3.129683
3.197804
3.047801
3.116550
3.107064
3.034935
3.074725
3.151174
3.162243
3.165027
3.118814
3.075724
3.135888
3.175180
3.070098
3.117930
3.068942
3.054019
3.130459
3.163256
3.054813
3.090957
3.148400
3.149972
3.200370
3.155665
3.082873
3.051159
3.056425
3.107131
2.967367
3.145995
2.972605
3.163360
3.158179
3.108300
3.137220
3.057632
3.038956
2.978464
3.119998
3.100290
3.181266
3.234709
3.150749
3.107142
3.097900
3.110944
3.250495
3.249373
2.991062
3.102601
3.153207
3.165870
3.064651
3.167767
3.141112
3.132350
3.029377
3.196790
3.075399
3.082130
2.963532
3.043184
3.052853
3.173451
3.101868
3.171296
3.061982
3.131631
3.229931
3.134227
3.192940
3.146094
3.208856
3.061007
3.184882
3.283367
3.113141
3.180106
3.143796
3.179891
3.142107
3.088898
3.242038
3.127714
3.244695
3.130978
3.150349
3.061491
3.189919
3.115548
3.214482
3.100815
3.208541
3.227711
3.053867
3.154346
3.054115
3.100952
3.080993
3.170450
3.165733
3.132699
2.981966
3.055306
3.168695
3.110822
3.049254
3.087373
3.069493
3.125781
3.055095
3.082707
3.167249
3.014554
3.092026
3.199268
3.071897
3.150997
3.127634
3.147349
3.236316
3.104090
3.003345
3.082757
3.210700
3.259806
3.165239
3.228055
3.171303
3.102328
3.115228
3.072489
3.158837
3.208124
3.145919
3.120016
3.123631
3.173033
3.088270
3.209317
3.073659
3.092110
3.066512
3.140301
3.138323
3.085957
3.125483
3.074074
3.093445
3.066427
3.016980
3.160965
3.090491
3.124020
3.205486
3.135792
3.201909
3.079237
3.263089
3.089779
3.106305
3.122393
3.105317
3.056990
3.173756
3.241601
2.964927
3.186515
3.187952
3.081516
3.085491
3.235867
3.150575
3.088699
3.176542
3.081255
3.188679
3.122815
3.206677
3.137195
3.072270
3.183331
3.058163
3.142063
3.176884
3.139329
3.121640
3.142102
3.151043
3.197423
3.126386
3.103682
3.157213
3.196214
2.974031
3.274030
3.191882
3.004367
3.165128
3.187400
3.025359
3.175094
3.054187
3.118618
3.201053
3.128476
3.066764
3.113331
3.066047
3.156449
3.071531
3.100412
3.191151
3.045245
3.231668
3.077789
3.108995
3.103986
3.216846
3.062304
3.142200
3.140015
3.143553
3.130023
3.117112
3.128875
3.164310
3.140369
3.142567
3.154071
2.989062
3.079544
3.111115
3.183867
3.111635
3.189940
3.155995
3.097308
3.170535
3.156868
3.184921
3.170819
3.047964
3.146088
3.162593
3.102023
3.173510
3.126857
3.102932
3.132539
3.124848
3.138707
3.138758
3.185897
3.145203
3.129932
3.008979
3.102650
3.161512
3.155825
3.118758
3.139519
3.164075
3.084790
3.056935
3.156810
3.098015
3.148737
3.141671
3.160698
3.095551
3.175053
3.136848
3.124185
3.088650
3.178000
3.081895
3.111873
3.054414
3.096108
3.107200
3.100296
3.230198
2.981764
3.189249
3.095373
3.134834
3.153324
3.061187
3.104798
3.045250
3.059753
3.156682
3.085794
3.016953
3.053415
2.940916
2.955390
3.139499
3.087742
3.103314
3.101698
3.211996
3.072589
3.078708
3.028209
3.104523
3.040004
3.120510
3.170837
3.176269
3.169154
3.140397
3.096482
3.162954
3.133779
2.985333
3.183343
3.166114
3.063729
3.200841
3.168681
3.019882
3.131023
3.165386
3.195000
3.052088
3.106680
3.108016
3.095723
3.109169
3.220749
3.071506
3.130041
3.188773
3.129477
3.155079
3.086673
3.251421
3.110889
3.149999
3.162804
2.951640
3.089403
3.077268
3.102180
3.017568
3.080532
3.104613
3.218545
3.071850
3.063187
3.178177
3.066900
3.152444
3.179123
3.148375
3.101189
3.162294
3.152714
3.101799
3.128757
3.126957
3.115305
3.104095
3.095436
3.099713
3.187230
3.171569
3.134742
3.131922
3.185386
3.173229
3.044857
3.112604
3.090167
3.209580
3.087102
3.133487
2.979599
3.145502
3.236632
3.183586
3.047162
3.201544
3.168535
3.069923
3.145641
3.117570
3.088356
3.137345
2.966330
3.094393
3.140505
3.116148
3.111643
3.050258
3.059605
2.986714
3.102663
3.196137
3.122811
3.136008
3.051002
3.130008
3.152145
3.062491
3.126878
3.047939
3.113306
3.021901
3.130660
3.132953
3.112664
3.099489
3.162134
3.072548
3.169767
3.263575
3.231282
3.086405
3.205391
3.107210
3.066033
3.172489
3.124126
3.135430
3.086889
3.133915
3.157272
3.189816
3.119191
3.109731
3.058892
3.161282
3.101556
3.196644
3.064150
3.097700
3.102052
3.123242
3.123334
3.102047
3.082334
3.054587
3.024598
3.081791
3.190371
3.223287
3.113210
3.123332
3.229745
3.103108
3.123729
3.035464
3.085204
3.119704
3.160189
3.126660
3.265469
3.085088
3.138510
3.171998
3.136080
3.115997
3.171735
3.157499
3.057739
3.135241
3.072894
3.205810
3.074406
2.981587
3.051273
3.262042
3.103358
3.160907
3.162790
3.182270
3.186021
3.169962
3.064166
3.150146
3.167594
3.138246
3.130400
3.172341
3.091183
3.169443
3.133053
3.191122
3.104214
3.254063
3.077438
3.052402
3.113857
3.114833
3.102141
3.247770
3.111062
3.129589
3.074795
3.102947
3.120509
3.072878
3.207152
3.044053
3.079589
3.148167
3.159348
3.037421
3.141111
3.129183
3.043394
3.173265
3.124882
3.071196
3.215921
3.171247
3.203793
3.128954
3.103001
3.161527
3.107173
3.144926
3.156210
3.162035
3.082676
3.149244
3.055709
3.029597
3.122458
2.972760
3.172493
3.173415
3.175521
3.200490
3.019867
3.192106
3.124797
3.153366
3.150906
3.334868
3.047111
3.150460
3.194630
3.090985
3.231352
3.127825
3.175738
3.139861
3.105186
3.131722
3.140156
3.137590
3.198344
3.069319
3.092413
3.136073
3.084959
3.161819
3.126204
3.011805
3.236742
3.231209
3.081090
3.062578
3.181118
3.116245
3.148685
3.034932
3.142306
3.102528
3.186322
3.057951
3.011641
3.139246
3.241688
3.073870
2.968092
3.179679
3.109484
3.178226
3.098131
3.111139
3.126145
3.084485
3.055011
3.089582
3.131906
3.077487
3.103212
3.171798
3.156320
3.106969
3.186609
3.072669
3.101122
3.041518
3.112119
3.123868
3.151741
3.127075
3.121734
3.108320
3.235592
3.101665
3.125494
3.068559
3.039463
3.127740
3.151854
3.131128
3.143101
3.159786
3.137497
3.115630
3.201657
3.148414
3.167819
3.115587
3.017271
3.119300
3.202904
3.070761
3.096670
3.027334
3.125792
3.136847
3.122026
3.197143
3.210417
3.092941
3.054737
3.092263
3.128139
3.048513
3.128000
3.097067
3.106639
3.116554
3.159982
3.143886
3.086566
3.135946
3.089710
3.202278
3.185418
3.198366
3.077597
2.981575
3.129423
3.048501
3.147297
3.164845
3.096511
3.167743
3.079600
3.105840
3.280152
3.081892
3.213510
3.067257
3.222537
3.256686
3.092783
3.112745
3.211647
3.113236
3.171449
3.070683
3.078562
3.088410
3.174209
3.054212
3.184043
3.107173
3.053579
3.143629
3.074461
3.102528
3.197947
3.129276
3.222677
3.200627
3.101732
3.019037
3.119077
3.225853
3.035960
3.110882
3.113668
3.131366
3.176684
3.113041
3.101040
3.139177
3.243229
3.042204
3.048725
3.183611
3.080059
3.065127
3.116092
3.079025
2.933490
3.231783
3.133683
3.182147
3.160203
3.274338
3.116973
3.136337
3.133199
3.142419
3.165381
3.124847
3.137770
3.229013
3.162790
3.034212
3.083836
3.149993
3.249649
3.063769
3.055482
3.077965
3.148702
3.151207
3.208514
3.088369
3.163315
3.167919
3.052441
2.967070
3.129438
3.121222
2.992262
3.056021
3.169607
3.141417
3.022294
3.127392
3.183490
3.242818
3.138660
2.969554
3.238808
3.099982
3.103744
3.106877
3.229458
3.134868
3.190585
3.199057
3.227901
3.135564
3.117660
3.122003
3.150714
3.024461
3.181053
3.131391
3.129257
3.111055
3.120203
3.218365
3.036241
3.180762
3.096878
3.144715
3.105813
3.077888
3.217775
3.108448
3.132557
3.049494
3.092493
3.092110
3.199121
3.113902
3.143321
3.232622
3.150284
3.087392
3.070615
3.118993
3.109674
3.125775
3.124322
3.152946
3.089528
3.075948
3.062948
3.047211
3.189361
3.204527
3.133469
3.236600
3.010336
3.119862
3.153566
3.193078
3.118622
3.141200
3.131261
3.177599
3.088323
3.190840
3.028782
3.213263
3.026958
3.178331
3.218501
3.005613
3.212645
3.180833
3.038009
3.117801
3.184841
3.212133
3.030269
3.128624
3.174979
3.102287
3.159056
3.173951
3.128570
3.248752
3.083689
3.073684
3.336844
3.112691
3.106589
3.037468
3.147323
3.094586
3.114889
3.114560
3.152819
3.070202
3.087473
3.110454
3.143637
3.054563
3.125174
3.089018
3.020103
3.137945
3.161416
3.050844
3.113426
3.178951
3.026468
3.066428
3.178449
3.165204
3.144757
3.129532
3.137040
3.100174
3.100009
3.100184
3.255713
3.156207
3.017363
3.216762
3.168501
3.045216
3.104717
3.062755
3.166030
3.196482
3.080772
3.131705
3.072481
2.938918
3.202850
3.124634
3.179138
3.106598
3.140120
3.120311
3.022197
3.096811
3.142764
3.071966
3.126710
3.236274
3.154048
3.158539
3.069947
3.099146
3.156067
3.141258
3.152199
3.144633
3.109795
3.114960
3.161713
3.182807
3.158596
3.087156
3.134322
3.147329
3.084601
2.983839
3.209066
3.276174
3.028541
3.006363
3.092991
3.186165
3.148194
3.197833
3.131840
3.001143
3.131234
3.145292
3.110907
3.190803
3.125607
2.962323
3.053328
3.092445
3.116038
3.190307
3.196661
3.142945
3.199189
3.051383
3.048529
2.974133
3.121375
3.028149
3.077282
3.205940
3.186573
3.090302
3.059198
3.075592
3.192314
3.152202
3.184138
3.174020
3.163163
3.147069
3.118356
3.127766
3.204558
3.109346
3.157780
3.125333
3.060859
3.082549
2.942165
3.062385
3.056289
3.079244
3.097695
3.040585
3.213340
3.208606
3.082760
3.195701
3.185057
3.088241
3.168675
3.101250
3.036522
3.159401
3.205644
3.148276
3.023795
3.094657
3.139862
3.203809
3.171597
3.051842
3.118843
3.144658
3.145962
3.029966
3.194296
3.182136
3.183249
3.122675
3.148439
3.143639
3.074334
3.016012
3.097773
3.193861
3.237799
2.988049
3.111511
3.060985
3.193569
3.162633
3.103146
3.022228
3.136080
3.203087
3.049763
3.225332
3.050583
3.120236
3.055214
3.124096
3.216602
3.085146
3.107475
3.190725
3.141216
3.265638
3.144927
3.204931
3.106568
3.073143
3.170293
3.122034
3.180338
3.159312
3.197397
3.062130
3.133795
3.152124
3.163396
3.229409
3.089772
3.071434
3.104582
3.130933
3.110093
3.058876
3.168748
3.009023
3.067166
3.137351
3.150289
3.195541
3.180767
3.058819
3.100595
3.113864
3.143965
3.213839
3.119059
3.093491
3.098316
3.090064
3.152152
3.159903
3.053888
3.201043
3.114267
3.132718
3.176492
3.127157
3.240424
3.201111
3.153683
3.086510
3.086021
3.039900
3.049009
3.082035
3.052490
3.165121
3.034707
3.189312
3.108621
3.100335
3.054063
3.133024
3.248449
3.151252
3.211356
2.999921
3.125136
3.138265
3.175663
3.255102
3.222278
3.070499
3.176966
2.989248
3.000633
3.175381
3.207973
3.130604
3.207810
3.075858
3.266524
3.099024
3.145604
3.144639
3.121764
3.054199
3.046595
3.212802
3.161954
3.123869
3.168454
3.159032
3.082317
3.076109
3.087924
3.172045
3.190782
3.092845
3.159630
3.012502
3.033266
3.140177
3.105794
3.129347
3.068996
3.081919
3.071014
3.081880
3.058925
3.218724
3.170138
3.104483
3.122493
3.085592
3.048581
3.098192
3.176099
3.174897
3.134115
3.059959
3.159689
3.099454
3.215386
3.108778
3.191633
3.126551
3.152750
3.049429
3.146204
3.179674
3.106375
3.200993
3.059514
3.138275
3.104897
3.056535
3.163344
3.135160
3.155813
3.126874
3.182480
3.080778
3.076183
3.063220
3.105002
3.093058
3.040812
3.085885
3.194053
3.044219
3.195174
3.131400
3.196309
3.085310
3.083830
3.198028
3.195543
3.099360
3.133788
3.227794
3.196596
3.097573
3.093995
3.207843
3.069252
3.228866
3.217623
3.084608
3.170609
3.081615
3.096641
3.005375
3.048538
3.198934
3.107580
3.135062
3.144426
3.066634
3.121848
3.105113
3.102097
3.103869
3.072741
3.058191
3.123753
3.034624
3.141873
3.052490
3.132410
3.111099
3.082263
3.146571
3.191644
3.085401
3.205799
3.135043
3.099667
3.143552
3.183940
3.151465
3.127132
3.071670
3.139841
3.157697
3.049287
3.176592
3.202672
3.068123
3.173649
3.048036
3.190553
3.066045
3.249562
3.225652
3.036841
3.190528
3.116390
3.115062
3.158824
3.084297
3.064051
3.063299
3.116693
3.087951
3.117024
3.159431
3.068931
3.136363
3.169810
3.186423
3.053839
3.106112
3.133085
3.089610
3.189004
3.197004
3.135038
3.159559
3.199255
3.070725
3.118109
3.232647
3.160207
3.138739
3.070824
3.188220
3.211600
3.030297
3.112984
3.207585
3.113113
3.229746
3.167010
3.122802
3.079190
3.115014
3.151485
3.112855
3.030169
3.220938
3.204368
3.197969
3.185799
3.173902
3.211546
3.079982
3.090187
3.151746
3.154164
3.295864
3.163593
3.167436
3.162104
3.144989
3.129561
3.087564
3.050988
3.034482
3.068399
3.055516
3.047320
3.189222
3.102402
3.043668
3.079013
3.082222
3.103325
3.101725
3.080741
3.186861
3.208798
3.160226
3.179666
3.106496
3.198266
3.139859
3.164440
3.110219
3.099545
3.020057
3.145992
3.178202
3.140343
3.030789
3.065582
3.162208
3.052284
3.050550
3.202385
3.118663
3.085619
3.233765
3.116181
3.001446
3.110727
3.183699
3.156132
2.946083
3.078017
3.089890
3.136673
3.160655
3.174942
3.094683
3.221577
3.176038
3.070844
3.076020
3.119174
3.147656
3.169471
3.086309
3.163892
3.115130
3.099151
3.148934
3.118082
3.180207
3.111174
3.115586
3.113827
3.012091
3.110136
3.115278
3.067202
3.081435
3.112490
3.163539
3.126379
3.203301
3.023520
3.206856
3.176692
3.078742
3.140444
3.202168
3.098196
3.092409
3.205990
3.140793
3.222272
3.050343
3.196003
3.044738
3.126892
3.179392
3.102761
3.187115
3.118045
3.125260
3.060365
3.008959
3.173531
3.149779
3.115047
3.127336
3.143375
3.196954
3.098714
2.978438
3.159063
3.062532
3.079811
3.115163
3.111114
3.088938
3.094295
3.035289
3.078364
3.090571
3.135332
3.156128
2.994786
3.107957
3.109946
3.081304
3.223604
3.042148
3.091354
3.124122
3.033473
3.067413
3.120538
3.186113
3.175703
3.155823
3.120156
3.154007
2.992744
3.063919
3.126792
3.136370
3.165982
3.112545
3.132435
3.175392
3.220614
2.950179
3.045344
3.107484
3.112336
3.124461
3.093853
3.156935
3.156479
3.122916
3.106716
3.178032
3.112715
3.082312
3.091664
3.125543
2.989944
3.106359
3.283805
3.020987
3.070618
3.039835
3.099349
3.071781
3.063875
3.144466
3.073782
3.154140
3.096262
3.178774
3.099944
3.191306
3.110277
3.091506
3.107207
3.155836
3.257782
3.196716
3.012344
3.127675
3.152716
3.158087
3.113703
3.056668
3.090738
3.097930
3.060247
3.051283
2.993315
3.260419
3.113951
3.030583
3.239844
3.064072
3.139236
3.147745
3.077822
3.098632
3.202242
3.266376
3.186212
3.113502
3.060398
3.031987
3.121392
3.096152
3.103429
3.248705
3.120072
3.142538
3.076537
3.031731
3.209351
3.111685
3.199347
3.143926
3.122983
3.054254
3.120868
3.173800
3.059537
3.223430
3.136505
3.071919
3.225562
3.152421
3.180242
3.072785
3.130608
3.134138
3.096118
3.152880
3.076717
3.184100
3.131078
3.128680
3.068202
3.207613
3.029943
3.204144
3.225268
3.100721
3.211439
3.235997
3.099567
3.222903
3.067221
3.157200
3.139254
3.105971
3.117984
3.121166
3.136322
3.100419
3.172627
3.141257
3.193021
3.201976
3.183436
3.000572
3.066094
3.098546
3.114585
3.176820
3.162912
3.172691
3.133566
3.091177
3.120291
3.207472
3.149447
3.151416
3.123915
2.994654
3.201001
3.210480
3.063302
3.127509
3.046805
3.052501
3.050689
3.221770
3.229074
3.120441
3.132416
3.101537
3.120092
3.169375
3.152454
3.111028
3.113398
3.241105
3.075151
3.119378
3.026517
3.049998
3.114460
3.031971
3.166344
3.181340
3.216501
3.203939
3.114941
3.075564
3.110333
3.148937
3.072958
3.198881
3.134721
3.104469
3.175036
3.082583
3.132295
3.140716
3.053877
3.145945
3.140090
3.173658
3.163414
3.171342
3.110807
3.085305
3.190014
3.080130
3.188704
3.224300
3.070929
3.082780
3.169463
3.046832
3.232551
3.053700
3.122726
3.019427
3.078834
3.072919
3.098128
3.081163
3.188070
3.018565
3.200478
3.131984
3.118836
2.920266
3.064926
3.164626
3.065312
3.186069
3.112213
3.141687
3.160594
3.028266
3.166661
3.198941
3.227005
3.105319
3.121523
3.142444
3.148441
3.186800
3.128763
3.076085
3.024177
3.262894
3.193005
3.156664
2.975904
3.128362
3.111000
3.082707
3.186054
3.145895
3.262630
3.231670
3.100279
3.170945
3.163744
3.067318
3.070600
3.115529
2.990454
3.044893
3.178018
3.085280
3.132017
3.221387
3.167993
3.101717
3.135782
2.990808
3.123075
3.240243
3.025009
3.118255
3.077319
3.218978
3.052013
3.093302
3.138167
3.068788
3.172606
3.130283
3.140870
3.092549
3.125905
3.103136
3.075108
3.126562
3.042529
3.148395
3.021717
3.005876
3.134126
3.102506
3.153135
3.086670
3.141262
3.057666
3.001804
3.194156
3.153779
3.145810
3.180544
3.176700
3.125729
3.031691
3.176384
3.047404
3.164069
2.975339
3.158436
3.149518
3.144858
3.104864
3.143521
2.961931
3.103669
3.117983
3.111955
3.128717
3.031703
3.182398
3.177808
3.121760
3.157513
3.098491
3.132997
3.060874
3.016212
3.184608
3.116349
2.979855
3.159243
3.120919
3.195362
3.091220
3.129139
3.142649
3.069829
3.056781
3.125392
3.116892
3.118536
3.189291
2.984295
3.227143
3.224993
3.147283
3.201788
3.098691
3.211747
3.236879
3.089994
3.117076
3.062668
3.134527
3.134346
3.171789
3.053036
3.021117
3.023219
3.153006
3.139166
3.139496
3.131586
3.097259
3.083573
3.140400
3.028271
3.073491
3.136186
3.103520
3.129048
3.189217
3.163903
3.076871
3.127690
3.231262
3.250646
3.090154
3.095516
3.253380
3.159562
3.175288
3.183259
3.022605
3.105772
3.154763
3.161085
3.180358
3.184612
3.041734
3.064844
3.175943
3.111944
3.096491
3.118264
3.072744
3.100230
3.034028
3.113452
3.095203
3.054357
3.056721
3.151706
3.195929
3.081469
3.139427
3.051596
3.210414
3.145248
3.161012
3.032001
3.118084
3.108086
3.091488
3.104136
3.056915
3.175842
3.230489
3.172048
3.155588
3.122622
3.157529
3.199836
3.164046
3.299835
3.164612
3.119675
3.082313
3.215671
3.078989
3.063743
3.114367
3.185372
3.131417
3.057605
3.214234
3.165995
3.024725
3.122829
3.083266
3.013701
3.139809
3.089673
3.112951
3.214154
3.233736
2.976718
3.085698
3.146551
3.194007
3.236756
3.296451
3.198441
3.028561
3.099065
3.176887
3.123248
3.202776
3.076166
3.136483
3.104089
3.243829
3.061861
3.076361
3.215393
3.002512
3.007543
3.221757
3.213496
3.155019
3.135888
3.129720
3.022092
3.007027
3.046790
3.089960
3.022154
3.053281
3.187849
3.093738
3.097988
3.192573
3.149410
3.074864
3.198217
3.211054
3.106019
3.123337
3.138370
3.171511
3.051305
3.096428
3.241799
3.140771
3.083170
3.102982
3.111237
3.076063
3.114694
3.175962
3.142416
3.061342
3.140056
3.139161
3.061564
3.077487
3.178588
3.146142
3.079366
3.155076
3.106260
3.160552
3.161438
3.063185
3.196168
3.055950
3.296393
3.061124
3.138501
3.079744
3.156090
3.136341
3.156250
3.065066
3.115443
3.166503
3.180220
3.182328
3.188036
3.095537
3.107083
3.182425
3.126304
2.921092
3.082653
3.135711
3.078355
3.080753
3.201372
3.205083
3.060404
3.106514
3.198442
3.174394
3.022749
3.214160
3.153772
3.175637
3.116217
3.121819
2.994023
3.068934
3.049223
2.957109
3.150868
3.101383
3.277405
3.155748
3.204116
3.106316
3.210690
3.076947
3.107814
2.985400
3.065771
3.050342
3.103898
3.200757
3.203613
3.088751
3.157490
3.159975
3.127725
3.078675
3.080495
3.121027
3.036818
3.016643
3.083121
3.097047
3.122805
3.159815
3.189142
3.065416
3.118254
3.187563
3.168807
3.180443
3.103102
3.238117
3.074948
3.069363
3.062923
3.150367
3.179859
3.051627
3.067745
3.102744
3.130460
3.197972
3.097575
3.034435
3.086039
3.074696
3.021824
3.266851
3.092486
3.047109
3.180682
3.066859
3.110396
3.087749
3.171968
3.116612
3.164871
3.243854
3.155811
3.030701
3.177285
3.169985
3.160645
3.109010
3.172859
3.123168
3.152807
3.125984
3.053790
3.160673
3.187412
3.250043
3.130737
3.215995
3.115343
3.143467
3.062206
3.186390
3.175441
3.134730
3.143991
3.194105
3.072395
3.162091
3.053071
3.173668
3.062264
3.003124
3.086501
3.064116
3.160207
3.233804
3.173930
3.036756
3.013670
3.151245
3.136680
3.123216
3.090927
3.165582
3.092820
3.127136
3.118595
3.164808
3.287027
3.137198
3.105511
3.094658
3.142740
3.124640
3.093366
3.194044
3.106260
3.016516
3.043414
3.117173
3.077261
3.197469
3.066466
3.200952
3.150104
3.094470
3.173111
3.149649
3.052226
3.229481
3.212619
3.099751
3.118406
3.098313
3.169417
3.200024
3.082793
3.109268
3.091468
3.067323
3.138448
2.996029
3.037523
3.187310
3.127445
3.099462
3.176095
3.234751
3.106720
3.179227
3.194174
3.136087
3.115692
3.219944
3.108185
3.081819
3.231106
3.119899
3.150837
3.130218
3.182828
3.067159
3.055698
3.061509
3.091896
3.082767
3.296533
3.177422
3.140233
3.009721
3.156915
3.150314
3.180829
3.099137
3.089209
3.327689
3.119282
3.091690
3.176205
3.150958
3.026490
3.156436
2.990507
3.024487
3.214338
3.169007
3.201235
3.052919
3.255707
3.061220
3.052428
3.079005
3.048953
3.238460
3.114458
3.115798
3.067484
3.254078
3.174672
3.021086
3.150212
3.150105
3.096666
3.111773
2.941659
3.068061
3.150788
3.048855
3.100463
3.105751
3.135334
3.088978
3.159818
3.132759
3.136399
3.213346
3.073197
3.188962
3.143771
3.179373
3.156811
3.095181
3.133904
3.178433
3.194126
3.168670
3.099246
3.103284
3.080468
3.162371
3.162746
3.183836
3.174495
3.127904
3.168602
3.143160
3.041018
3.130589
3.201048
3.108721
3.109107
3.194651
3.124066
3.129858
3.222844
3.018676
3.113962
3.155622
3.039256
3.072147
3.111694
3.075516
3.131613
3.070697
3.052428
3.116079
3.065719
3.110936
3.061586
2.956768
3.106528
3.153702
3.181664
3.159619
3.120330
3.160898
3.195573
3.135667
3.107744
3.174201
3.085842
3.107186
3.123744
3.170647
3.147405
3.082178
2.965063
3.156583
3.211118
3.075590
3.106877
3.180049
3.171703
3.175250
3.094242
3.105413
3.053100
3.179784
3.137449
3.144693
3.186841
3.167426
3.082511
3.092902
2.980291
3.158689
3.093006
3.089237
2.991641
2.947491
3.066356
3.127840
3.091752
3.009795
3.171825
3.184344
3.141882
3.200227
3.110370
3.123365
3.102653
3.103732
3.088341
3.110821
3.097175
3.198401
3.120920
3.171510
3.173242
3.178443
3.126406
3.174394
3.190182
3.189846
3.204743
3.037188
3.113500
3.205340
3.059698
3.143934
3.060530
3.136299
3.245634
3.073029
2.986821
3.171799
3.153254
3.171637
3.071071
3.149193
3.071226
3.051047
3.247451
3.095419
3.171938
3.117837
3.156770
3.090566
3.129050
3.232984
3.081737
3.071020
3.131817
3.087670
3.101395
3.139980
3.144023
3.099718
3.080570
3.089854
3.002223
3.267600
3.092951
3.118038
3.120024
3.152221
3.097773
3.057710
3.179916
3.083734
3.109641
2.936552
3.141527
3.040260
3.175743
3.046157
3.231207
3.159084
3.110768
3.050377
3.148224
3.164006
3.100381
3.211248
3.111142
3.094507
3.265411
3.106139
3.086727
3.162376
3.229510
3.084890
3.106970
3.025757
3.103771
3.050810
3.148830
3.196161
3.127799
3.032301
3.103230
3.144888
3.221255
3.072824
3.137498
3.175413
3.121008
3.035244
3.080643
3.074172
3.129015
3.116892
3.124024
3.086654
3.055186
3.160353
3.136074
3.095504
3.150945
3.217655
3.204986
3.071908
3.134088
3.116132
3.091671
3.073832
3.133352
3.109615
3.242630
3.301860
3.115952
3.168498
3.144889
3.190033
3.113123
3.105274
3.110370
3.145174
2.954218
3.155003
3.162059
3.077264
3.133600
3.150796
3.152855
3.181624
2.985372
3.007670
3.059113
3.115059
3.207629
3.127381
3.077479
3.212841
3.242251
3.203890
3.216750
3.159739
3.187081
3.105987
3.103125
3.170580
3.089451
3.148124
3.102749
3.189037
3.006632
3.095455
3.052317
3.142667
3.105729
3.192750
3.217172
3.102778
3.161442
3.063053
3.122437
3.258645
3.160856
3.121116
3.115666
3.186577
3.125003
3.161169
3.122639
3.177198
3.181478
3.143657
3.184065
3.058055
3.130025
3.090386
3.176954
3.034482
3.088465
3.204725
2.993177
3.143751
3.145039
2.968080
3.103302
2.994684
3.126408
3.117645
3.241033
3.094935
3.033718
3.151116
3.173067
3.085772
3.121809
3.145255
3.208578
3.044845
2.972896
3.123817
3.132997
3.059578
3.085449
3.072910
3.139761
2.979906
3.201943
3.140858
3.006543
3.155527
3.245913
3.024814
3.073289
3.125389
3.204461
3.223529
3.087276
3.145945
3.161378
3.127244
3.080894
3.292804
3.105927
3.151497
3.081617
3.112742
3.166873
3.101947
3.150543
3.081761
3.101609
3.175686
3.031212
3.116162
3.117675
3.104372
3.122682
3.092916
3.055819
3.172210
3.145594
3.119735
3.126733
3.020004
3.160830
3.166663
3.109633
3.151675
3.031019
3.100442
3.240238
3.145202
3.057422
3.128787
3.182398
3.183871
3.174208
3.101103
3.109406
3.147511
3.084704
3.088001
3.206412
3.060075
3.202035
3.116426
3.109697
3.125554
3.180328
3.108896
3.090943
3.176283
3.205159
3.125300
3.150336
3.200988
3.139172
3.097892
3.173311
3.160118
3.137453
3.128571
3.112425
3.123691
3.063475
3.189502
3.177196
3.196978
3.008415
3.127726
3.046860
3.112829
3.059078
3.115691
3.048962
3.084307
3.046127
3.153998
3.152508
3.232119
3.033410
3.159582
3.023464
3.071150
3.091875
3.178350
3.031819
3.029319
3.121956
3.041383
3.075038
3.146585
3.208723
3.115568
3.141733
3.142238
3.026140
3.158674
3.139170
3.198985
3.080068
3.090387
3.128992
3.304922
3.129815
3.156316
3.171658
3.070535
3.144452
3.085659
3.172439
3.190338
3.163919
3.135785
3.214959
3.119646
3.152678
3.163613
3.096818
3.144331
3.195143
3.097957
3.107699
3.173440
3.154679
3.173377
3.122178
3.089116
3.154431
3.117254
3.221133
3.056850
3.172202
3.200957
3.025934
3.178462
3.143405
3.065422
3.020702
3.093018
3.078185
3.205894
3.208905
3.021655
3.029351
3.002291
3.128547
3.092931
3.069867
3.125185
3.219845
3.068073
3.086358
3.177320
3.177077
3.201059
3.185278
2.969633
3.147935
3.088574
3.121918
2.982319
3.163740
3.129980
3.069407
3.147594
3.228847
3.140639
3.126884
3.090065
3.137556
3.034342
2.992031
3.187377
3.183763
3.143251
3.216116
3.095655
3.144893
3.240787
3.107177
3.130884
3.127435
3.148393
3.172995
3.091033
3.142132
3.176458
3.221415
3.070818
3.134882
3.176871
3.156676
3.156740
3.095487
3.164479
2.939159
3.167919
3.139684
3.142143
3.184888
3.074458
3.061658
3.167021
3.175856
3.147433
3.082457
3.105168
3.085021
3.151106
3.150001
2.955560
3.093465
2.989166
3.193141
3.105234
3.071290
3.243940
3.090293
3.209433
3.145050
3.053792
3.210455
3.256754
3.091180
3.164123
3.136366
3.085327
3.063860
3.178438
3.131337
3.162118
3.077554
3.087564
3.142840
3.118888
3.102817
3.206842
3.144236
3.061554
3.161004
3.132617
3.192484
3.194576
3.193376
3.100261
3.146551
3.099953
3.058848
3.083312
3.064284
3.072641
3.076856
3.141453
3.181891
3.228599
3.190804
3.155397
3.127512
3.149972
3.172748
3.186613
3.057921
3.036904
3.185154
3.142690
3.114637
3.117634
3.126224
3.144156
3.083021
3.063804
2.908723
3.143708
3.095587
3.112687
3.207923
3.111193
3.073823
3.026080
3.115508
3.009737
3.107285
3.186077
3.141845
3.150203
3.206612
3.182021
3.126527
3.170615
3.089053
3.161379
3.108093
3.089098
3.068629
3.114325
3.233010
3.113137
3.224151
3.040778
3.186696
3.159442
3.014744
3.093900
3.108581
3.113271
3.138494
3.105428
3.113701
2.975894
3.168360
3.149402
3.037216
3.147678
3.141012
3.072190
3.188768
3.056827
3.127726
3.128577
3.079377
3.258071
3.147022
3.131398
3.085253
3.159551
3.128815
3.080222
2.988962
3.034330
3.087948
3.096987
3.161688
3.043645
3.168389
3.168348
3.111241
3.112175
3.173919
3.193132
3.117472
3.001700
3.084582
3.163475
3.128224
3.149399
3.111937
3.073668
3.088026
3.105810
3.087583
3.188888
3.188620
3.038731
3.186222
3.151886
2.962769
3.170280
3.162550
3.075910
3.146034
3.150916
3.215669
3.130456
3.174672
3.268901
3.208588
3.146014
3.028649
3.122014
3.067005
3.081652
3.131830
3.150039
3.144143
3.176952
3.167239
3.159360
3.025837
3.173107
3.229867
3.078093
3.129582
3.066481
3.148014
3.106087
3.091073
3.066162
3.167070
3.111938
3.084600
3.081007
3.175294
3.026656
3.113693
3.106499
3.146002
3.101979
3.153454
3.015900
3.034864
3.226066
3.178804
3.279371
3.114016
3.142600
3.083776
3.069635
3.030800
3.151291
3.279874
3.081576
3.251771
3.052401
3.253490
3.092465
3.055113
3.125503
3.037612
3.158005
3.184117
3.098596
3.150061
3.161062
3.175484
3.147878
3.122492
3.151697
3.060677
3.160741
3.146637
3.065792
3.046447
3.099415
3.234996
3.141258
3.008067
3.179441
3.247439
3.067061
3.115338
2.989161
3.112478
3.093479
3.196123
3.133116
3.219301
3.141411
3.186592
3.172067
3.065074
3.157340
3.150648
3.048580
3.138331
3.122181
3.082991
3.157355
3.204977
3.192425
3.140228
2.995985
3.099334
3.055427
3.099856
3.191518
3.189169
3.073449
3.040713
3.173876
3.078769
3.276891
3.086272
3.150956
3.154939
3.064427
2.952463
3.079672
3.198157
3.166155
3.062748
3.095921
3.168016
3.135555
3.136057
3.125073
3.130370
3.004119
3.189156
3.039211
2.993115
3.135796
3.117398
3.233570
3.147116
3.131622
3.107686
3.081283
3.213897
3.167403
3.156633
3.205059
3.133040
3.010993
3.067319
3.165446
3.074928
3.145053
3.118940
3.214351
3.067118
3.020245
3.126635
3.088080
3.308737
3.036065
3.173696
3.068248
3.134419
3.249060
3.183266
3.079520
3.142006
3.031357
3.109489
3.224803
3.134757
3.020113
3.175320
3.047217
3.047613
3.156814
3.118588
3.096115
3.118657
3.175616
3.233611
3.193197
3.049093
2.970146
3.031087
3.114079
3.122504
3.137753
3.064274
3.111766
3.156131
3.190887
3.083345
3.086136
3.142697
3.163899
3.149218
3.143721
3.113303
3.127770
3.095868
3.073114
3.057756
3.254412
3.007506
3.179244
3.223633
3.185471
3.044497
3.130142
3.121790
3.152070
3.164048
3.033184
3.056684
3.205988
3.084998
3.286618
3.097868
3.158372
3.134295
3.063941
3.170417
3.244791
3.197509
3.069117
3.110278
2.995877
3.099436
3.054515
3.128105
3.120714
3.175554
3.141009
3.253291
3.171609
3.202637
3.153163
3.087390
3.078949
3.219520
3.105945
3.079666
3.161261
3.166472
3.005810
3.087816
3.112023
3.068197
3.199868
3.118965
3.155394
3.163511
3.294012
3.134768
3.124928
3.180066
3.121780
3.130908
3.158249
3.175033
3.139123
3.066747
3.042206
3.164840
3.138738
3.108199
3.219195
3.116294
3.167167
3.123753
3.009768
3.139840
3.110408
3.125941
3.079612
3.310937
3.232941
3.076700
3.088896
3.110261
3.060551
3.016254
3.147765
3.112557
3.046672
3.090042
3.160912
3.147158
3.067695
3.029616
3.147786
3.211647
3.118129
3.168813
3.098048
3.184168
3.128776
3.142420
3.164596
3.134584
3.232699
3.104244
3.161623
3.200462
3.120875
3.025320
3.000292
3.238121
3.096584
3.064649
3.179922
3.077954
3.221814
3.241703
3.143171
3.081822
3.156861
3.160340
3.130298
3.132823
3.253310
3.085197
3.080932
3.108785
3.109170
3.163298
3.047864
3.161697
3.036391
3.049278
3.162514
3.147800
3.135234
3.056893
3.139538
3.082704
3.095659
3.108567
3.038975
3.145288
3.064990
3.113728
3.267672
3.137420
3.064558
3.062074
3.113587
3.132666
3.239616
3.084754
3.059375
3.075070
3.158075
3.012992
3.243094
3.160184
3.172687
3.098035
3.155243
3.119932
3.239839
3.109457
3.192428
3.017451
3.091754
3.200363
3.248718
3.179820
3.136724
3.040330
3.206574
3.158435
3.040939
3.105675
3.234587
3.082264
3.063324
3.256038
3.073215
3.091356
3.190557
3.292596
3.144323
3.015176
3.082792
3.096595
3.150424
3.156409
3.163034
3.128160
3.118452
3.235444
3.089874
3.068756
3.080711
3.197591
3.007993
3.114755
3.055078
3.223083
3.083044
3.067659
3.070862
3.162468
3.072285
3.195110
2.999430
3.127788
3.200301
3.071190
3.067669
3.182083
3.113047
3.153455
3.168748
3.045375
3.259080
3.130605
3.218107
3.157475
2.999071
2.927515
3.133955
3.076110
3.159214
3.163791
3.124186
3.165702
3.176435
3.140092
3.015120
3.224445
3.134887
3.162421
3.118129
3.165097
3.015646
3.053905
3.071315
3.084908
3.063916
3.026785
3.083065
3.160112
3.293876
3.181250
3.168331
3.167735
3.112144
3.058654
3.095956
3.133108
3.157550
3.087869
3.111523
3.158703
2.996830
3.055704
3.130247
3.154280
3.097943
3.135068
3.051705
3.214197
3.074797
3.102582
3.052842
3.092541
3.054889
3.143334
2.998323
3.099736
3.108289
3.094841
3.332102
3.063561
3.178368
3.031962
3.144753
3.104537
3.178923
3.071751
3.130304
3.163675
3.128025
3.209091
3.258218
3.134072
3.105472
3.129184
2.965990
2.998394
3.128110
3.186466
3.134538
3.011517
3.097127
3.143493
3.172316
3.126239
3.114456
3.074253
3.087984
3.102482
3.077967
3.209388
3.220382
3.025112
3.050034
3.163668
3.111690
2.989925
3.137753
3.119136
3.188450
3.106788
3.109674
3.105711
3.131861
3.062743
3.086039
3.105693
3.079166
3.033821
3.197815
3.171588
3.168370
3.173494
3.058585
3.101633
3.048564
3.113917
3.143050
3.162502
3.094021
3.057785
3.024165
3.180141
3.005589
3.181538
3.083682
3.042709
3.130190
3.122822
3.123286
3.176832
3.151569
3.058478
3.039715
3.173445
3.104903
3.085672
3.077608
3.144072
3.181184
3.121960
3.161737
3.222430
3.099186
3.115714
3.114641
3.190055
3.216848
3.041977
3.148588
3.173650
3.091880
3.151541
3.030981
3.151546
3.187146
3.133530
3.167505
3.146925
3.156368
3.076055
3.158291
3.127335
3.054985
3.103671
3.092572
3.029249
3.190036
3.145457
3.127558
3.122968
3.128899
2.989996
3.117236
3.100784
3.096224
3.097650
3.162460
3.178419
3.058584
3.131185
3.056757
3.034525
3.079755
3.124886
3.113906
3.171769
3.036644
3.140157
3.057215
3.173718
3.183739
3.149229
3.076547
3.075645
3.169194
3.053495
3.181716
3.094258
3.106590
3.101343
3.081154
3.209874
3.084001
3.154366
3.115177
3.203331
3.009023
3.187058
3.232686
3.127351
3.143716
3.125856
3.174736
3.174216
3.174593
3.222032
3.145418
3.111507
3.141533
3.200029
3.125959
3.170325
3.288267
3.137807
3.113663
3.065585
3.025107
3.206415
3.144606
3.078865
3.242225
3.096287
3.057384
3.180007
3.011360
3.047891
3.148028
3.033828
3.102597
3.201955
3.136395
3.088482
3.147152
3.128602
3.130903
3.200201
3.105346
3.104013
3.057616
3.117654
3.162104
3.191086
3.047728
3.173313
3.103044
3.192723
3.264493
3.212299
3.119040
3.118700
3.152548
3.201463
3.170219
3.131660
3.123739
3.185863
3.022129
3.070607
3.068236
3.149680
3.214574
3.176001
3.220653
3.149767
3.143406
3.108072
3.177482
3.137960
3.098005
3.095211
3.130220
3.075506
3.152883
3.101299
3.143012
3.063446
3.015751
3.151671
3.053063
3.067601
3.127036
3.191514
3.042622
3.145270
3.138388
3.125778
3.089961
3.112515
3.041346
3.159464
3.221154
3.181733
3.052969
3.191701
3.124322
3.127609
3.167312
3.137017
3.222218
3.129609
3.113732
2.958720
3.134067
3.069877
3.192279
3.098964
3.202546
3.092559
2.999236
3.098906
3.205826
3.094617
3.008058
3.117313
3.100671
3.065591
3.088689
3.118724
3.095329
3.229850
3.168068
3.080266
3.175396
3.075687
3.134097
3.085298
3.136873
3.130129
3.114384
3.092787
3.052575
3.136068
3.098536
3.184061
3.103614
3.167546
3.136053
3.094729
3.142247
3.086786
3.106482
3.190187
3.180838
3.199491
3.185161
3.186268
3.088090
3.040442
3.090123
3.072918
3.125212
3.032468
3.173696
3.208699
3.169979
3.258006
3.167998
3.013725
3.128914
3.140289
3.123424
3.131349
3.030626
3.076806
3.149845
3.065620
2.997318
3.249918
3.149953
3.073885
3.101424
3.188976
3.092894
3.034025
3.021020
3.148396
3.126905
3.188183
3.149679
3.165744
3.100898
3.109376
3.176028
3.201135
3.087001
3.081907
3.150951
3.146778
3.091444
3.209770
3.061833
3.189924
3.257573
3.107784
3.034856
3.115546
3.234368
3.094531
3.057326
3.088220
3.193316
3.179462
3.084494
3.240459
3.197657
3.168570
3.215235
3.106320
3.120693
3.183579
3.077728
3.200655
3.151225
3.129069
3.110538
3.104660
3.218457
3.035180
2.949355
3.271317
2.988022
3.107487
3.223409
3.113633
3.033262
3.201681
3.164822
3.190416
3.060127
3.152294
3.115336
3.040817
3.017881
3.011075
2.980680
3.102868
3.012627
3.093641
3.113072
3.143028
3.293616
3.178447
3.048684
3.222261
3.059655
3.271465
3.139308
3.077910
3.182217
3.159804
3.026512
3.027483
3.128213
3.192935
3.138723
3.086635
3.126550
3.030631
3.167268
3.174600
3.166120
3.240217
3.078727
3.121641
3.209063
3.188933
3.145598
3.093811
3.071378
3.142938
3.111121
3.107992
3.038203
3.234975
3.109087
3.173508
3.116885
3.271595
3.145484
3.168756
3.103823
3.191931
3.127193
3.195881
3.148364
3.145815
3.115672
3.083450
2.986915
3.056329
3.074373
3.111633
3.159421
3.115144
3.017745
3.138446
3.126608
3.211632
3.210719
3.169971
3.168493
3.063772
3.173550
3.107057
3.071471
3.034781
3.094881
3.168418
3.170199
3.021034
3.172388
3.110643
3.145200
