# Si-Si bond lengths (Angstrom)
# Total count: 10803
3.229399
2.962432
2.925419
3.032259
2.897630
3.425837
3.031784
3.240686
2.946544
3.055446
2.880610
3.041963
3.175781
3.208344
3.087622
2.962314
2.880918
3.155030
3.105478
3.151618
3.131428
3.046827
3.081362
2.970018
3.239803
2.974881
3.196859
3.122436
3.195752
3.153823
3.174509
3.059712
2.972486
3.138200
3.089373
3.122038
2.819223
3.044359
3.130704
3.154131
3.035433
2.897430
3.119977
3.081394
2.895405
2.976548
3.089191
3.066825
3.197135
3.081223
3.294595
3.094591
3.123360
3.088508
3.050903
3.132226
3.168851
2.993997
3.215041
3.107076
3.289820
3.249325
3.247853
3.019100
3.104275
3.130547
3.044663
2.929537
3.161442
3.161734
2.965615
3.276568
3.116190
2.812726
2.987993
2.851690
3.203811
3.161138
2.996808
3.005155
3.104585
3.012936
3.075311
3.129787
3.063202
3.300269
3.130023
3.062201
3.014560
3.275952
3.204886
2.965812
3.200496
3.094409
2.857185
3.098505
3.296218
3.293231
3.073553
3.134674
3.041178
3.066429
3.048770
3.133786
2.973983
3.148015
3.010248
3.042422
3.170682
3.042880
2.932000
3.129926
3.027468
3.084152
3.252683
3.079360
3.047543
3.190084
3.186325
2.864474
3.079664
3.177878
3.293218
3.124500
3.053167
3.142897
2.972733
3.099218
3.098734
3.138546
3.078464
2.831366
3.181379
3.032563
2.976232
2.950315
3.005663
3.161734
3.078524
3.118338
3.119694
3.021020
3.134772
3.158353
2.956626
2.984132
3.031823
3.091997
3.118989
3.032664
2.934999
3.003839
3.102020
2.985633
3.101865
3.173486
3.200644
3.197621
3.122550
3.106552
3.067602
3.247893
3.400694
3.105595
2.925645
3.096116
3.273492
3.235796
3.225083
2.966508
3.116107
3.090432
3.045866
2.945359
3.004141
3.092573
3.111562
3.151922
3.450157
3.071590
3.005863
3.041036
3.268578
3.198526
3.220279
3.343728
3.114452
3.146314
2.986250
3.077743
2.947945
2.929259
3.094867
2.945562
3.059024
2.999524
2.956034
3.028621
3.028393
3.056045
3.136031
2.937702
3.284703
3.072843
2.615727
3.084890
3.185055
3.247716
3.034500
3.210659
2.836519
3.057404
3.040439
3.259424
3.117165
2.940404
3.013621
3.224566
3.113698
3.286349
3.242494
3.291041
2.955274
3.089034
3.160873
3.132827
3.008117
2.935446
3.187173
2.849876
2.975884
3.115583
3.202107
3.075925
3.318776
3.044269
3.304258
3.111150
2.877941
3.166753
3.023858
3.104216
3.156732
3.063241
3.097233
3.227544
3.071225
3.231861
3.049719
2.905061
3.056293
2.895401
3.200199
3.324505
3.163574
3.093329
3.211648
2.924771
3.172051
3.138446
3.240337
3.136518
2.908909
3.028480
3.069981
2.972833
2.859665
3.028141
3.306064
2.950931
3.064441
3.172985
3.023781
3.119318
3.033666
3.053974
3.193207
3.066579
2.868458
3.024066
3.138498
3.243428
2.876250
3.076199
3.110228
3.140346
2.991724
2.835713
3.139896
3.154304
3.179354
3.192771
3.132599
2.873856
2.927580
3.153989
3.127256
3.161457
3.229268
2.997807
2.972194
3.061259
3.124172
3.078780
3.114152
3.142525
3.116190
3.098093
3.189401
3.035729
2.947291
3.236600
2.985015
2.937770
3.046906
3.006688
3.318352
3.177131
2.959346
2.953974
2.962103
3.220823
3.319208
3.144959
3.120028
2.902429
3.056424
3.124268
3.235275
3.005994
3.110622
2.811651
3.091780
3.189251
3.166596
3.316089
2.760133
3.042448
3.041949
3.346092
3.206407
3.017803
3.137717
3.270310
3.088201
3.026971
3.084770
3.124013
3.059168
3.049672
3.233667
3.064800
3.071731
2.967517
3.075403
3.083443
3.091133
2.980337
3.056178
3.217446
3.050093
2.829114
3.079229
2.887168
3.189681
2.906826
3.190169
3.132840
2.967478
3.142175
3.135302
2.842958
3.096337
3.079206
2.958380
3.184518
3.148318
3.077609
3.211828
2.883569
3.108435
3.189163
3.006764
3.160923
3.087125
3.166918
3.237528
3.244371
3.007191
3.089671
3.073764
2.756947
2.975954
3.085212
2.929821
2.987218
3.004242
3.087244
3.205715
3.300310
2.983513
3.217981
2.958538
3.140923
3.152605
3.089982
2.934037
3.087644
3.023294
3.161452
3.114008
3.147290
3.082756
3.235396
2.944409
3.070445
3.085575
3.073997
3.152123
3.197314
3.090265
2.878727
2.928311
3.043308
3.157202
3.002006
3.312841
3.146618
3.261161
3.051219
3.192383
3.286418
2.980205
3.043336
3.022917
3.035243
3.055921
3.184424
3.017704
3.099954
2.991465
3.275153
3.187457
3.067808
3.181043
3.296903
3.254367
3.057936
3.130702
2.924743
2.953939
3.006286
3.039113
3.092345
3.057959
3.133787
3.028435
2.770894
3.032761
3.067710
3.070397
3.047892
3.122393
2.831537
3.282844
3.286905
3.067304
3.194895
3.218726
3.253998
2.859850
3.146883
3.249890
3.056347
2.922705
3.114505
3.030551
2.985826
3.163470
2.937510
3.041806
3.284252
3.094568
3.222686
3.119010
3.186708
3.139967
3.041420
2.991043
2.999238
3.089131
2.915600
3.149012
2.967393
3.024001
3.221456
3.215629
3.189910
3.054492
3.168288
2.893588
3.162895
3.203991
3.241812
3.080092
3.023835
3.083989
3.130392
3.174725
3.275534
3.114793
3.029444
2.776303
3.220066
2.975862
3.117952
2.753811
2.903852
3.281087
3.320687
3.056372
3.161644
3.086895
3.140886
3.368377
3.004496
3.172913
3.061342
3.158783
3.232931
3.040548
3.068527
3.202906
3.125615
3.133909
2.977208
2.813128
3.191944
3.117092
3.160227
3.110584
2.923678
3.045205
3.028777
3.120405
3.011217
3.058132
2.884951
3.115871
3.203675
3.092041
3.099178
3.277176
2.933090
3.002798
2.888720
3.037663
3.005512
3.165936
2.889272
3.213284
3.186940
3.203304
3.072752
2.937504
3.161408
3.012924
3.100511
3.214107
3.076020
3.206968
3.245764
3.145978
3.016732
3.281163
2.948113
3.095650
3.328592
3.103750
3.065789
3.113955
2.958123
3.154463
2.910048
2.923022
3.138335
2.988085
3.206297
3.221075
3.173193
3.358964
3.065958
3.073864
3.056590
2.901162
3.356307
3.091599
2.812634
3.033822
3.096619
2.965237
3.273463
3.037464
3.156175
3.217484
2.943142
3.051524
3.293393
2.926758
3.027714
2.820143
3.073763
3.067513
3.053868
3.310798
3.169090
3.218717
2.997341
3.065959
2.946230
3.066351
3.016662
3.290592
3.113842
3.077769
2.996691
3.105717
3.202806
3.206981
3.121520
3.081500
3.091828
3.050622
3.074008
2.993170
3.096395
3.067546
3.062966
3.179281
2.809994
3.223869
3.219082
3.123612
3.091436
3.009431
3.070795
3.041465
3.034789
3.070812
3.122065
3.030053
2.984328
3.221580
2.908043
3.045605
2.913546
2.993580
3.271192
3.165370
3.043239
2.975429
3.051195
3.123856
3.067655
3.162671
3.087344
3.013927
3.046215
3.154320
3.203324
3.009387
3.117919
3.096833
3.378545
3.175466
3.126096
3.253725
3.154241
2.965775
3.079626
3.075848
2.955145
3.153670
2.962502
3.000524
3.091542
3.258385
2.956692
3.304333
3.080702
2.898277
3.273931
3.116534
3.030674
3.169523
3.258591
3.193486
2.984972
3.276740
3.138448
3.100313
3.048759
3.285529
2.968345
3.419975
3.189090
2.972353
3.152120
3.013388
3.277563
2.978171
3.033834
3.037753
3.185613
3.025013
3.008308
3.092644
2.988423
2.846189
3.195305
3.055573
3.038162
3.212094
3.152244
3.062261
3.041900
3.110307
3.154659
3.261930
3.201054
3.140165
2.888479
3.053823
3.133154
3.111807
2.980789
3.074188
3.075555
3.031291
3.255694
3.005242
3.043692
3.229769
2.960181
2.939200
3.043794
3.058249
3.002184
3.144574
3.329866
2.905179
3.130295
3.028433
3.087058
3.253225
3.020677
3.198242
3.255303
3.298883
3.233706
3.040638
3.105520
3.049427
3.005791
3.004304
3.126105
3.158350
3.073341
3.173189
3.277576
3.004415
3.098944
3.088088
2.989686
2.966900
3.204840
3.026570
2.981570
3.014670
3.062214
3.032727
3.101929
3.103289
3.054587
3.057764
3.019322
2.990917
3.159446
3.129878
3.132128
3.056815
3.255329
2.906247
3.055179
2.995698
3.123925
2.783570
3.178254
2.973416
3.192638
3.304209
3.295650
3.106566
3.163117
2.999536
3.023957
3.074094
2.898379
3.076380
3.055220
2.880388
3.178725
3.320011
3.128131
3.015621
3.015589
3.080298
2.978162
3.084562
3.101581
3.346470
3.185033
3.176163
3.064862
3.093997
2.926700
3.090491
3.383800
3.058715
3.037647
2.891195
2.745601
2.999839
2.928031
3.077175
3.058738
3.003454
3.296474
3.427511
3.146641
3.151709
3.038896
2.980172
2.986393
3.299044
3.052330
3.003476
2.931628
2.824478
3.255394
3.184553
2.955406
3.067130
3.088396
3.000025
3.318373
3.104501
3.232572
3.008397
3.095753
3.082803
2.907708
3.043480
3.035176
3.084704
2.973431
3.147991
3.088419
2.967674
3.288273
3.135205
3.188439
2.939727
3.181856
3.125832
3.007824
3.203061
3.019826
3.120893
3.251331
3.087745
2.987270
3.084005
3.058004
3.040398
3.059413
3.268390
2.948995
3.036650
3.169808
3.033931
3.107178
3.099196
3.060464
3.043686
2.993696
3.225243
3.073184
3.161336
2.824069
2.908571
2.828950
3.385581
3.029870
2.970868
3.378688
3.232599
3.170069
3.151207
2.927272
3.052078
3.159258
3.009502
3.146368
3.040763
3.279150
2.905316
3.012430
3.086789
3.301777
2.986836
3.252357
3.179015
2.806430
3.124084
3.118880
3.155059
3.184160
3.031473
3.162115
2.841172
3.195244
3.114470
3.162781
3.183186
3.146004
2.965969
3.096523
3.229423
2.959043
2.875118
3.136956
2.878627
3.291033
3.095072
2.969848
3.012875
3.065499
3.138215
3.077062
3.123543
3.021391
3.009460
3.015193
3.165541
3.045480
3.057403
3.095413
2.966812
3.228216
3.033775
3.000600
2.844491
3.179443
2.995275
3.025080
3.285910
3.002774
3.328158
3.145962
2.908674
3.081887
3.083942
3.219183
3.040176
3.160872
3.149702
3.367037
3.168437
3.246443
3.167446
3.212457
3.004306
3.132488
3.086495
3.036811
3.249093
2.990724
2.996918
3.354919
2.985821
3.287019
3.196127
3.062958
3.152191
3.134153
3.120686
3.134477
3.140881
3.116618
3.273082
2.845932
3.060965
3.031602
3.083511
3.117952
3.346620
2.943144
3.079531
3.012311
3.007478
3.292972
3.141888
3.159217
3.219880
3.227105
3.113608
3.165451
3.084071
3.294180
3.078494
3.111373
2.855687
3.031616
3.250912
3.115821
3.214909
2.991271
2.945391
2.903176
3.178028
3.173894
3.095844
2.866991
3.031684
3.055965
3.231804
3.172230
3.144246
3.084324
3.020574
3.066747
3.238124
2.929212
3.221421
2.955497
2.891741
3.088734
2.988288
2.876777
3.082249
3.325807
3.054151
3.137635
2.999135
3.230538
3.019641
3.195962
3.050956
3.284714
3.194981
3.073053
3.129920
3.181398
2.844712
3.334563
3.095593
3.032147
3.269315
3.112247
2.825811
3.213062
2.928919
2.921954
3.200907
3.121905
3.033945
3.115847
2.947174
2.921346
3.103899
3.211139
3.204346
3.099919
3.152749
3.044354
3.288220
3.013578
2.982559
3.078223
3.094724
3.280903
3.031340
3.031058
3.035039
3.221327
3.035220
3.239002
2.965070
3.052395
3.176479
3.101603
3.127658
3.147318
3.178748
3.051565
3.125382
3.119412
3.177765
3.161123
3.281221
3.047266
3.006027
3.144135
3.026847
3.167362
3.406955
3.056664
3.191873
3.186902
3.049925
3.293961
3.120952
2.988821
3.017518
3.141391
2.975428
2.965869
2.949652
3.071670
2.966028
3.295007
3.109520
2.993832
3.294393
3.191706
3.160249
3.086238
3.144240
3.147519
3.035257
2.979543
3.108455
3.105856
3.126904
3.024549
3.178306
3.235687
3.199046
2.856105
3.101649
3.139016
3.025790
3.169665
3.128522
2.995914
2.952781
3.093042
3.182517
3.079665
3.111577
2.983078
3.020819
3.316446
3.179002
3.084247
3.266337
3.238743
3.248417
3.100631
3.000896
3.094471
3.042361
2.981085
3.029037
2.898409
3.177920
3.374635
2.944289
3.217778
3.160556
2.777123
3.032363
3.120113
3.267991
3.106650
3.012960
3.188450
2.871694
3.155065
3.074881
3.046510
3.049075
2.924456
3.019009
2.974675
2.813516
3.120312
2.879585
3.082522
3.042037
3.223647
3.086041
3.014175
2.835109
3.044577
3.010047
3.163780
3.158083
3.129950
3.327780
3.084330
3.084757
3.088549
3.048071
3.094798
3.231424
3.026432
2.923591
3.136451
2.997739
3.142369
3.043338
2.800503
3.070228
3.118659
3.166550
3.045051
3.013802
3.095501
2.844413
3.067959
3.050843
3.036165
3.011624
3.251659
3.209703
3.087908
3.142130
3.095097
2.975290
3.023153
3.067862
3.033657
3.099228
3.112247
3.150705
3.246894
3.212205
3.213529
3.303411
3.283360
3.090954
2.969389
3.145823
3.279688
2.987892
3.107888
3.010814
3.234298
3.049870
3.035659
3.164294
3.220041
2.982208
3.308574
3.225372
3.002232
3.061142
3.075896
2.945529
3.087568
3.236491
3.203243
2.814783
2.912128
3.120726
3.155054
3.250534
3.203012
3.299210
3.032122
3.126244
3.012071
3.164496
3.029906
3.067288
2.974083
3.157689
3.077682
3.092688
3.183857
2.945192
3.027425
3.036525
3.266832
3.096171
3.101326
3.026177
3.254530
3.096287
2.912673
2.964825
3.206446
3.083712
2.985314
2.935152
3.253596
3.089301
3.195544
3.045573
3.154506
3.160289
3.199007
3.244484
2.858853
3.245581
3.035618
2.876975
2.952634
2.927081
3.210245
3.121961
3.234978
3.174741
3.061312
3.021728
3.143390
3.129458
2.960785
3.034274
2.997528
3.217200
3.072363
2.957978
3.102462
3.129165
3.280512
3.022010
3.268469
2.874256
3.116589
3.255713
2.903098
3.167793
3.005916
3.052090
3.071646
3.112901
3.040215
3.196117
3.063657
3.065448
3.086966
3.204119
3.054733
3.099146
2.895104
3.059501
3.142450
2.884062
3.094115
3.197862
2.925500
3.071988
3.097731
3.193906
3.150534
3.058524
3.142230
3.204557
3.185556
3.264025
3.092290
3.127031
3.036873
3.099108
3.247297
3.030862
3.085127
2.980012
2.835577
2.981632
3.076219
3.087969
3.157421
2.965652
3.239881
2.983779
3.107852
3.169127
2.981462
3.068649
3.311845
3.098644
3.115735
3.187546
3.111227
3.248475
2.852148
3.065055
2.987787
3.002023
3.084232
3.186070
3.088898
3.421159
3.119746
2.920691
2.936428
3.102190
3.071532
3.047627
3.287618
3.212001
3.280178
3.060513
3.099073
3.338211
2.934848
3.012331
3.130759
2.893637
2.930714
3.000603
2.983393
3.174865
3.003850
3.135748
3.016679
3.174332
3.157245
3.027956
3.090241
3.192957
3.074495
3.181816
2.986129
3.028702
3.210708
3.347164
2.900595
3.134343
2.984846
3.247710
3.004606
3.389429
3.207741
3.052566
3.025997
3.105389
3.105985
3.161663
3.238416
3.131526
3.082904
3.098339
3.011652
3.181864
3.221462
3.115351
3.189278
3.132450
3.018165
2.956098
2.985292
2.924133
3.175155
2.961627
3.360035
3.101632
3.112207
3.033946
3.239824
3.060617
3.073252
3.170228
3.158111
3.002510
3.239569
3.150686
2.993130
3.103354
3.084040
3.081001
2.989943
2.936881
3.119596
3.069335
2.928457
3.258595
3.021295
3.069907
3.005059
3.107764
3.194277
3.262017
3.066970
3.185964
3.018125
2.944103
2.956236
3.154385
2.912168
3.108906
3.043389
2.984064
3.106881
3.149790
3.351617
3.028065
3.063348
3.212932
2.862825
3.147033
3.263525
2.939099
3.170317
2.862381
2.813024
3.074124
3.110907
3.107301
2.857467
3.164316
3.032381
3.094257
3.088080
3.113043
3.073231
3.103230
3.055718
3.067403
3.056498
3.019999
2.997190
2.848897
3.002404
2.760474
3.109516
3.022482
3.078891
2.978916
3.042549
3.134535
3.259810
3.026367
3.205984
3.179114
3.203018
3.020172
3.189365
3.156580
3.130367
2.909141
3.163367
3.073574
3.074063
3.095283
3.265586
3.061988
3.016358
3.143351
3.083519
3.076789
3.172664
3.076465
2.995036
3.059039
3.039510
3.324182
3.179179
3.065488
3.046338
3.092152
3.072374
2.926438
3.172809
3.091272
2.874703
3.109835
3.157125
3.154040
2.931019
3.102529
2.969042
3.403807
3.226323
3.137613
3.212211
3.009807
2.815702
3.082733
2.968867
3.078130
2.881205
3.352772
3.041801
3.046074
3.001611
3.169081
3.127758
2.995566
3.103813
3.001215
3.074582
2.913156
3.160120
3.188988
3.102565
3.104768
3.089035
2.990918
3.042343
3.044161
3.185516
2.950303
3.033354
3.093623
3.092311
2.951460
3.049046
2.938300
3.251825
3.048824
3.321285
2.978911
3.025385
3.208017
3.135638
3.094954
3.122474
2.974876
3.097561
3.084662
3.124919
3.147110
3.096044
3.062473
3.253351
3.150506
3.007275
3.021351
3.218516
3.000994
3.185383
3.164089
2.899726
3.071404
3.128460
3.092257
3.307788
3.251606
3.175792
3.389869
3.120986
2.967520
2.910944
3.040735
3.210831
2.911888
3.003367
3.106948
3.293493
2.994205
3.045199
3.037769
3.159693
3.069530
3.163706
3.059874
3.051861
3.231830
3.056803
3.069640
2.974689
3.065484
3.222094
2.916157
3.173072
3.094742
3.082566
3.026039
3.033607
3.162634
3.128747
3.318077
3.174644
2.963011
3.044640
3.001806
3.080544
2.949039
3.063132
3.186731
2.948500
3.048577
3.047779
3.198217
3.166436
3.105901
3.171322
3.053991
3.374892
3.019235
2.906009
3.072749
3.126404
2.676828
3.164217
3.121577
3.170047
2.707562
3.288456
3.051883
3.190383
3.260626
3.112898
2.878259
3.401672
3.083524
3.208975
3.103413
2.803675
2.969114
3.020232
3.042466
3.088576
2.932517
3.229176
2.827381
3.029204
3.393334
2.978919
2.819382
3.317620
3.089486
3.220483
3.184464
3.060921
3.016297
3.176259
3.271330
3.156667
3.093836
3.071362
3.185360
3.146527
3.095325
2.905837
3.180141
3.305079
3.105161
3.273062
3.148106
3.125809
2.758418
3.027055
2.875545
2.877197
2.990089
3.192561
2.988301
3.105014
3.119532
3.013357
2.996835
3.105904
3.164213
3.281684
3.099168
3.109772
3.138321
3.142581
2.960317
3.103017
2.927933
2.972454
2.979313
3.092940
3.179133
3.133867
3.305114
3.027938
2.990740
2.900189
2.906871
3.034264
2.967377
3.057969
2.877760
2.957184
3.276019
3.241497
3.067212
3.064174
2.888651
3.150990
3.058800
3.124779
3.078859
3.190570
3.128551
3.094367
2.935904
3.069259
3.020510
3.169836
3.031252
2.984617
2.955345
3.036903
3.117429
3.003417
3.078728
3.177795
3.063320
3.086050
3.091425
3.043657
3.327427
3.201084
3.163803
3.056176
2.897974
3.002863
3.094404
2.908839
3.188803
3.139933
2.937434
3.114724
2.984675
3.051691
3.072641
3.048433
3.082426
3.125553
3.091184
3.143009
3.087002
3.276159
3.202923
2.972719
3.006741
3.068154
3.257157
3.198486
3.623496
3.108866
2.924265
3.011791
3.093644
3.219461
3.136437
3.147995
3.174241
3.035170
3.101281
2.973160
3.018564
3.063525
2.997588
3.008816
3.254429
3.137445
2.800639
3.076837
2.965034
2.837857
3.092079
3.018042
2.997675
3.226961
3.063823
3.172100
3.003945
3.054991
3.072774
2.954665
3.024229
3.152675
2.875991
2.957338
3.202796
2.879318
2.868605
3.120913
3.125369
3.040881
3.229767
3.025650
3.089496
3.187849
3.040467
3.101547
2.868214
2.984893
3.089967
2.886050
3.136616
3.002134
3.052523
3.228932
3.351623
3.254675
3.110403
3.048820
3.059055
3.048118
3.213509
3.018973
2.901579
2.935221
3.044549
3.185669
3.036937
2.917611
2.929121
2.977923
3.096647
3.018463
3.176892
3.000907
2.944541
3.249120
2.988358
3.183263
3.065632
3.246412
3.242660
3.110533
3.222867
3.092650
3.370194
3.174956
3.077270
3.027763
3.135808
3.146303
3.159939
3.036517
3.013544
3.046425
2.833892
3.057351
3.008114
3.323459
3.106855
3.000151
2.887090
3.165079
3.201972
3.176148
3.128975
3.023084
3.173209
2.952392
2.959598
3.211926
3.159772
3.138059
2.978928
3.154457
3.052230
3.084552
3.133126
3.051061
2.976447
2.955057
3.239675
3.022522
3.002863
3.034578
3.069455
3.057867
3.191294
3.041338
3.033373
3.083664
2.903384
3.097385
3.064671
2.917607
3.047077
2.974859
3.099436
3.005564
3.197948
2.896449
3.138894
3.307087
3.146053
2.986860
3.162403
3.137846
3.182432
3.182799
3.096306
2.859685
2.963375
3.010229
3.206341
3.046471
3.144944
2.884313
3.096995
2.974155
3.058152
3.255904
2.816377
3.269582
3.212530
3.056431
3.101303
3.214925
3.361796
3.076578
3.026551
3.044958
2.971550
3.020284
3.090480
2.858175
3.131509
3.196441
2.801784
3.112867
2.963777
3.065051
2.953798
3.004654
2.881871
3.310324
3.038410
3.206830
3.008969
3.140987
3.194710
3.130948
2.788265
3.352107
3.039653
3.320347
3.057069
3.119602
3.078414
3.085336
3.109200
3.174234
3.045704
3.013129
2.937901
2.911510
3.045681
3.023369
2.954984
3.188597
3.088648
3.014898
3.290275
3.153143
3.062665
3.023715
2.942524
2.897294
3.067074
3.103686
2.761140
2.881483
2.964128
3.164384
2.994930
3.213758
3.338887
3.086503
3.222444
2.999497
3.078213
2.858374
3.189714
2.911333
3.144091
3.085048
3.144896
2.778502
2.960574
3.065273
3.087967
3.055345
2.953362
3.193121
3.083672
3.097573
3.139137
3.241159
3.090616
3.081892
3.087964
3.079977
2.909554
2.964545
3.183216
3.123174
3.001048
3.304291
3.085120
3.001941
3.157955
3.051395
3.096166
3.068730
3.035343
2.884887
3.182707
3.275218
3.212282
3.146428
3.008307
2.982200
2.966895
3.263118
3.106126
3.036429
2.993671
3.228311
3.142343
3.173497
3.156877
3.146712
3.112545
3.233893
3.241864
3.090170
3.019934
2.845507
3.047212
2.968452
3.107245
3.104369
2.963447
3.121581
2.982796
3.218893
3.012676
2.969415
3.113750
3.090460
2.953480
2.929214
2.960377
2.861253
3.114277
3.271949
3.109767
2.930506
3.202299
3.093525
2.973461
2.956700
3.164842
3.262025
3.041111
3.277629
2.977213
3.119726
3.077713
3.259008
3.002685
2.976896
2.794248
2.734723
3.105282
3.091795
2.979859
2.881222
2.985661
3.005822
3.033095
3.082244
3.109371
2.821769
2.889657
3.327412
3.075588
3.060862
3.119466
3.115681
3.137315
2.994221
3.033217
3.079723
3.230371
3.048077
3.210403
2.933475
2.980797
2.996963
2.903339
3.039794
2.934316
3.016445
2.922741
3.288589
2.866907
2.921236
3.091980
3.246175
3.092817
2.946258
3.087423
3.143345
3.058369
3.114058
2.969517
3.171350
3.024472
3.059084
3.162564
3.114212
3.079012
3.167310
3.233492
3.177364
3.224039
2.995227
3.069420
3.035675
2.959356
3.096028
2.954852
3.160247
3.150082
3.133134
2.901493
2.969718
3.180247
3.322087
2.943585
3.024528
3.299277
3.161650
3.185568
3.072949
2.995008
2.928826
3.463345
3.156252
3.042019
3.226632
3.120803
2.924343
3.218446
2.887625
3.035889
3.070497
3.084186
3.056501
2.923711
3.201313
3.013365
3.108123
2.860320
2.935546
2.997998
3.174356
3.341049
2.943811
2.992830
2.881393
2.977486
2.933735
2.875560
3.303624
3.038809
3.001752
3.036917
3.188859
3.145473
3.145824
2.987518
3.216051
2.998505
2.924756
2.898102
3.024743
3.001309
3.177446
3.002188
3.087001
2.903291
3.202016
3.153646
3.265146
3.157985
3.242910
2.830463
3.187084
3.180601
3.238701
3.276729
2.911803
3.138217
3.056371
3.025845
3.232568
3.268719
3.194791
3.172564
3.040342
2.944409
3.064155
3.053380
3.261820
3.099704
3.132313
3.064838
3.398489
3.168749
3.064613
3.013631
3.148058
3.005137
3.045556
3.177483
3.093258
2.939119
3.176762
3.126974
3.179507
3.012818
3.174432
3.188655
3.052835
3.103634
3.069887
2.865643
3.014742
3.119772
3.240600
3.106746
3.014405
2.967150
2.905043
3.080492
3.056443
3.109145
3.079944
3.129481
3.060823
3.026117
3.087966
3.175845
3.108587
3.056998
3.149725
3.124988
3.310864
3.020439
2.901008
3.243626
3.145067
3.028565
3.074443
2.993790
3.108231
3.065132
2.935036
3.169110
3.056643
3.143124
2.943452
3.126702
3.197375
2.878048
3.135780
3.020875
3.066941
3.066021
3.012312
3.188875
2.953395
3.292429
3.182221
2.909316
3.101110
3.183374
3.067577
3.212344
3.147970
3.018675
3.122823
3.062146
3.134428
3.187254
3.072838
3.219208
3.209898
3.061753
3.112950
3.093454
2.955027
3.213384
3.120025
3.059952
3.018306
3.104965
3.122818
3.141526
3.209742
3.190756
3.069421
3.211224
3.139321
2.978687
3.285787
3.039434
3.151251
2.791725
3.248401
2.890924
3.028916
3.071841
3.050834
3.060667
3.229356
3.280880
3.049043
3.014861
3.078946
3.056476
3.085023
3.221753
2.885009
3.188654
3.107061
3.145063
3.136735
3.086211
3.232125
3.033959
2.974959
3.006399
3.031970
3.077811
3.302170
3.222748
2.793155
3.071587
2.992215
3.014756
3.155614
3.217964
2.993222
3.206018
3.206446
2.904351
3.265035
3.222516
3.158612
3.159305
2.884113
3.224557
3.313589
3.024757
3.157256
2.967416
3.180842
3.174289
3.273988
2.966697
2.983260
2.958444
3.171120
2.866771
2.940958
3.115475
3.161763
3.022606
3.075079
3.143241
3.224502
3.297455
3.019185
3.108903
3.152396
3.129869
2.992625
3.278381
3.253731
2.905576
3.131892
2.978896
3.233934
3.322066
3.015875
2.939968
3.122396
3.281563
3.002222
3.099829
2.913714
3.267002
2.696447
3.224610
3.135537
3.170972
3.185365
2.893920
3.200686
3.103613
3.099498
2.912698
3.377379
3.047455
3.171433
3.105476
3.090835
3.188560
3.198427
3.035148
3.045942
3.112001
2.960076
3.128333
3.392556
3.199897
3.117672
3.229950
2.851068
3.045557
3.072713
3.026256
3.042196
3.103306
3.180732
3.149493
2.956639
3.137717
3.221000
3.143194
2.934461
3.154984
2.986688
2.877081
3.134729
3.145708
3.137569
3.005972
3.119166
3.112877
3.218607
3.145811
3.189153
3.298982
3.133287
3.258019
2.861051
3.007373
3.171889
3.022774
2.878652
2.972342
3.211994
2.934789
2.957776
3.108542
3.077092
3.182805
3.181688
2.877247
3.094728
3.171170
3.120318
2.965530
2.827785
3.022572
2.903902
3.115498
2.965904
2.822202
3.276949
3.139574
3.136101
3.195150
3.170386
3.194445
3.104688
3.293706
3.184096
3.192516
3.258412
2.942284
3.010298
3.063688
2.978168
3.333559
2.964410
3.059460
3.017635
3.091168
2.975075
3.214675
3.238872
2.925847
3.219222
3.173522
3.060598
3.213729
3.088731
3.231771
3.062824
3.064196
3.173657
2.745750
3.257506
3.104361
2.982536
3.330498
3.324492
3.151094
2.986862
3.001884
3.067948
3.146297
2.919294
3.251336
3.276755
2.961161
2.976836
3.189152
3.051212
3.151716
3.281038
3.093038
2.921760
3.281526
3.271521
3.001020
2.893380
3.195770
3.150490
2.904515
3.124224
3.039724
3.182309
2.928413
3.070035
3.225079
3.126038
3.142930
3.043959
2.938251
3.234626
3.332480
3.315276
2.957296
3.155432
3.225838
2.968441
2.908061
2.910622
3.326384
3.164956
3.227560
3.202592
3.181464
3.160703
2.865784
3.284897
3.198217
3.001232
3.059403
2.842851
3.148224
3.058015
3.058303
3.020856
3.182946
3.177298
3.146313
3.140347
3.285325
3.066375
3.122060
2.956610
3.207849
3.332714
3.113409
2.894430
3.177648
3.149756
3.012129
3.226187
3.254583
3.211598
2.782839
3.015690
3.126255
3.053293
2.945349
3.215752
2.845351
3.347313
2.965182
3.107959
3.292377
3.040372
3.202118
2.993365
3.041793
3.007833
3.139262
3.095113
3.036448
3.139333
3.042332
3.166562
3.193009
3.112483
2.983805
3.220817
3.330349
2.965565
3.235764
2.946055
3.122253
3.088958
3.160873
3.145214
3.126810
3.050863
3.046523
3.018191
3.081236
3.042201
3.223868
2.944417
3.266289
3.196942
3.211864
2.955331
2.902673
3.300475
3.027954
3.071765
3.154604
2.944640
2.942312
3.041126
3.278080
3.185991
3.321853
3.132160
3.158173
3.086256
2.873954
2.971238
3.020477
3.094697
3.091661
3.079389
3.085618
3.022840
3.200881
3.058371
3.099323
2.975426
3.226357
3.331670
3.038477
3.223889
3.128354
3.107862
3.218998
3.383109
3.092002
3.070137
3.021788
3.088395
3.085198
3.160401
2.836045
3.145796
3.133155
3.063412
3.219474
3.160771
3.142014
3.035040
3.078227
3.145570
3.055913
3.094383
3.278069
3.224551
3.007783
3.072397
3.054432
3.060175
3.424495
3.142630
3.328874
2.961208
3.180530
3.089008
3.096858
2.902036
3.181022
2.967320
3.140102
3.199202
3.182813
2.907028
3.197042
2.951380
3.147564
3.146048
3.205878
3.033445
3.213858
2.959034
3.114178
3.226235
3.239204
3.253774
2.971070
3.139683
3.285205
2.941897
3.247550
2.960332
3.187599
3.041499
3.016095
3.211301
3.081554
3.172735
3.194666
3.213478
3.105802
3.238657
3.115120
3.090830
3.149068
3.139975
3.056164
3.108394
3.076288
3.107753
3.173794
3.056894
3.181482
2.962309
3.219216
3.111768
3.197534
3.154271
3.099199
3.238759
2.924429
3.087368
3.131844
3.093664
3.118842
3.023761
3.258466
3.223089
3.215731
3.274793
3.059193
3.277099
3.068765
3.070803
2.973692
3.178989
3.053104
3.071752
2.918531
3.271653
3.194987
3.148956
3.098100
3.189911
2.940833
3.283084
3.288513
3.173695
2.988441
3.149775
2.992727
3.150328
2.971471
2.981920
3.070927
3.297342
2.997280
3.182461
3.344656
3.337501
3.054202
3.157257
3.077000
3.098335
3.169040
3.336022
3.034992
3.040510
2.902547
3.110789
2.898468
3.134129
2.995711
3.095752
3.096091
3.149277
3.268090
3.155130
3.107056
3.418332
3.046836
2.946359
3.062193
2.973333
3.154736
2.951981
2.940872
3.279327
3.048017
3.111525
3.024645
3.010535
3.225610
3.228245
3.106137
3.134341
3.159400
3.034368
3.263143
3.229873
3.091348
2.959925
2.979880
3.086407
2.817683
2.972627
2.953637
3.135188
3.099958
3.042173
3.062159
3.204449
3.098681
3.185104
2.951260
3.151656
3.141425
3.202771
2.899521
3.060445
3.244237
3.089907
3.107785
3.176929
3.155348
3.274845
3.047531
3.106277
3.228446
3.169058
3.189738
2.994294
3.021272
3.168386
3.129892
2.979578
2.922172
3.036453
3.267788
3.076557
2.974083
3.318602
3.112231
3.015238
3.053854
3.008380
3.011714
3.093691
2.928059
3.017737
3.221070
3.020542
3.268393
3.346986
3.078957
3.065061
3.029700
3.054174
2.999015
3.233381
3.155723
3.082677
3.147657
3.065091
3.140217
2.854978
3.229929
3.062603
3.119958
3.048134
2.879073
3.076410
3.341973
2.892083
3.201387
3.138203
3.092545
2.855373
3.584855
3.013444
2.898532
3.139668
3.034616
3.291929
3.276587
3.074178
3.332064
2.972218
3.123213
3.103351
2.992565
3.184909
3.099248
2.979789
3.186653
2.840417
3.044079
2.930211
3.151008
3.129195
3.202441
3.182201
2.918195
3.051522
3.171698
3.032959
3.205681
3.223460
3.017875
3.082583
2.923673
3.102404
2.981815
3.124137
3.357777
3.156411
2.882809
3.029073
3.281727
3.186383
2.970142
3.210703
3.200077
2.908427
3.042895
3.195002
2.819945
3.229807
3.009019
2.979154
3.064339
3.353620
2.915334
2.930140
3.272544
3.321432
3.052496
3.182282
2.914042
3.119040
2.960161
3.079873
3.093912
3.167422
3.052001
3.182004
3.282896
2.852209
3.233529
3.138275
3.206378
3.364935
3.068866
3.111999
2.963779
3.131613
3.098507
3.088908
2.989383
3.054911
3.253548
3.022439
3.115635
3.080640
2.906770
3.030904
3.279602
3.293635
2.935938
3.155133
3.225395
3.192608
3.050489
3.126781
3.024825
3.116895
3.043555
3.246092
3.325275
3.012496
2.985065
3.075440
3.150641
2.982673
2.860067
3.125961
3.196907
3.061096
3.201620
3.136189
3.231455
3.303322
3.133549
3.277444
3.052212
3.113095
2.964449
2.980088
3.169061
2.972957
2.882676
3.098337
3.058287
3.017762
2.938486
3.233657
3.016418
3.263914
3.138614
3.167365
2.942719
3.365505
3.108862
3.220042
3.095751
3.316887
3.220326
3.411785
3.152335
3.072269
3.308157
3.075785
3.152191
3.243441
3.231586
3.146182
2.934757
3.097775
2.914731
3.032561
2.935912
2.893163
2.990180
3.223224
2.755339
3.136598
3.117499
3.051869
3.034064
3.085501
3.360183
3.339372
3.027645
3.093017
3.087836
2.921451
3.036306
3.220812
3.074726
3.150317
3.272105
3.256638
3.382806
3.194800
3.067295
2.884068
3.045137
3.268116
3.240322
3.111352
3.256451
3.029363
3.060954
3.201762
3.203560
3.024987
3.185694
3.297839
3.097357
3.142933
3.159239
3.081857
3.089666
3.323531
2.899362
2.990043
3.154891
2.952669
2.982372
3.072218
2.996328
3.135935
3.260072
3.119125
3.133518
3.134753
3.313492
3.085043
3.131405
3.140042
3.267599
2.883843
3.224317
3.237234
3.010041
3.068558
3.352626
3.246707
2.933593
3.111299
3.283837
2.938988
3.176655
2.887539
3.121336
2.997152
2.966394
3.134656
2.971188
3.043528
3.220172
3.144707
3.113098
3.289996
3.135906
3.191112
2.868504
3.139245
3.130035
3.236491
3.118748
3.127631
3.215371
3.118571
3.198961
3.126194
3.239481
2.971453
3.050848
3.021184
3.079726
2.987288
3.054343
3.149427
3.151707
3.136587
2.973806
3.053874
2.845272
3.212602
3.149184
2.955564
3.427565
2.993405
3.154923
3.214718
2.914835
3.232736
3.177769
3.078158
3.248162
3.007835
3.290221
3.168706
2.957180
3.063385
3.106635
3.285933
3.354697
3.246289
3.058283
3.102111
3.218843
2.752085
3.235688
3.080633
3.332113
2.821427
3.220649
3.148408
3.023626
2.808055
3.323019
3.215104
3.067694
2.946924
3.302108
3.208852
3.137732
3.000442
3.246059
3.098451
3.318946
3.140843
3.002928
3.166325
3.179661
3.259853
2.840310
3.313582
2.907249
3.303585
3.424771
2.798781
3.296721
3.012337
2.963957
3.333242
2.972067
2.976442
3.162253
3.078057
2.942539
3.091953
3.152256
3.157508
3.198369
3.028381
3.020726
2.758109
3.061613
2.914714
3.255894
3.201662
3.136513
3.135032
3.081846
3.276759
3.175077
3.402033
3.183679
3.163600
3.042790
2.959160
3.189902
2.984800
2.987141
3.211549
3.154144
3.109019
2.885912
2.937792
3.248523
3.144457
3.127320
2.905518
2.812815
3.182012
3.145803
3.079715
3.188446
3.151312
3.220855
3.031065
3.034445
3.227060
3.317427
3.184603
3.185366
3.252387
3.156274
3.193763
3.058292
3.188471
3.290268
3.163656
3.099084
2.763526
3.187061
2.939964
3.309957
3.146008
3.091074
3.056016
3.133848
3.196335
2.986239
3.039754
2.872576
2.923163
3.057878
3.173044
2.844919
2.952781
3.037366
3.079153
3.189530
3.138456
3.260060
3.183174
3.029587
3.129539
3.050403
2.983034
2.900100
2.778891
3.048876
3.128109
3.121779
3.010413
3.318299
2.934447
2.920246
3.121896
2.990037
3.000438
3.056830
3.041897
3.023960
3.141083
3.081309
3.237171
3.118565
3.155246
2.865284
3.226478
2.912007
3.029396
3.176342
3.053340
3.019987
3.036211
3.174274
3.252214
3.230780
2.961684
3.143400
3.204170
3.081919
3.000229
3.126945
3.184374
3.253596
3.133179
3.061506
3.114042
3.039409
3.117042
3.218862
3.076921
3.160847
3.049362
3.037820
3.038693
3.005701
3.116724
3.003822
3.104592
3.055995
3.106098
2.842511
3.144782
3.290824
3.118342
3.084587
3.107377
2.940506
2.993696
2.994412
3.061152
3.208993
3.076018
2.946958
3.143705
3.033756
3.135802
3.031749
3.060945
3.014272
3.052183
3.087911
3.119647
3.234287
2.987684
2.925178
3.262700
3.286376
3.062809
3.071638
3.060588
2.996152
3.006307
3.132753
3.048946
3.252981
2.985362
3.027270
2.935598
3.281711
3.130941
2.933320
3.239851
3.354103
3.180247
3.034385
2.944662
3.242145
3.027972
3.592510
3.028733
3.023886
3.063374
3.129446
2.778724
3.214782
2.962701
3.051626
3.230233
3.206230
3.091267
3.249049
3.175239
2.800258
3.170885
3.132364
2.981236
2.989202
3.245717
3.349808
3.067403
3.097990
3.209911
3.103664
3.085456
3.191598
3.173519
3.095272
3.011109
3.169862
3.101403
3.142176
3.205075
3.036663
2.992019
2.966890
3.143209
3.196208
2.924704
3.151595
3.072238
3.140525
3.009253
3.235593
3.202803
3.261355
3.138546
3.023833
2.902470
2.921408
3.236082
3.130025
3.001467
2.961142
2.974420
3.167904
3.116329
3.214686
3.087757
2.914326
2.831487
3.127131
3.149130
2.805617
2.980476
2.947046
2.885226
2.879214
3.044096
3.131582
3.226665
2.963806
3.032071
3.124825
3.319670
3.145894
2.988491
3.154323
3.248768
3.123088
2.976862
3.221793
2.979847
3.130936
3.197185
3.261115
3.082187
3.061782
2.714361
3.219823
3.191705
3.215559
2.976507
3.103602
3.298331
3.042759
3.100432
3.139575
3.093942
3.115049
3.189654
3.237764
3.013598
3.088139
3.064326
3.159085
3.307275
3.266078
2.931915
3.033702
3.108747
3.057234
3.109777
3.158757
3.013563
2.836874
3.043756
3.149898
2.922603
2.924094
2.946823
3.321650
3.148516
3.026954
3.173067
3.078023
3.169490
3.287436
3.012917
2.883099
3.223334
3.219256
3.278381
3.128008
3.131837
3.026286
3.092093
2.958228
2.887806
3.055057
3.000169
3.182486
2.959425
3.178388
3.195103
3.032650
3.204194
2.886022
3.061933
2.972778
2.997420
2.954972
3.212320
3.161756
3.031846
3.042778
2.790914
3.150870
3.229873
2.979247
3.167663
3.068641
2.847222
3.169215
3.234086
3.115121
2.910619
3.044738
2.870867
2.999510
3.079587
2.947612
3.065747
2.919161
3.108418
3.277153
3.201274
2.999181
3.081056
3.116749
3.365137
3.154922
3.058158
3.002016
2.938366
3.147400
3.091315
2.965256
3.159633
3.050169
3.139930
2.919449
3.332736
3.083025
3.062174
3.158949
2.994803
3.222768
3.178491
3.117378
3.059575
3.121719
3.380071
3.031316
3.058349
3.194756
3.248354
2.889464
3.220845
2.815411
3.189461
2.953665
3.118574
3.189547
3.205136
3.108344
2.887424
3.029930
3.049547
3.138879
3.005349
3.111593
2.875389
3.095527
3.199065
2.920717
3.007782
2.841843
3.269555
3.175167
3.166629
3.167681
2.947525
3.139940
2.913640
3.182953
3.121844
2.780427
2.977190
2.952007
3.019790
3.079828
3.135925
3.037747
2.735056
3.005808
2.783149
3.134913
3.148095
3.078307
3.053581
3.168524
2.913822
3.196526
3.375810
3.239652
3.041779
3.119475
3.049179
3.142332
3.057123
3.006239
3.022996
2.966637
3.123168
3.037190
3.061026
3.085661
3.188761
2.995113
2.875746
3.051186
3.018065
3.232080
3.105597
3.165963
3.087605
3.231450
3.107992
3.040941
2.932709
2.917885
2.997641
2.942126
3.253616
3.039263
3.249199
3.174125
3.056525
3.183842
3.017583
3.309447
3.059357
3.359359
3.377318
3.002029
3.188934
3.038740
2.980170
3.238311
3.220379
3.161001
3.131966
3.191091
3.076678
3.034529
3.071781
3.050683
3.074291
3.288589
3.069416
3.155975
3.161822
3.186890
3.070476
3.231750
3.165067
2.993773
3.197738
2.871426
3.217953
3.129278
3.102985
3.055441
3.155492
3.195982
3.038060
3.231137
3.144844
3.375024
3.074657
3.052129
3.083888
2.937514
3.119778
3.169022
3.078643
3.022264
2.936717
3.009186
3.104165
3.093655
2.810977
3.076050
3.195047
3.266126
3.036282
3.186650
2.980800
2.913112
3.152443
3.148365
2.985694
3.193902
3.193869
3.120350
2.974174
3.089124
3.471074
2.995279
2.965787
3.016759
3.218694
3.129592
3.156785
3.083470
2.923853
3.017666
3.069139
3.342508
2.994270
3.306919
3.259706
3.132173
3.215660
2.977776
3.167701
3.006660
3.105974
3.290466
3.127229
2.906835
3.322939
3.174570
3.076219
3.233140
3.224252
3.178097
2.893093
3.121118
3.027887
3.122779
2.954205
3.021639
3.112509
3.163665
3.135188
3.274733
3.252131
3.008233
3.202241
3.181887
3.082980
3.272649
3.180817
2.851539
3.137663
3.117273
3.086111
3.056832
2.987953
3.083207
3.111401
3.249334
3.250094
2.895169
3.068415
2.973155
3.173349
2.912911
3.176265
3.208429
3.172645
3.160512
3.216858
3.129692
3.173915
3.022193
3.126305
3.078432
3.165398
3.239041
3.257656
2.877114
2.923869
3.023710
3.181432
3.088494
3.102807
3.260105
3.181748
3.177228
3.174515
2.914563
3.206553
3.039107
3.001419
3.071894
2.975095
3.067687
3.271644
3.095982
3.165265
3.081703
3.093240
3.028426
3.126312
2.840423
3.079561
3.253398
3.202441
3.154478
3.077445
3.344111
3.078721
3.118445
3.161830
2.922799
3.221392
3.122258
3.227519
2.980914
3.075228
3.209524
3.146618
2.855792
3.146078
3.177846
3.122683
2.918435
3.325734
2.974073
3.126318
3.033362
3.280622
2.959346
2.921235
3.224731
2.985915
3.088180
2.803767
3.167982
3.087758
3.010327
3.078321
3.067656
3.316246
3.032002
3.039069
3.186850
3.169430
3.040434
3.199104
3.160027
3.210384
2.925618
3.252209
2.956676
3.288972
3.123946
2.945726
2.661253
3.058539
3.180504
3.166299
2.771108
3.240930
2.930887
3.276777
3.451277
2.990116
3.132540
3.086658
3.286240
2.954228
3.213885
3.020885
3.068758
3.012390
3.084075
2.937861
2.937896
3.108150
2.965922
3.110113
3.125281
3.184959
3.209917
2.933293
3.011130
2.945818
3.242709
3.205802
2.855362
3.066454
3.041407
3.078119
3.407251
2.880327
3.080124
3.166227
3.063431
3.091635
3.178976
3.039483
3.126276
3.097729
3.215083
3.022509
3.032295
3.189215
3.256956
3.068915
3.080438
3.208228
3.256044
3.132360
3.164831
2.964376
3.267375
3.236013
2.972330
3.234865
2.970104
3.112449
3.083959
3.207101
2.900212
3.013958
2.924015
3.133174
3.052454
3.167867
3.151496
2.750460
3.152700
3.146256
3.130231
2.998628
3.160976
3.163396
2.995079
3.159086
3.245273
3.064359
3.325278
3.098977
3.116368
2.965922
3.166754
3.123623
3.222834
3.081063
3.281110
3.042884
3.202735
3.197007
2.966411
3.047183
3.082379
3.189335
3.040139
3.284156
2.998200
3.206343
3.162794
3.173841
3.089545
3.005808
3.202298
3.222194
3.093132
3.091198
3.132393
3.119997
3.211178
3.108357
3.013502
3.107475
3.324749
3.239994
3.268832
3.075068
3.070251
3.087019
3.194487
2.971256
3.112307
2.814525
3.172668
3.118802
3.361053
3.010431
2.999318
3.201533
3.109623
2.811627
3.223136
2.990037
3.121993
3.198319
3.043652
3.173940
3.194721
3.393495
3.165605
2.929472
3.209391
3.128972
3.204244
3.312925
3.222370
2.984040
2.891542
3.098440
3.183542
3.002990
3.156802
2.978973
3.300356
3.120122
2.828371
3.096851
3.260846
2.967312
3.337286
3.062049
3.263239
3.167410
2.971566
3.062095
3.086707
3.129790
3.179171
2.995811
2.822672
3.180922
3.280444
3.200760
2.890278
3.121317
3.296951
3.169932
2.916192
3.223000
2.760293
3.149596
3.287424
3.045708
3.163435
3.099157
3.321025
3.026440
3.284292
2.844350
3.242965
3.020233
3.325015
3.079302
2.967247
3.222094
3.256496
3.258999
3.013554
3.141921
3.096737
3.079724
3.219141
3.059720
3.116080
3.213242
3.109332
2.985438
3.002783
3.096651
2.939713
3.406682
3.173770
3.041583
3.285338
3.117509
2.916502
3.400249
3.158785
3.131745
3.296072
3.112448
2.937986
3.074671
3.060009
2.772905
3.205842
3.083021
3.107276
2.993221
3.065263
2.902317
3.085689
3.052355
3.054467
2.873194
3.039115
3.136551
3.006371
3.188944
3.159657
2.932793
3.202134
3.034938
3.150568
3.118254
3.192681
3.124126
3.116054
3.212317
3.020042
3.133062
3.233802
3.206077
3.383809
3.123511
3.157789
3.040642
2.968820
3.352264
3.005668
3.252620
3.037912
3.210270
3.154485
3.076343
3.047627
2.881877
3.075365
3.244756
3.103492
3.007611
3.019599
3.117902
3.220867
3.169168
2.756081
3.040126
3.155633
3.120923
3.178330
2.962978
3.123250
3.154723
3.199537
3.087908
3.196197
3.186969
3.064634
3.023255
3.046326
3.150735
3.167653
3.115395
3.105210
3.039266
3.267564
3.127054
3.118901
3.003720
3.086945
3.203605
3.069925
3.034103
2.884753
3.035976
3.177952
2.903636
3.081051
3.102005
2.970239
3.127069
2.921997
2.853483
3.057500
3.079508
3.128732
2.862724
3.079693
3.104858
3.215466
3.226611
3.025540
3.253297
3.114272
3.264321
3.014526
3.064769
3.153138
3.057629
2.968829
3.088420
3.054820
3.213546
3.215392
3.318292
3.003585
3.170881
3.191162
3.032407
3.195472
3.220171
3.333705
3.070600
3.044141
3.048656
3.007292
3.040496
3.226906
3.284533
3.239561
3.337578
2.927703
3.177338
3.170529
2.971855
3.059214
3.167161
3.225957
3.340007
3.099433
3.248176
3.103765
3.042209
3.088085
3.137994
3.211245
3.106605
3.009867
3.000321
3.118113
3.338861
3.189056
2.860928
3.315327
3.095252
3.101326
3.104608
3.206958
3.136382
3.152610
3.301743
3.289979
2.901252
3.338392
3.021282
3.133234
3.105521
3.218071
3.252053
2.905019
3.136697
3.105865
3.061794
3.087864
3.166539
3.153239
3.153056
2.830096
3.175225
3.183532
3.264163
3.110490
3.038302
3.137792
3.085553
3.203496
3.026753
3.286096
3.249361
2.818843
3.337997
3.128177
3.086097
3.114565
3.102166
3.098157
2.985351
3.244771
2.912900
3.064721
3.179922
3.119435
3.029231
3.012850
3.088842
2.933441
3.338320
3.258601
3.044652
3.206945
3.119646
3.051907
3.112046
3.082973
2.961356
3.085375
3.350700
2.948621
2.989071
3.138573
3.133136
2.987291
3.257948
3.199169
3.263167
3.227113
3.175768
3.140096
3.308621
3.185479
3.011226
3.462938
3.069123
3.249250
2.993297
3.051053
3.333648
3.014019
3.250255
3.198733
3.372516
3.224017
2.840297
3.005141
3.144293
3.059092
3.232153
3.164588
3.158474
2.960408
2.988385
3.087005
2.955991
3.011574
3.163065
2.957642
3.160355
3.027891
3.128035
3.023035
3.294785
3.324412
3.178944
3.139733
2.990140
2.909475
3.257782
3.077504
3.306456
3.436203
3.071298
3.161613
3.103666
3.236294
3.049664
3.107742
3.215558
3.331000
3.077352
3.102991
3.033947
2.698982
3.086807
2.916081
3.177060
3.312894
3.184909
2.963699
2.872251
3.288143
3.076114
3.116169
2.807955
3.170786
3.202322
2.915121
2.854970
3.095298
3.042505
2.889707
3.160065
3.184065
3.190473
3.107122
3.106621
3.233933
3.287950
3.078659
3.179650
2.955383
3.235679
3.130433
3.097269
2.656087
3.270794
3.011784
3.066154
2.955197
3.319294
3.013457
3.085670
3.235040
3.081009
3.376460
2.948919
3.301213
3.434405
2.953540
3.187094
3.148863
3.014090
3.138578
3.112915
3.236197
3.107310
3.183964
3.091482
2.875839
3.245318
3.228617
3.167185
3.110807
3.112027
3.309296
3.032780
3.336411
3.146162
2.934647
3.132777
2.942880
3.188830
3.069664
3.247493
2.989800
3.193622
3.158020
3.094183
3.069523
3.302458
3.243826
3.261488
3.049380
3.067046
3.178816
3.093828
3.188521
3.075330
3.089287
3.342116
3.214203
2.995620
2.985596
3.170014
3.095351
3.090881
3.091936
3.051562
3.043385
3.211425
3.218481
3.182222
3.292909
3.126942
3.156147
3.171166
3.013499
3.052939
3.076478
3.108720
3.097567
3.288362
3.194699
3.284569
3.117926
2.981954
2.940626
3.165154
3.255155
2.966531
3.144339
3.121858
2.995953
2.897673
3.173250
3.098474
3.097703
3.095138
3.118274
3.212858
3.245683
3.232762
3.031564
3.014878
2.964173
2.991742
2.840597
3.231645
3.222279
3.226663
3.193271
3.202232
3.327111
2.840451
3.064347
3.046213
3.027497
3.358729
3.125079
3.080385
3.086567
3.221276
3.011922
3.205964
3.131860
3.257618
3.310601
3.177195
3.029969
3.302767
3.162441
3.241616
3.356640
3.269966
3.115843
3.083004
3.177468
3.173720
3.216030
3.047069
2.867235
2.969456
3.266966
3.013697
3.172220
3.179281
3.117300
3.062918
3.179007
2.975274
2.962504
3.132266
3.059325
3.067187
2.956563
3.016479
3.059088
3.073273
2.902774
2.827161
3.019301
3.041642
2.955729
3.141843
3.203129
3.175172
2.982186
3.181609
3.042938
3.027185
3.031237
3.136422
3.086698
3.065021
3.246827
2.879188
3.119787
3.152177
3.131188
3.442418
2.916763
3.085521
3.239539
3.018996
3.184403
2.992664
3.182004
2.964615
2.986506
2.954527
3.093114
3.050398
3.054993
3.075349
3.032225
2.914376
3.294666
3.000349
3.219003
3.106400
3.123686
3.046406
3.116115
2.841368
3.193711
3.177298
2.894714
2.934012
3.098346
3.135427
3.054107
3.153577
3.159474
2.991422
3.195802
3.166894
3.016792
3.289454
3.192311
3.061895
3.145159
3.229466
2.899972
3.090643
3.189885
3.058816
3.332339
3.185739
3.155120
2.996059
3.231009
3.206460
2.884613
3.141391
3.000748
3.188215
2.891621
3.081031
3.139986
3.006083
3.300895
3.127471
3.029394
3.085502
2.982339
3.195523
3.037365
3.079034
3.234306
3.070478
3.210961
2.915754
3.215023
3.219042
3.071864
2.959435
3.031775
3.106252
3.005117
3.078250
3.039638
3.097124
3.286631
3.147984
2.936243
3.095430
3.010621
3.165465
3.095171
3.033166
3.244992
3.075712
3.068964
3.171499
3.217686
2.967163
2.969300
2.891125
3.145163
3.247356
2.868299
3.118568
3.140978
3.090955
3.090528
3.173184
3.092861
3.044896
3.243882
2.916225
3.381837
3.016917
2.803711
2.959564
3.199581
3.103596
2.933142
3.128976
3.141425
3.061397
2.899917
3.301674
3.009201
3.306001
3.127746
3.104188
3.109268
3.228522
2.951309
2.997134
2.754539
3.114660
3.334135
3.174902
3.190821
3.147433
3.021890
2.974350
3.040821
2.787860
3.113216
3.088020
3.057035
3.109982
2.985788
3.055226
3.222578
3.309754
3.063473
3.203470
3.271913
2.906482
3.123601
3.210141
3.119294
3.090605
3.154311
3.169422
3.013163
3.101239
3.074245
3.202683
3.066128
3.158295
3.058866
3.172026
3.034727
3.028673
3.041914
2.953173
3.203444
2.996353
3.121886
3.138985
3.028774
3.033652
3.000792
3.081157
3.103823
2.865622
3.446085
2.864846
3.060828
3.166192
2.983177
2.934411
3.299899
3.174045
3.215461
3.058997
3.151811
3.068957
2.908952
3.056288
3.014398
3.392819
2.977072
2.975512
3.025450
3.152606
2.965766
3.113923
3.270392
3.198392
3.250964
3.262141
3.089054
3.128747
3.024629
3.057915
3.157206
3.224754
3.212388
3.089287
3.123925
3.009119
3.242495
3.071173
2.934450
3.011081
3.083389
3.109621
2.951889
3.130335
3.212433
3.341928
3.224386
3.121077
3.101256
3.236391
3.283479
3.113397
3.257824
3.032082
3.185106
3.107425
2.959531
3.180503
3.132202
3.142154
3.023455
3.180640
3.138136
3.416421
2.991357
3.093872
3.108158
3.220476
3.163047
3.128742
3.101329
3.036564
3.267907
3.430874
2.975383
3.269163
3.113761
3.085342
3.058976
2.797546
3.199532
3.199470
3.204161
3.258957
2.983499
2.945231
3.290260
2.974152
2.941688
3.192330
2.966574
3.087290
2.976110
3.193079
3.154699
3.110096
3.060265
3.153045
3.038858
3.125837
2.909117
3.038780
2.909423
3.022186
3.127086
3.133493
3.030537
3.105838
2.879564
3.164520
3.021311
3.222661
3.116526
3.152476
3.040586
3.046927
2.999952
3.294023
3.294223
3.175925
2.936782
3.169397
2.887321
3.427559
3.059439
2.922124
3.087092
2.959772
3.113695
2.879707
3.082440
2.961103
2.842027
3.054192
3.036900
3.088470
3.194705
3.135930
2.781910
3.162424
3.096318
2.985530
3.147641
3.052103
2.996585
2.848670
3.168192
3.271690
2.980988
3.057971
3.194034
3.165399
3.012051
3.026911
3.092084
2.921997
3.108957
3.211957
3.038986
3.058374
2.873891
2.916659
3.255771
3.324296
2.976690
2.951352
3.142887
3.255151
3.321523
3.354104
3.137810
3.100919
3.199513
2.808925
3.142244
3.166950
3.230130
3.201183
3.342417
3.033098
3.116049
3.260940
3.275436
3.031596
3.167523
3.136473
3.241443
3.077930
2.912520
2.784971
3.291129
3.037309
3.087856
2.722672
2.849912
3.206906
3.405712
3.120261
2.956643
3.226005
3.129047
3.024594
3.090083
2.921010
3.089475
2.988251
3.072147
3.241068
3.128085
3.180958
2.781159
3.160537
3.233072
3.249289
3.007353
3.194740
3.253484
3.183002
2.994764
3.028956
3.144697
3.236462
3.046316
3.066225
3.247980
3.034224
3.297706
2.734730
3.042816
3.158686
3.129697
3.072888
3.174128
2.909745
2.997933
3.126461
3.195086
2.873835
3.052709
3.055197
3.038574
2.953979
3.202493
3.197838
3.230897
3.080744
3.235447
3.088704
3.097246
3.129382
2.898388
2.950528
3.063887
3.041222
3.303131
3.188531
3.161591
3.168418
3.163411
3.095268
3.064493
3.128564
2.921577
2.877470
3.150625
3.320907
3.046223
3.111434
3.195450
3.059271
3.271782
3.252717
2.965445
3.089152
2.979500
3.132413
3.123178
3.107077
3.190174
2.984115
3.041618
3.103774
3.139233
3.078352
3.185495
3.036504
3.160335
3.057644
3.123840
3.128739
2.849750
3.018052
3.150594
2.986528
3.163401
3.201997
3.216245
3.160820
3.139519
3.062608
3.098216
3.092980
3.013881
3.064690
3.125563
3.107560
3.238630
3.212279
3.293219
3.120183
3.049273
2.971169
2.930324
3.113974
3.189470
3.146996
3.058296
3.248285
3.042632
3.183556
3.001644
2.988762
3.005230
3.191733
2.999662
3.146157
3.101049
3.108652
3.055174
3.030759
3.047784
3.263975
3.368768
3.107355
3.269331
2.887176
2.879756
3.310126
2.805329
3.189946
3.117761
3.012787
3.188445
3.162893
2.934823
3.183128
2.948536
3.114524
3.187396
2.937396
3.229682
3.238845
3.082969
2.914837
3.132962
3.232853
3.211706
2.983312
3.079393
3.329069
2.902790
3.280585
3.255951
2.867609
3.311271
3.265245
3.008221
3.075101
3.020591
3.087991
3.141039
2.954410
3.322448
3.055571
3.147358
3.036039
2.961201
2.930576
3.083889
3.193096
3.106275
3.076992
3.087704
3.020195
3.078577
3.195084
3.129465
3.262198
3.202312
2.983290
3.080930
3.072041
3.029341
2.974179
3.174198
3.281818
3.229292
2.964218
3.380864
3.218680
2.988051
3.081626
3.159644
3.122750
3.163250
3.086381
3.133042
2.929122
3.224489
2.869153
3.088695
3.095861
3.151556
3.215300
3.241753
3.274240
3.067448
2.983914
3.091145
3.189417
3.338118
2.931620
3.201034
3.169640
3.098329
3.185260
3.089581
3.071602
2.996165
3.193662
3.075653
3.279784
3.144583
3.093269
2.982232
3.140869
3.223556
2.885062
2.992544
3.074208
3.014127
3.129019
3.337719
3.268759
3.310225
3.220923
3.156242
3.130756
3.307260
3.146242
3.193948
3.046753
3.200782
3.146649
2.980830
3.140735
2.997071
3.188651
3.217397
3.141787
3.212718
3.136190
3.189055
3.045766
3.024313
3.070342
3.175484
3.059910
3.034455
3.337781
2.892791
3.199704
3.131714
2.970041
3.183382
3.176411
3.162905
2.914394
3.077423
2.958668
3.237588
3.004853
2.942609
3.276826
2.991783
3.063229
3.260914
3.110620
3.052914
3.268502
3.161828
3.123329
3.297194
3.058705
2.829030
3.218111
3.119774
3.216974
3.007390
2.817620
2.973841
3.122515
3.018309
3.299960
3.127944
3.174442
3.068170
2.923664
3.252187
3.133842
3.281963
3.202488
3.208477
3.041195
3.144124
3.001181
2.874486
3.285444
3.155553
3.110514
3.293935
3.238854
3.080659
3.132304
3.214728
3.211162
3.090592
3.267101
3.111083
3.201780
3.147386
3.209584
3.300563
3.324923
3.234770
3.090932
3.101321
3.200729
3.081388
3.149048
2.897807
3.192689
3.101487
3.296440
3.066420
3.070098
3.032637
3.053680
3.186951
3.272707
2.948722
3.298017
3.020779
3.121750
3.178012
3.412129
3.192862
3.129304
3.220702
3.193946
2.972233
3.342327
3.193158
3.241336
3.274398
3.163073
3.114828
3.090298
3.042814
3.143847
3.210674
3.227565
3.120552
3.203706
3.119910
3.302737
2.999297
3.156623
3.289120
3.065282
3.143727
3.084922
3.076102
3.164750
2.765039
3.111640
3.090158
3.412735
2.888912
3.078540
3.340336
2.831839
3.143543
3.017468
2.936703
3.157861
2.903231
2.930317
3.159761
2.901111
3.291473
3.197659
3.140346
2.999989
3.306699
3.061117
3.094948
2.987221
3.128369
3.233123
3.115630
2.659490
3.307363
3.030233
2.902346
3.142234
3.072119
3.180981
3.169319
3.248868
3.264406
3.317173
3.229823
3.040687
3.120498
3.212393
2.990824
3.001475
3.279883
3.183870
3.104632
3.198359
3.156007
2.918647
3.391364
2.938827
3.167826
3.116978
3.186211
3.254738
2.953034
3.185881
3.267179
3.066883
3.104508
3.345565
3.094903
3.189473
3.146555
3.026619
3.098279
3.211228
3.225807
3.152959
3.004740
3.145539
3.288776
2.991356
3.088836
3.041636
2.987207
3.223631
2.971670
3.105690
2.945445
3.181379
3.086687
3.154341
3.090502
2.936472
3.270571
2.954292
2.977065
3.138852
3.098421
3.207757
3.060191
3.230224
3.075369
3.198225
2.911773
3.172350
2.984356
2.979185
2.989670
3.193649
3.103617
2.887011
3.191345
3.279062
3.155671
3.274441
2.898973
3.165993
3.148658
3.201209
3.245651
3.255043
3.175797
3.155475
3.059443
3.066887
3.018130
2.938441
3.256787
3.286623
3.195146
3.133628
3.069520
3.427715
3.201143
2.886153
2.964635
3.333553
3.020228
3.214309
3.133336
3.181415
3.199157
3.143300
3.164543
3.217879
3.154305
3.093758
3.202655
3.011429
2.903111
2.922897
3.070043
3.180577
3.016275
3.173619
3.081747
3.165204
3.084987
3.059026
3.224208
3.154433
3.160091
3.137733
3.194066
3.010975
3.186068
3.103162
2.998406
3.092759
3.296874
2.897980
3.269521
3.232200
3.106264
3.091005
3.101169
3.106648
3.149323
3.267651
3.167060
3.104128
3.196674
2.842400
3.257420
3.135121
3.280785
3.170905
3.100355
3.352479
2.900945
3.174379
3.059276
3.057769
2.966085
3.179849
3.258729
3.273803
2.920040
3.151912
3.257546
3.121283
2.847644
3.219195
3.201241
3.186264
3.166625
3.100810
3.171381
2.944903
3.063062
2.970317
3.197163
3.007296
3.303401
3.200934
3.076394
3.222084
2.998161
3.215345
3.064231
3.078640
3.048948
3.338948
3.154209
3.191015
3.151683
3.444263
2.915294
3.009605
3.069785
3.363369
3.296119
3.038985
3.334391
3.139477
3.191548
3.053091
3.095706
3.091962
3.164953
3.217550
3.133791
3.004992
3.075193
3.261051
3.179466
2.960366
3.103555
3.060481
2.947072
2.910020
3.186344
3.008046
2.985981
3.149770
2.754906
3.137046
3.051827
2.962502
3.133849
3.205145
3.256008
3.058620
2.890986
3.208152
3.100562
3.069794
3.246370
3.029160
3.122637
3.261444
3.301207
2.958130
3.257560
3.048180
2.998299
2.961570
3.139939
3.062323
2.957833
3.109677
3.150443
3.123717
3.213337
3.084711
3.208870
3.214747
3.126493
3.232225
2.994567
3.178115
3.000909
3.173617
3.375126
2.801490
3.138186
3.314753
3.271361
3.381911
3.169251
3.235216
3.261165
3.049952
3.051004
3.141554
3.125298
3.050132
3.190367
3.018151
2.916615
3.081783
3.169177
3.044420
2.978216
3.201855
3.068149
3.192215
3.197355
3.177381
3.128539
3.121134
3.074311
3.310554
2.957458
3.138448
2.983928
3.091698
3.222156
3.181462
2.975041
3.251737
3.126838
3.075709
3.028286
3.196659
3.197973
3.099381
3.092915
3.107216
3.269622
3.043210
3.178254
3.105546
3.177909
2.876955
2.980254
3.089944
3.178769
2.913116
2.893654
2.947577
3.087793
3.153214
2.972390
3.160937
3.391351
3.055841
3.255657
2.953843
3.281766
3.101016
3.015027
3.048285
3.041966
2.876905
3.128463
3.126892
3.027325
3.182608
3.083468
3.143957
3.307659
2.992006
2.975010
3.128127
3.054597
3.067201
3.071303
3.305797
3.087105
3.230178
2.942288
3.050622
3.051638
3.003604
3.162971
3.153850
3.106211
2.960896
3.056092
3.201742
3.014093
3.100928
3.152631
3.164238
3.162437
3.138320
3.173146
3.146158
3.076467
3.153485
3.039493
3.236368
3.071322
3.135236
3.002476
3.234853
3.356048
2.982948
3.238879
3.048435
2.924550
3.155856
3.224122
2.985790
3.101860
3.220267
3.173078
3.002167
3.143194
2.981685
3.145025
2.992445
3.071216
3.073780
3.120024
3.163850
2.972672
3.389692
3.077825
2.864861
3.138993
3.082980
3.104364
3.347601
3.005384
3.146606
3.014738
3.065445
3.108455
2.946967
3.000006
3.227165
3.217736
2.954114
2.889463
3.340363
3.062114
2.770397
3.267378
2.931895
3.227339
3.012925
2.959941
3.127947
3.148392
3.291950
3.216823
3.175308
3.141660
3.161451
3.043176
3.014139
3.151817
3.313935
3.080597
3.204166
3.202888
3.177693
3.083357
3.104671
3.254976
3.452783
3.123878
3.104919
3.120966
3.230964
3.095941
3.252087
3.107669
3.062096
3.291927
3.040516
3.131792
3.067839
2.855678
3.091250
3.149950
3.169727
3.099467
2.966224
3.128623
3.240907
3.162201
3.370061
3.105292
2.963426
3.111641
3.152776
3.248936
3.110001
2.991049
3.263071
3.235515
3.277290
3.260133
3.151452
2.835667
3.081109
3.219332
2.944080
2.934428
3.122728
3.269660
3.165864
3.279393
3.135124
2.943782
3.196224
2.993655
3.247528
3.094355
2.907935
3.149349
3.179771
3.087492
3.188935
3.179793
3.204824
3.097339
3.078767
2.968120
3.033421
3.234298
3.152125
3.194399
2.992455
3.242138
3.203298
3.169056
3.341495
3.157603
3.119533
3.276235
3.259379
3.042364
3.114892
3.222045
3.109727
3.046705
3.156105
3.286406
3.101726
2.807596
3.162526
3.204081
2.933822
3.313476
3.218972
3.209550
3.034167
2.994843
2.932019
2.925669
3.253654
3.030614
3.120864
3.176923
2.843128
3.165885
3.296311
3.131100
3.156315
3.285347
3.094698
2.964254
3.184672
3.083153
2.868083
3.327558
2.929736
3.080159
3.366242
2.857763
3.133946
3.278249
3.002499
3.319167
2.951688
3.248064
2.907832
2.807375
3.001950
3.256609
3.156149
3.195666
2.995203
3.052012
3.049186
3.072301
3.191438
3.074255
3.240539
2.880143
3.006713
3.039799
3.041785
3.021183
3.065240
3.117618
3.158563
3.172699
3.111617
3.091541
2.759513
3.016418
3.139470
2.896114
2.917905
3.218132
3.067454
3.025570
3.025115
3.173774
2.941145
3.238672
3.099600
2.958779
3.090709
3.114481
3.232302
3.196301
2.888994
3.130087
3.058795
3.070669
3.286375
3.125397
3.097251
3.233565
2.889966
3.039939
3.110651
3.218798
2.955211
3.315637
2.959931
3.129736
3.222317
3.014698
3.049291
3.044575
3.188373
3.169739
3.140931
2.980937
3.047588
3.186528
3.018389
2.920096
2.932605
3.197854
3.307631
3.242436
3.141341
3.144850
3.113322
3.141611
3.145849
3.202648
3.113111
2.815992
3.618698
3.157684
3.023139
3.105538
3.318885
3.143522
2.992764
2.895532
3.373653
3.094837
3.036401
3.233141
3.065573
3.243789
3.362084
3.149227
3.166601
2.981009
3.216092
3.044937
2.899815
2.933778
3.139127
3.306000
3.270304
3.114837
3.145544
2.851921
3.227494
2.928531
3.230052
3.299364
3.166051
3.068445
3.150085
3.162513
3.155915
3.002355
3.114008
2.774715
3.173895
3.096513
3.212486
3.317701
3.043211
3.005177
3.208740
3.203496
3.112996
3.115631
3.101370
3.049528
3.069962
3.260273
3.105741
3.061592
2.960828
3.013654
3.030155
3.026751
3.127552
2.881474
3.006999
3.026902
3.257836
3.258259
3.108130
3.082287
2.900419
3.277944
3.008551
3.167559
3.161135
3.074021
3.227681
3.002266
3.110281
3.090108
3.131051
3.204577
3.129226
3.003865
3.178551
3.202677
3.217127
3.133099
3.198588
3.020961
3.114072
3.045651
3.066107
2.957447
2.933851
3.067426
3.116703
2.887586
3.162132
3.135517
3.073285
2.917640
3.140005
3.079699
3.125983
3.012095
3.085810
3.103849
2.988549
2.955073
3.195573
3.330634
3.108898
3.044474
3.010014
3.177525
3.248243
2.836229
3.049416
3.070342
3.040365
2.926910
2.811945
3.071593
2.981382
3.327476
3.169656
3.024844
3.307605
3.110015
3.109998
3.279768
2.991117
3.159244
3.082119
3.146543
3.103655
3.055436
2.903122
3.184668
3.215292
3.022045
2.940339
3.198608
3.123170
3.103545
2.844739
3.284603
2.996106
3.088056
3.189587
2.961464
3.048946
2.974383
3.169333
3.073894
3.198235
3.274386
2.923301
2.873357
3.004298
3.297571
2.962951
3.077177
3.117762
3.024312
3.628695
2.948139
3.065504
3.044243
2.979403
3.179773
3.089767
3.131553
3.156802
3.223656
2.973790
3.106158
3.011818
3.050909
2.853567
3.227339
3.139593
2.886681
3.063235
3.139132
3.104024
3.115595
3.037876
3.216642
3.146767
2.906367
3.232603
3.149302
3.136636
3.250489
3.320857
2.991422
3.260725
3.197128
3.316040
3.177875
3.179948
2.921263
2.774162
3.075752
3.279809
3.175003
3.099259
3.039076
3.147060
3.003288
3.045144
3.036780
3.131910
2.972863
2.933007
3.203495
3.145723
3.263444
2.883833
3.220788
3.168903
3.216206
3.117836
3.286993
3.264523
3.147320
3.212788
3.283688
3.071820
3.179863
3.035329
3.062749
3.383186
3.129075
2.848751
3.109013
3.110486
2.809085
2.935570
3.133943
3.150285
3.054978
3.070995
2.861409
3.267019
3.179271
2.940882
3.176093
2.881587
3.140048
3.135784
3.208782
3.220009
3.302325
3.066402
3.196042
3.153284
3.207227
3.088599
3.090495
3.003115
3.011265
3.058460
3.212204
2.987493
3.064170
3.121927
3.287220
2.966541
3.051494
3.141130
2.820603
3.128770
2.991300
3.122657
3.150080
2.905073
2.998749
3.213624
2.841346
3.103602
3.032740
3.268392
2.981947
3.143627
2.873960
3.126118
3.053146
3.179514
2.914571
3.107774
3.183559
2.997137
3.347518
2.961361
3.110027
3.271951
3.140984
3.009215
3.033927
2.994281
3.271319
3.005331
3.127104
3.042923
2.989790
3.203961
3.275464
3.014419
3.062909
2.997652
3.158433
2.994366
2.891437
3.222968
3.083853
3.216216
2.994652
3.272380
3.143401
2.920700
3.042922
3.314729
3.252472
2.942026
3.037353
3.075297
3.259659
2.994707
2.951835
2.967123
3.040854
3.105662
3.163231
3.214676
3.099326
3.184131
2.900061
3.157668
3.027491
3.191962
3.127492
2.976755
3.183365
3.084650
3.230641
3.229576
2.903489
3.197831
3.095460
3.094597
2.766507
3.319085
3.233025
3.292187
3.206646
2.888105
3.033970
3.352213
2.926315
3.026090
3.169163
3.260950
3.206136
3.147304
2.984192
3.128430
3.034203
2.807098
3.096434
3.311585
3.139245
2.864981
3.185006
3.170186
3.012918
3.175526
3.126236
3.011795
3.262027
3.219584
3.297121
2.989008
3.171937
3.246187
3.069378
3.060767
3.205746
3.133345
3.308529
2.883159
3.225743
3.063348
2.960185
3.043749
3.051284
3.251167
2.950863
3.207102
3.178193
3.168472
3.110804
3.287786
2.730510
3.110710
3.276313
2.837216
3.076560
3.069643
3.185659
2.905830
3.359920
3.125062
3.006669
2.906023
3.273542
3.109724
2.963448
2.894339
3.215425
3.091440
3.222165
3.117549
3.110475
3.067754
3.220249
2.862119
3.027148
3.155204
3.132902
3.036373
3.058877
3.181247
3.177906
3.240313
3.128031
3.144240
3.193722
3.113049
2.955089
3.224046
3.191767
2.954530
3.104871
3.086433
2.954884
3.020696
2.963191
3.050928
3.190979
3.087506
3.161665
2.993507
3.266551
3.138645
3.289186
2.951117
3.050292
2.913572
3.102076
2.945676
2.984749
3.326257
3.143548
3.117740
3.177916
3.042139
3.107029
2.969960
2.996841
3.039266
2.963406
3.278168
3.244572
3.258494
3.142694
2.883855
3.036285
3.204009
2.805999
2.927236
3.063424
3.312456
3.028539
3.224716
3.092965
3.221208
2.972509
3.280502
2.946297
3.110343
3.241897
3.283197
3.168287
3.258655
3.268482
3.069630
2.917350
3.018290
3.115926
3.217163
3.276813
2.962958
3.252720
2.942607
3.250956
3.181473
3.039916
3.050225
3.197672
3.248364
3.304565
2.890192
3.010467
3.265516
3.138747
2.929823
2.985717
3.102980
3.239972
3.101145
3.178608
3.180730
2.963258
3.251191
3.104546
3.122082
3.040828
3.244103
3.011983
2.730630
3.242190
3.045240
3.132921
3.143798
3.317573
3.084753
3.000624
3.214148
3.113790
3.283732
3.133085
3.189258
3.188140
2.911096
3.295014
3.196666
2.972593
3.131427
3.036647
3.073638
3.104792
2.975156
3.034662
3.090188
3.331030
2.900090
3.128891
3.093438
3.122493
3.101964
3.324625
3.276491
3.206706
3.243452
2.964223
2.843303
3.098895
2.947952
3.155134
3.120779
3.102708
3.089589
3.155805
3.152683
3.147227
3.020691
2.982074
3.318406
3.080729
2.944615
2.964119
3.404567
3.318398
3.159599
3.068981
2.983180
3.248458
3.009907
3.368469
3.089985
3.015632
3.061197
3.189878
3.084671
3.090863
3.166658
3.098156
2.958112
3.183723
2.944982
2.985216
3.336322
3.093344
3.218249
2.954529
3.444571
3.028280
3.175545
3.017365
3.129902
3.232458
2.994095
3.080662
3.123090
3.313774
2.869996
3.210295
3.255854
3.303561
3.073432
3.199137
3.242343
3.132663
3.278353
2.874388
3.098751
3.337966
3.223042
3.020188
3.324533
3.056686
3.179053
3.324693
3.326055
3.247854
3.251409
2.992114
2.965706
2.980807
3.177135
3.240783
3.319706
3.038752
3.072824
3.184590
3.038369
2.914855
3.153195
3.138472
3.092429
3.151093
3.311760
2.978379
3.052449
2.963605
3.144583
3.072962
2.986557
3.200371
3.051338
2.754269
3.273496
3.177409
2.933121
3.327261
3.246690
3.092854
3.263246
2.833210
2.993461
3.139940
3.122135
3.187370
3.265285
3.125851
3.371674
3.002282
3.305213
2.972788
2.920403
3.217241
3.176909
3.103293
2.921835
3.207017
3.287808
2.982895
3.178968
3.253065
3.342983
3.128417
3.130715
3.392932
3.287294
3.277050
3.101811
3.138541
2.875992
3.258144
3.175103
3.114166
3.064136
3.040786
3.070799
2.957825
3.355517
3.084753
3.155901
3.075693
3.224525
3.216173
3.153123
2.980791
3.008045
3.159787
2.990290
3.117002
3.016243
3.045923
3.102803
3.234773
2.928141
2.843816
3.287297
2.895430
3.127095
2.903424
2.939297
3.071911
3.204020
3.171714
2.934643
3.199918
3.175184
2.797457
2.871693
2.911136
2.946083
3.126598
3.121109
3.246908
3.234309
2.860228
3.246293
3.140229
3.170808
3.043885
3.221353
2.952638
3.110167
3.068306
3.120650
3.208671
3.232075
3.077689
3.280570
3.194859
3.077892
3.087889
2.804602
3.040147
3.345329
3.252107
3.130452
3.183574
3.330369
3.206804
3.013833
2.940120
2.978462
3.214419
3.153350
2.938993
3.021165
3.162936
3.029974
3.065820
3.085954
2.887600
3.293705
3.016311
3.167976
3.233069
3.365944
3.159377
3.250454
3.175675
3.149364
3.163799
3.067392
3.195487
2.925969
3.254530
3.184050
2.945414
3.040946
3.144593
3.039300
2.975515
3.286294
3.183060
3.102129
3.131550
3.082603
3.233376
3.305435
2.940277
2.916138
3.093083
3.168588
3.317803
3.324928
3.224979
3.414224
3.196808
2.986743
3.238984
3.181864
3.043437
3.288605
3.071364
3.218083
2.929887
3.078853
2.970519
3.152768
3.246926
3.227661
3.155588
3.030416
3.296827
2.909868
3.184125
2.905090
3.165073
3.144193
3.174277
3.159964
3.237941
2.930230
3.175585
3.064841
3.296712
3.158572
3.044096
3.092369
3.211040
2.973363
3.244094
3.164168
3.061543
3.083464
3.090811
3.180684
3.487666
3.235590
3.007918
3.020677
3.214092
3.147692
2.961454
2.995616
3.152902
3.104485
3.296606
3.173629
3.115409
3.166805
2.891214
3.096483
3.300499
3.150884
3.196346
3.139052
3.238932
3.010460
3.113248
3.168283
3.075258
3.059935
3.225788
3.046007
2.959644
2.930836
3.345008
2.994561
3.120271
3.283225
3.231323
3.088334
3.133800
3.152077
3.068705
3.182063
3.039219
3.004420
3.015669
3.030349
3.138106
3.254240
3.150672
3.191829
3.164829
3.093878
3.103129
3.125974
3.164037
3.166394
3.302861
3.195285
3.020183
3.035021
3.209830
3.181601
3.107089
3.053702
3.026386
3.215029
3.306495
2.959131
3.092434
2.970492
3.375051
3.179724
3.047711
2.890637
3.140642
2.876888
3.124761
3.207273
3.041665
3.250104
3.025983
2.995897
3.283296
3.072288
3.130152
3.043890
2.963312
3.031669
3.003580
3.043748
3.204905
3.191173
3.198584
3.204274
3.168438
3.030724
3.146631
3.337692
3.247084
3.116563
3.129248
3.217715
3.063412
3.062571
3.201719
3.264676
3.110947
3.067983
3.259650
3.215709
3.183837
3.107374
3.191614
3.274426
3.184512
3.238069
2.877011
3.011343
3.137807
2.853857
3.211129
3.220199
3.028887
3.076219
3.168810
3.087974
3.201725
3.070069
2.921900
3.137149
3.215596
3.104634
2.980455
3.211217
3.065282
3.126680
3.102063
3.206134
3.145542
3.129757
2.906281
2.947138
2.951201
3.066093
3.180372
3.073964
3.113621
3.188355
3.159523
2.920718
3.105028
3.123010
3.161556
3.097646
3.102513
3.056763
3.202842
2.985298
3.316713
3.180157
3.259343
3.065397
3.287742
2.941978
3.386549
3.164385
3.166796
3.149796
3.003796
3.022337
3.031895
3.232333
3.023340
3.246196
3.004091
3.197302
3.093107
2.829969
3.268691
3.157039
2.981781
3.367456
3.137558
3.090362
2.953743
3.017579
2.965066
3.313967
2.963065
3.214083
3.181819
3.106224
3.304094
3.031384
3.016145
3.209869
3.087337
2.950976
3.098152
3.164524
2.876182
3.197672
2.958835
3.376963
3.177312
2.996204
3.089254
3.131536
2.946848
3.266565
3.078822
2.897627
3.178911
3.152755
2.953116
3.196414
3.164334
3.247254
3.221487
2.999118
3.335663
3.203530
3.056750
2.906845
3.038867
3.108465
3.171373
3.164315
3.151006
3.082984
3.094818
3.045704
3.245867
3.338617
3.135707
3.159300
3.108336
2.900464
3.082692
3.337897
3.398408
3.220492
2.999737
3.206970
3.175961
2.930321
3.185034
3.215108
2.824503
3.075477
2.979274
3.045466
3.132713
2.937055
3.291836
2.939418
3.106570
2.954640
3.053402
3.130885
3.074054
2.979872
2.945972
3.108309
2.908132
2.845617
3.243274
3.169656
3.033486
3.067341
2.848001
3.225083
2.949754
3.337428
2.964202
3.229167
2.944377
3.141624
2.867259
3.104298
3.072002
3.219167
3.068210
3.064351
3.177965
3.033547
2.905929
3.021056
3.453094
3.146320
3.198433
3.015499
3.126718
3.094884
3.103866
3.082786
3.034039
3.249053
3.214160
3.021226
3.095948
3.225200
3.098998
3.194259
3.100730
3.164613
3.052135
3.069026
3.130470
3.103645
3.074088
2.912830
3.221048
3.013999
3.144086
3.100020
2.946650
3.132804
3.047112
3.146526
3.233673
2.965190
3.104965
2.803092
3.114402
3.244129
3.028434
3.049441
3.049251
3.105233
2.840696
2.935689
2.633841
3.069154
2.932857
2.898571
3.228570
3.101059
3.024593
3.164171
2.895349
3.066981
3.185630
3.134537
3.216617
3.083494
3.280670
3.143481
3.398530
2.973955
3.095192
2.788780
3.237902
2.998596
3.008128
3.221976
2.978172
3.029248
3.230385
3.232948
3.177078
3.191701
3.092055
3.083151
3.221842
2.830401
2.918619
3.234058
3.252775
3.125504
3.136251
2.868014
2.877641
2.984626
2.868992
3.343010
3.090960
3.176084
3.035506
3.047451
2.947195
3.360056
3.248801
3.313156
3.126983
3.182794
3.275763
3.088431
3.221899
2.980764
3.122594
3.194414
2.882747
3.077399
2.937606
2.944594
3.345286
3.136441
2.948251
3.180824
3.114325
3.224245
2.898312
3.128527
3.072986
2.994113
2.904982
2.987702
3.127161
3.068283
3.169297
3.292668
3.054011
3.234364
3.244166
3.279777
3.134686
3.336372
2.874894
3.038861
2.898065
3.173113
3.260703
3.099372
3.172763
3.078737
3.158664
2.973346
3.160625
2.976149
3.078810
3.168560
3.324615
3.116717
3.176454
3.250081
3.134356
3.045534
3.139972
3.130142
3.109961
3.000227
3.293985
3.051724
3.190238
3.075481
3.158768
3.234948
3.085018
3.366134
2.935736
2.901492
3.371608
3.185691
3.081021
3.050650
3.091824
2.937640
2.951523
3.087547
3.218026
3.282903
3.141280
3.148130
2.989399
3.243885
3.130998
3.121127
2.976610
3.127894
3.047156
3.396842
3.165750
2.750672
3.227915
3.168848
3.170372
3.039256
3.209175
3.321819
2.993484
2.973150
3.212331
2.896108
3.010594
2.945677
3.328082
3.084500
3.135208
3.013354
3.207911
3.155299
3.201777
3.232315
3.081337
3.278673
3.140798
3.016440
3.030088
3.077908
3.055336
2.995947
2.946599
3.053158
3.097279
3.325583
3.053868
3.149346
3.001615
3.183933
3.159209
3.016424
2.975417
3.257574
3.119805
3.189593
3.246683
3.151841
3.129672
3.142041
3.172685
2.975431
3.067384
3.136181
2.885636
3.013289
3.112984
2.862019
2.892297
3.273739
3.024983
2.943600
3.024146
3.124766
2.959370
3.236960
3.098183
2.927187
3.113028
2.969153
3.265823
2.904592
3.086187
2.941584
3.187385
2.941113
3.198495
2.988067
2.959895
3.186612
3.206511
3.164230
3.126816
3.073340
3.082557
3.226214
3.223971
2.937184
3.063377
3.137443
3.100346
3.232687
2.980412
3.068351
3.216722
3.026504
3.109624
3.020177
3.183014
3.098452
3.026903
3.018828
3.137737
3.155116
3.152626
3.134882
3.146736
3.187295
3.232251
3.090070
3.304122
3.353481
2.963062
3.218988
2.849860
3.120531
2.976887
3.171032
3.095969
3.069509
3.168394
3.328615
2.956665
3.111889
3.062413
3.140783
3.158482
3.257648
3.094957
2.956778
3.113411
3.027378
3.114070
3.119686
3.134678
3.328296
3.257829
3.066589
3.106642
3.100021
3.259021
3.076058
3.175028
3.252397
2.756189
3.269995
3.215599
3.069556
3.308684
2.995570
3.142207
3.027113
3.028794
3.111775
3.081812
2.902667
3.228490
3.219978
2.843636
3.052860
2.962477
3.021870
3.352998
3.293654
3.098768
3.025175
3.100939
2.980361
2.990012
2.990777
3.167254
3.230302
3.137797
2.871894
2.945091
3.037453
3.136723
3.227539
3.168426
3.085184
3.214909
2.979033
3.160466
3.030831
3.265626
2.973838
3.108190
3.127409
3.075804
3.222595
3.102634
3.181184
3.140396
3.340326
3.192408
3.036680
2.809716
2.940680
3.175896
3.221759
2.788356
2.988803
3.089567
3.242904
3.070247
3.128230
3.099066
3.105633
2.996250
3.211057
3.158365
2.967257
3.270070
3.217398
3.220083
3.147294
2.903633
2.985139
3.215590
3.165239
3.300025
3.140302
3.122087
2.986731
3.136745
3.361157
2.756865
3.181601
3.195622
3.152699
3.221916
3.051599
3.066039
3.183023
3.261393
2.945131
3.178289
3.259744
2.904605
3.188736
3.097454
3.320646
3.179852
2.989214
3.019820
3.254369
3.004070
2.775178
3.220565
3.166439
3.331814
3.230870
3.063249
3.095869
3.156648
3.154458
3.243742
3.176811
3.097752
3.194727
3.192470
3.024517
3.353892
3.135858
2.977849
2.891566
2.917924
2.878982
3.122819
3.074725
3.017146
3.006192
3.271787
2.882413
3.111634
3.080970
3.145717
2.768066
3.025446
3.291728
3.214846
3.202093
3.009668
3.095561
2.983260
3.028951
3.018121
3.092771
3.292436
3.233823
3.160548
3.282557
3.103686
2.850579
2.971624
3.189338
3.055604
3.043766
3.085483
3.048202
2.978265
3.213152
3.033063
3.393622
3.043548
2.938956
3.339973
3.131726
3.273208
2.879746
3.236771
3.031980
2.927532
3.039909
3.199906
3.298789
3.070011
3.326917
3.004980
3.042993
3.200844
3.180126
2.974699
3.041680
2.912243
3.266431
2.999056
3.095895
3.280757
3.043304
3.258222
3.181882
2.945434
3.272068
3.344277
3.266553
3.075764
3.213546
3.276180
2.976441
3.174589
3.021071
3.079333
2.932177
3.194237
2.873363
3.191780
3.441808
2.926478
3.180357
3.164697
2.933136
3.134147
3.175906
3.142200
3.278222
3.009303
3.087420
2.997009
3.032048
3.217862
3.232648
3.157345
3.246148
3.126648
3.252626
3.101013
3.188105
3.070583
3.277693
3.136857
3.052822
3.083769
3.052114
3.009452
3.024565
3.233070
2.937223
3.273055
3.114689
3.223794
3.010618
3.189159
3.141804
3.082033
3.218259
3.269273
3.064145
2.833203
3.201697
3.042607
3.036235
3.074040
2.927093
3.286154
3.387464
2.944351
3.087596
3.284181
3.187417
3.068090
3.185206
3.090549
3.246285
3.174503
3.123845
3.291986
3.029550
3.066942
3.112135
3.112597
3.082021
2.931566
3.067682
3.067927
3.216202
3.021447
2.997455
3.282241
3.247305
3.061981
3.135995
3.165340
3.249922
2.912377
3.072267
3.231174
3.257552
3.009346
2.939369
3.146417
3.264803
3.048152
3.121335
3.013214
3.243775
2.842328
3.226093
2.978195
2.817714
3.115551
2.994502
3.203059
3.159402
3.176706
3.020002
3.122262
3.139146
3.130294
2.972049
3.116205
3.380251
3.107037
3.335464
3.077552
3.171120
3.217993
2.972133
3.005499
2.904460
3.040515
3.188991
3.260523
2.969023
3.043516
3.021451
3.030337
3.169587
2.977163
3.034024
3.153117
3.174791
3.166978
3.136456
3.122561
3.295996
2.955864
3.071196
3.172454
3.167663
3.124769
3.047511
3.034403
2.982019
3.259388
3.117627
3.266432
2.918276
3.090275
3.058753
3.038119
3.307518
3.277466
3.135784
2.950809
3.141026
3.211090
2.923384
3.274405
3.201515
3.027861
3.086414
3.089981
3.012212
3.245236
3.114940
3.092684
3.122691
3.243514
3.227760
3.178719
2.930030
3.026087
3.218897
3.248025
3.060874
3.056720
3.198118
3.065395
3.085839
3.064994
2.963649
3.066922
3.013890
3.207927
3.072898
2.890658
3.185754
3.272903
2.977163
3.161659
3.116644
2.933552
3.147601
3.016615
3.044297
2.940637
2.981152
3.000942
3.142062
3.210441
3.153106
2.939511
3.000583
2.991285
2.883691
3.268305
3.009660
3.148740
2.938446
2.982927
3.213951
2.899051
3.133399
3.251207
3.175188
3.310721
3.059600
3.150752
2.827804
3.295547
3.214170
3.178274
3.347809
3.152842
3.199020
3.100388
3.011867
3.203953
3.083016
3.026305
3.108857
3.301840
2.986107
3.026925
3.227994
3.449907
3.061241
3.237475
3.237823
2.983919
3.000924
3.165607
3.138721
3.021762
3.067967
3.153439
3.131735
3.082957
3.014361
3.299067
3.193608
2.949992
2.918798
3.298656
3.208338
3.147563
3.295149
3.148848
3.039103
3.131881
3.081257
2.987499
3.034370
3.299965
3.128894
3.251958
3.115822
3.050569
3.022583
3.301890
3.033134
3.162082
2.914505
3.101428
3.158647
3.088328
3.243984
3.005700
3.108231
3.120273
2.971015
3.075343
3.154321
3.191039
3.121764
3.284640
3.144236
3.077608
3.233941
3.292068
3.117887
3.149894
3.398349
3.241613
3.245784
3.064782
3.003918
3.064511
3.154406
3.265365
3.147809
2.984498
2.941588
3.064339
3.249851
3.344527
3.142104
3.288098
3.012205
3.115711
3.258649
3.024525
3.147359
3.103157
3.204066
3.110083
3.049610
3.244983
3.050354
3.080538
3.263894
3.193045
3.102760
3.309430
3.018904
3.065060
3.270472
2.986636
3.020507
3.315770
3.215311
3.049640
2.885361
3.235581
2.954588
3.090421
2.996543
3.210205
3.011539
3.098217
2.989623
3.200006
3.152432
3.301368
3.137667
3.166335
2.843794
3.234265
3.230784
2.976076
3.036119
2.932505
3.109436
3.175171
2.970521
3.031315
3.032305
3.065955
3.249266
3.160402
3.127911
3.043305
3.217289
3.086969
3.311136
3.326746
3.296450
3.202965
2.866473
3.198075
3.132170
3.043173
3.210173
3.048815
3.046253
3.028464
3.172713
3.142258
2.942135
3.056222
3.225427
3.154251
3.053330
3.142920
3.193704
3.488351
3.092333
2.994549
3.002561
3.100862
3.234661
3.022279
3.106247
3.231250
3.100978
3.159835
3.061731
3.195561
3.198263
3.123646
3.122557
3.119116
3.025907
3.205175
3.191221
2.854540
3.015510
3.169374
3.236463
3.172084
3.233853
3.015235
3.015359
2.947542
3.102916
3.041606
3.339936
3.092331
3.240686
3.397702
3.210756
3.216038
3.072891
3.040677
2.965279
3.318591
2.909418
3.105667
3.356460
3.145599
3.059494
3.040386
3.385364
3.359236
3.001419
2.913219
3.266271
2.938229
3.254336
3.102091
3.017609
2.959916
3.220457
3.151851
2.939810
3.042366
3.008931
3.112035
3.005680
3.237913
3.263193
3.055807
3.149703
3.139365
3.103171
3.091948
2.998205
3.105362
3.204376
3.040353
2.882438
3.126449
3.223842
3.122640
3.305151
2.967824
2.909938
2.925178
3.087647
3.262997
2.912931
3.019515
3.328338
3.178319
3.180844
2.926377
3.029702
3.159479
3.075984
3.236512
3.070211
2.954946
3.049170
3.085236
3.039169
3.062706
3.056701
2.931011
3.208087
3.035207
3.072411
3.126277
3.073955
3.094840
3.142310
3.280360
3.104106
3.139440
3.170975
3.179079
3.169399
3.192381
3.177965
3.111493
3.035906
2.988750
2.986754
3.266638
3.164735
3.096797
3.329047
3.202373
3.228592
2.990384
2.990273
3.277830
2.862415
3.107045
3.218002
3.172558
2.910374
3.187731
3.172126
2.973776
3.123295
3.120724
3.030323
3.070366
3.185541
3.003103
3.061002
3.159478
3.185247
3.003905
3.349089
3.204044
2.960933
3.092515
3.122227
3.003892
3.184826
3.013177
3.147941
2.950687
3.029537
3.184070
3.119131
3.121274
3.251214
3.167170
2.983414
2.984014
3.230712
2.935676
3.200198
3.396714
3.183265
3.076737
3.107002
3.033736
3.154817
3.001842
3.241022
2.868828
3.147384
2.909190
2.969680
2.963188
3.214627
3.128985
2.980583
2.928458
3.147426
3.146051
3.025938
3.203620
2.992750
3.068047
3.066691
3.109298
2.983787
3.115682
3.249989
3.005304
2.867179
3.067836
3.244506
3.075736
3.055925
3.283974
3.085700
3.038849
3.085329
3.050550
3.012684
2.900970
3.123802
3.229417
2.827848
3.070202
3.155093
2.864904
3.049478
2.961212
2.961496
3.035722
3.101214
3.227404
3.008125
3.121618
3.215256
3.006888
3.146335
3.077971
3.076604
3.131647
3.048092
3.091280
2.995217
3.235563
3.209547
3.005887
3.151660
3.115181
2.994619
3.200883
3.180396
3.102757
3.042694
3.278857
3.212733
2.667386
2.970807
3.253096
3.178599
3.047864
2.959235
3.087145
2.886238
3.079298
3.022754
3.230677
3.118758
3.138289
3.162277
3.073224
3.075022
3.042106
3.311127
2.995987
3.167029
3.182780
3.147927
3.114803
3.085423
3.174985
3.247017
3.112766
3.091920
3.215280
2.767447
3.114972
2.962393
3.188839
2.993972
3.277262
3.233617
2.754212
2.973942
3.432322
3.147863
3.140963
3.149689
2.957492
3.211751
3.123481
3.122985
3.217635
3.073744
3.210352
3.262577
2.933852
3.125505
3.071303
3.097996
3.202357
2.853516
3.127939
3.095862
3.125798
2.894501
3.049733
3.252029
3.161387
3.278352
2.882271
3.137529
3.095865
3.052333
3.038397
3.014923
3.238075
3.078395
3.142778
3.125527
3.251809
3.154157
3.259730
3.367821
3.328879
2.986399
2.951695
3.255323
3.298849
3.094700
3.051423
3.237075
3.133187
3.175686
2.936354
3.029018
3.036092
3.216224
3.109263
2.828464
3.298005
3.058177
2.939706
3.086798
3.031073
3.129239
3.247757
2.991563
3.158498
3.254671
3.341159
3.167102
3.129627
3.125367
3.060842
3.167652
2.894588
3.255732
3.130096
3.027970
2.819743
3.113167
3.144911
3.219954
3.046472
3.080627
3.084305
3.199377
3.015772
3.079188
3.174947
3.096951
3.182347
3.088347
3.309255
3.037819
3.130133
3.157096
3.096641
3.053661
3.078520
3.136645
3.122814
3.156387
2.900366
2.988792
2.921452
3.126780
3.207135
3.132163
3.117679
2.886574
3.209968
3.162963
3.134226
3.045582
3.074740
3.115930
3.123490
2.998513
3.180279
3.228905
3.171659
3.027134
3.152144
3.022653
3.169133
2.924248
3.061641
2.863089
3.146265
3.073702
3.182188
3.099910
3.021116
2.875866
3.036746
2.975814
3.104062
2.859900
3.026970
3.293092
3.188036
3.066039
2.962086
3.085750
2.901681
3.069766
3.086012
3.271041
3.085458
3.038160
3.033615
3.107206
3.042363
3.139670
2.958029
3.198755
3.170125
2.995882
3.101048
3.058203
3.146796
3.148719
2.974156
3.147693
2.953457
2.843527
3.082459
3.025540
3.038023
3.191807
3.049501
3.178337
2.961759
2.953829
3.342345
3.187110
3.136002
3.125967
2.972449
2.854565
2.769424
3.118149
3.073363
3.168065
3.278576
3.216868
3.057226
2.792639
3.224337
3.137118
3.104220
3.126164
3.250287
2.731592
3.194690
3.025406
2.954266
3.323168
3.116292
3.005721
3.124545
3.046635
3.423728
3.161853
3.097695
2.934634
2.979360
3.229743
2.872230
2.997974
3.195141
3.060030
3.186260
3.200570
2.864398
3.086185
3.324097
3.042217
2.926175
3.084591
3.214145
2.874737
3.186208
2.948895
3.188298
2.939446
3.195457
2.980932
3.110933
3.103785
3.072273
3.344096
3.109674
3.196559
3.217950
3.294044
2.992286
3.033337
3.138234
3.016877
3.355387
3.130724
3.015818
3.201580
3.079593
3.161267
3.083881
3.062714
3.102411
3.111892
3.264440
3.106816
2.969065
3.076007
2.982436
3.085963
3.173220
3.194868
2.920180
3.066604
3.083456
3.256723
2.959489
3.226080
2.972748
2.976549
2.963149
3.121791
3.094429
3.127493
3.032866
3.418330
3.128741
3.033652
2.889027
3.161149
3.128163
3.170157
3.234399
3.315142
3.031972
3.001850
2.876990
2.810307
3.084603
3.170616
3.254492
2.928082
2.866617
2.873062
3.205822
3.137536
3.335397
3.201071
2.811586
3.147778
3.232840
2.846541
3.289640
3.143846
3.188706
3.045915
3.224703
3.038450
3.357495
3.053423
3.123944
3.261384
3.015924
3.176140
3.097221
3.307190
3.202670
2.995929
3.258266
3.190251
3.255683
3.090784
3.020162
2.882825
2.953305
3.137206
3.089787
3.044385
3.330990
3.204699
3.044330
3.169162
3.239761
3.002623
3.187632
3.223838
3.121422
3.195134
3.218220
3.102438
3.180339
3.133523
3.190906
3.074461
2.878000
3.253430
3.244329
3.111724
3.082286
3.038927
3.278120
3.010788
3.119417
3.097319
3.012112
3.123160
3.151160
3.112076
3.046342
3.116423
3.366885
3.181278
2.995836
3.105957
3.196552
3.162872
3.385775
3.053766
3.299336
2.983293
2.922685
3.293010
3.201293
3.136096
3.015290
3.125139
3.082225
3.272200
3.104761
3.370172
3.280222
3.174460
3.180052
3.042304
3.290715
3.081631
3.244679
3.178796
3.244824
2.858019
3.152526
3.338233
3.096974
3.003285
3.019008
3.165795
3.062085
3.250854
3.100961
3.214265
2.937837
3.004126
3.033453
2.991357
3.106620
2.727316
3.129882
3.080257
3.227570
3.051714
3.106126
3.331553
3.135134
2.961507
3.212528
3.008811
3.150190
3.399734
2.796254
3.223212
3.239708
2.813214
3.118209
3.265894
3.237581
3.246472
3.157653
3.125893
3.162191
3.048288
2.900337
3.106532
3.365187
3.097918
3.040645
2.686303
3.159587
3.153042
3.029988
3.129330
3.101029
3.228248
3.105015
2.982734
2.929642
2.953824
3.023013
2.960321
3.271947
2.831378
3.024750
3.311980
3.078158
3.107006
3.034999
3.179199
3.231621
3.175613
3.321939
3.170818
3.089599
3.035384
3.115692
3.119605
3.305235
3.137475
2.993411
3.145517
3.144661
3.092129
3.098967
3.180196
2.821753
3.339759
3.080395
3.097819
3.160245
3.231772
3.359424
3.173999
3.001058
3.260195
2.950880
2.778922
2.989347
3.095470
3.142843
3.258149
3.081590
2.950448
3.069085
3.231853
3.000545
3.063185
3.156897
2.997890
3.198473
3.032424
3.039903
3.153842
3.225606
3.079934
3.291545
3.198525
3.124036
2.932579
3.225981
2.998008
3.028439
3.149649
3.275901
2.981264
3.057360
3.232149
3.177602
3.134972
3.081488
2.987021
3.064120
3.228235
3.115686
2.964887
3.103804
3.191271
3.245578
2.964475
3.174374
3.154682
3.033534
3.117754
2.990688
3.216944
2.977700
3.071032
3.041849
3.180729
3.174311
2.996265
3.169996
3.182292
3.261133
3.190501
2.914948
3.035495
3.068292
2.854958
2.910319
3.153750
2.888552
3.138230
3.070352
3.285273
2.974387
3.141294
3.125857
3.176627
2.706518
2.988243
3.192248
3.165703
3.174977
3.052900
3.069504
3.213657
3.128915
2.936748
3.058590
3.263491
3.162375
3.006133
3.195261
3.168041
3.236459
3.374427
3.122034
3.097801
3.273987
3.262136
3.167542
2.927055
3.058554
3.145766
3.170983
3.331333
3.256326
2.998098
2.933211
3.085337
3.175437
2.999244
3.131574
3.442625
3.067794
3.202608
3.016357
2.985563
3.171590
3.123805
3.065500
3.122822
3.302597
2.920005
2.967853
3.045588
3.197689
2.951912
3.134634
3.169503
3.115221
3.243642
3.202953
3.030584
2.990311
3.212972
3.089147
2.931695
3.228108
3.267823
3.053490
3.157376
3.227725
3.056094
3.266095
3.016687
3.153527
3.172703
3.134739
3.089660
3.056740
3.149799
3.095373
3.026439
3.192615
3.090185
3.126805
3.355431
3.250797
2.958047
3.093633
3.271722
2.931541
3.058756
3.086270
3.093063
3.231492
3.167120
3.118180
3.022560
3.094433
2.837007
3.128241
3.072568
3.151926
2.812767
3.203625
3.179378
2.963607
2.933132
3.252796
2.954213
3.236645
3.046245
2.870810
3.068207
3.340083
3.077810
3.089153
3.158455
3.138086
3.076859
3.104934
2.952891
3.091374
3.381535
2.812723
2.998921
3.239887
2.956668
3.078701
3.133376
3.162001
3.052277
3.169917
3.172973
3.048264
2.943423
3.153260
2.966839
2.993475
3.136684
3.037864
3.484658
3.136163
3.070886
3.090142
3.150864
2.979982
3.198889
2.949826
3.248320
3.335888
2.962243
3.325926
2.993996
3.282334
3.233941
2.939263
2.811528
3.138391
3.159590
3.225691
3.245580
2.924525
2.968281
3.228299
2.975117
2.864535
3.086305
3.446199
3.203409
3.141543
2.979318
3.250989
3.064924
3.038489
3.093154
2.963127
3.135582
3.185176
3.247604
3.132931
3.067749
3.083998
3.041863
3.055909
3.087217
3.099507
3.228721
3.113548
3.023428
2.963638
2.999145
3.128703
3.030247
3.103865
3.116447
3.038007
3.105566
3.016623
3.280840
3.008888
2.996584
3.207482
3.275521
3.085829
3.143077
3.149045
3.065192
3.119540
3.084968
3.143585
3.060633
3.080501
3.176824
3.252845
3.172216
2.962348
3.269809
3.156346
3.145249
2.974256
3.132555
2.985451
3.255454
2.685333
3.407181
3.040553
3.103637
3.135943
3.064283
3.042137
3.212978
3.186987
3.179136
3.094829
2.925141
3.186014
3.174734
3.075953
3.049318
3.146283
3.109754
3.070207
3.409430
3.112573
3.043941
3.080216
3.237628
3.152605
3.197153
3.321571
3.242447
3.274401
3.238471
2.886303
3.184135
3.019651
3.102451
3.061542
3.120756
3.410131
3.029245
3.054114
3.300482
3.123201
3.132931
3.261164
3.391522
2.948135
3.327455
3.047530
3.049509
3.169957
3.037654
3.009153
2.993513
3.156696
2.962823
2.842682
3.231220
3.167399
3.202951
2.955241
3.251897
3.070033
2.961166
3.227599
3.000144
3.034673
3.078279
3.203803
3.207795
3.094795
3.098532
2.887628
3.115188
3.262657
2.913185
2.994566
3.260173
2.974137
3.175407
3.188496
2.970793
3.059913
3.322079
3.408403
3.021401
3.096587
2.915228
2.870303
3.105256
3.144237
3.152716
2.925658
2.941058
3.243858
3.084248
3.075277
3.207266
3.053469
3.209306
3.084106
3.131886
3.375820
3.262112
2.879332
2.947628
3.163965
3.064480
3.061272
3.368750
3.217741
2.825795
3.174051
3.062123
3.098354
3.014235
3.328835
3.111619
3.213866
3.157963
3.077944
3.098706
3.125744
2.964877
3.262288
3.112874
2.873435
3.148356
3.061211
3.147976
3.009967
3.078827
2.878574
3.148626
3.132303
3.103192
3.287596
3.139182
3.116665
3.144591
2.980596
3.078100
3.221324
3.181478
3.227313
3.000530
3.155430
3.030347
3.185724
3.005630
3.068121
2.995025
3.290467
3.095779
3.141186
3.139963
2.972117
3.129662
3.094005
3.344723
3.511634
3.217700
2.935398
3.200515
3.246169
2.870429
2.962884
3.155790
3.168999
3.161112
3.308369
3.115860
3.099865
3.182541
3.149032
3.075786
3.351036
3.155333
3.113705
3.373051
3.286456
3.170844
3.244456
2.956963
3.192551
3.006797
3.010160
2.954639
3.169342
3.023456
3.102918
3.053353
3.155788
3.146990
2.984970
3.178323
3.112024
3.131788
3.114272
3.140109
3.056499
3.030704
3.265407
2.807139
2.876894
2.970560
3.320119
3.095051
3.140022
3.212914
3.203822
3.293363
3.224363
3.107261
3.041517
3.127706
2.768602
2.975280
3.252721
3.107421
3.223851
3.020698
3.117823
3.271805
3.139456
3.001320
3.131140
2.986187
3.177783
3.047950
3.118757
3.319497
3.105241
3.211206
3.139441
3.020816
3.141524
3.120396
3.087196
3.319112
3.121907
3.087867
3.130720
3.249359
3.254490
3.287154
2.987263
2.955490
3.164874
3.393300
3.094465
3.028377
3.347387
3.213818
3.057341
3.225728
3.201141
3.115659
3.166402
3.091978
3.086640
3.004093
3.181084
3.214279
3.096482
2.794762
3.144798
3.254101
3.276898
3.092109
3.313823
3.116611
3.191017
2.958243
2.930599
3.240442
2.983073
3.046936
3.235064
3.128887
3.047598
3.069195
3.016188
3.143293
3.071158
3.212757
3.177269
3.097400
3.011132
3.298421
3.189661
3.345115
3.205197
2.950420
3.011899
3.219905
3.122116
3.115546
3.091152
3.394683
2.982549
3.060766
3.104270
3.022412
3.158523
2.890966
3.174830
3.212278
3.051445
3.071653
3.276855
3.054683
3.281425
2.963793
3.212018
3.125280
3.187252
3.216270
3.046528
2.792808
3.225068
3.045556
3.202989
3.147096
3.134117
3.108099
3.211080
3.052475
3.100281
3.077874
3.039812
2.903275
3.220073
2.893351
3.060007
2.994771
3.057961
3.131368
3.145937
3.379997
3.195596
3.098991
2.880080
3.145195
3.478088
2.994562
3.090783
3.039972
3.270898
3.219121
3.333144
3.053100
3.054836
3.147562
3.113137
3.169649
3.088547
3.231058
3.254645
3.135113
3.134863
3.144224
3.183869
3.198070
3.096843
3.145532
3.275154
3.210149
2.939442
2.843113
3.047692
2.795250
3.118723
3.077864
3.194474
3.193056
3.138546
2.997872
3.112525
3.241424
3.257210
3.141813
3.089756
3.123629
2.881297
2.967398
2.773753
3.221146
3.223507
3.234376
3.163923
3.290100
2.970869
3.006426
3.183241
3.085595
3.099843
3.271280
3.126743
3.132770
3.065711
3.268829
3.187362
3.121815
3.197298
3.152678
3.166377
3.192505
3.155114
3.094521
2.999660
3.135635
3.197293
3.154734
2.958229
3.164794
3.196555
3.053338
3.037981
3.287731
3.155874
3.090921
3.175434
3.136489
3.225295
3.140318
2.959862
3.228334
3.177202
3.185204
3.382950
3.194382
3.134591
2.982702
3.182523
3.306270
3.175062
3.022024
2.902758
2.931120
3.177088
3.080060
3.199302
2.981178
3.126456
3.095172
3.230622
3.178006
2.977005
2.806225
3.149607
2.921148
3.152992
3.300187
3.082991
3.133048
3.013188
3.156322
2.994670
3.000203
3.080276
3.117228
3.116142
3.339123
2.918785
3.206155
3.252192
3.262471
3.194524
2.978340
3.012316
3.086165
2.936972
3.058915
3.084618
2.862229
3.097360
3.216586
3.163166
3.242924
3.366118
3.234034
3.092503
3.119322
3.200346
3.196801
3.157374
2.996835
2.950471
3.172424
3.159975
3.241049
2.914670
3.002915
3.214127
3.262446
3.018860
3.101425
3.282737
3.114904
3.016351
3.174524
3.113340
2.963511
3.145910
3.163271
3.054753
3.094123
3.071410
3.031418
3.061518
3.238735
3.233193
3.141180
3.217919
3.192920
3.071736
3.158022
3.223023
3.200929
3.255653
3.118596
3.002411
3.311943
3.252392
3.085851
2.850881
3.053251
3.067636
3.070439
3.257591
3.071297
3.120523
3.344442
2.882834
3.108447
3.208076
3.259926
3.056934
3.153324
2.959608
3.201293
2.997718
3.062909
3.232800
3.212715
3.273478
3.149105
3.148923
3.088441
3.148679
3.098511
3.120234
3.134123
3.217301
2.872874
3.192191
3.323277
3.395413
3.113357
3.040324
3.079350
3.125957
2.931984
3.455000
3.159584
3.051675
3.010870
2.943668
3.211906
2.914969
3.213487
2.994750
3.103044
3.220564
2.947795
3.046772
3.148806
3.151215
3.297508
2.885712
3.027740
3.058522
3.067083
3.125580
3.139435
3.204666
2.881010
3.199213
3.220853
2.950335
3.297617
3.035882
3.160994
3.349608
3.019778
3.094407
3.121531
3.091654
3.069136
3.107423
3.143129
3.135805
3.168640
3.042634
3.156809
3.044898
3.206127
3.072440
2.994526
3.114884
3.115623
3.325400
3.232270
2.864631
3.077844
3.220704
3.230389
2.955620
3.097568
3.070963
2.918210
3.073104
3.138168
3.198839
2.954801
3.001315
3.366397
3.123033
3.123926
3.219822
3.021612
3.105084
3.188541
3.097479
3.150509
3.247554
3.135099
3.064200
3.030947
3.188785
2.989621
3.245988
3.083358
2.896362
2.967053
3.328173
3.004979
3.180202
3.307362
3.046943
3.047738
3.107984
3.334123
3.181898
3.035893
3.256251
3.076965
2.964530
3.105395
3.201542
3.135526
3.251867
2.986040
3.105224
3.425284
3.115840
2.764436
3.312405
2.803395
3.028588
3.090622
3.194228
3.044904
2.874948
3.061769
3.148095
2.945485
3.156748
3.172041
3.162319
2.912503
3.149844
3.310183
3.146890
3.161041
3.034411
3.257686
3.217825
2.925255
2.983958
3.207943
2.974519
3.337508
3.131257
2.999849
2.794240
3.051307
3.002910
3.168277
3.152286
3.215011
3.281645
3.278946
3.021099
3.129567
3.289842
3.037081
3.133362
3.082582
2.929788
3.209603
3.211459
3.207362
3.046698
2.948524
3.090091
3.122329
3.172533
3.008216
3.207405
3.099778
2.960259
3.049262
3.184093
3.078698
3.038425
3.191474
3.182754
3.004651
3.322662
2.997687
2.998361
3.146285
3.218629
3.195323
2.921385
3.094169
3.017561
3.233164
3.012281
2.968010
2.869337
3.034555
3.057075
3.266456
3.227856
3.059490
2.947508
3.003205
3.218381
3.114628
2.934864
3.036907
3.357433
3.139680
3.178892
2.972757
2.997369
3.090003
3.370305
3.022631
3.101831
2.997745
3.323233
2.966418
3.071325
3.113905
3.226612
3.135081
2.990359
3.190425
3.000446
3.201226
3.131417
2.845983
3.103112
3.313664
3.163951
3.120449
3.002691
2.768881
3.283645
3.425125
3.173183
3.139738
3.084665
2.972250
3.182624
2.766900
3.126001
2.840881
2.883056
3.055416
3.152681
3.144780
3.143271
3.052961
3.076026
3.111835
3.130833
2.992658
3.123804
3.288408
3.105060
3.020940
2.920188
3.018360
2.971049
3.074161
3.241965
3.046104
2.854011
2.798953
3.298754
3.169303
3.225844
3.243124
3.159819
3.072181
3.147384
3.233730
3.138413
2.990143
2.928919
3.203551
3.268953
3.069527
2.994024
3.159970
2.974787
2.883240
2.989923
3.169053
3.149115
3.059399
3.112179
3.094317
2.967112
2.899152
2.920495
2.876380
3.287605
2.916889
3.194084
3.273814
2.972820
2.979623
3.269872
3.144884
3.255663
3.194756
3.332111
3.243162
3.105241
3.233627
3.040365
3.090381
3.062432
2.968077
2.948381
2.694169
3.029307
2.965675
3.188265
3.124806
2.992870
3.061514
3.197785
3.078913
2.983168
3.156172
3.077649
3.039991
3.165452
3.105569
2.988947
3.110516
2.969732
3.088529
3.091261
3.150007
3.164350
3.136273
3.000099
3.064621
3.150932
3.289224
2.979491
2.955131
3.225608
3.062623
3.240768
2.937193
3.080868
3.166128
2.924234
3.214919
2.859457
3.076798
3.052913
3.362664
2.980631
3.183239
3.184888
2.993280
3.227574
3.012312
2.982873
3.367690
3.084107
3.000983
3.077949
2.852642
3.012527
3.028053
3.177708
3.071404
3.195510
3.073781
3.076649
3.064629
3.070393
3.091296
2.962918
3.314845
2.997562
2.998778
3.125962
3.195784
3.084098
3.138746
2.865136
2.902469
3.060683
3.150404
2.920777
3.161841
2.924881
3.033701
2.957145
3.051717
3.124264
3.117885
2.946992
3.160691
2.911553
3.159275
3.109551
2.784265
2.961696
3.118221
3.185086
2.934659
2.994010
2.784341
3.284229
3.146417
2.975334
3.155506
3.225006
3.175763
3.132720
3.180896
3.033276
3.048599
3.091976
3.066035
3.143955
2.878462
2.912029
3.124433
3.217094
3.031771
2.864602
2.888826
2.940489
3.057921
2.960611
2.949171
3.096849
3.291175
2.995406
3.069769
3.052010
3.048623
3.119585
3.180634
3.135223
3.165695
3.169481
3.166795
2.931087
3.184770
3.024308
3.138020
2.839192
3.094883
2.960723
2.821915
3.196658
3.012706
3.157538
3.084664
2.758823
3.119310
2.924439
3.267165
3.150547
3.146331
2.914683
3.120531
3.244465
3.393355
3.050530
2.975171
3.281785
3.191386
3.126188
3.104815
3.119585
2.987598
3.062345
2.861201
3.045488
3.129458
2.836320
3.033795
3.136029
3.047438
3.145234
3.070155
3.220608
2.850183
3.095988
3.040784
3.088444
2.966322
3.201142
2.992011
3.071319
3.546594
3.172483
3.200734
2.847574
2.969189
3.170109
3.079849
3.204695
2.984313
3.215898
3.190034
2.997266
3.088733
3.075533
3.105725
3.071216
3.292523
3.243118
3.089394
3.209384
3.091080
2.899687
2.939866
3.405941
3.064900
3.259429
2.901769
3.215725
3.358521
2.949431
2.896072
3.052421
2.965918
3.109416
3.143677
3.117532
3.103326
3.209260
2.972045
2.918619
3.044109
3.137322
3.087499
2.982752
3.262489
3.079187
3.057355
2.778783
3.086549
2.880488
3.364252
3.075003
3.236375
2.980108
3.419591
2.945391
2.966246
3.042256
3.178785
3.021579
2.992442
3.094138
3.183034
3.014613
3.038693
3.079613
3.029723
3.275766
2.960212
2.851352
3.091489
3.117342
3.101508
3.043488
2.951119
3.068351
3.082220
3.162432
2.866733
3.050861
3.236295
3.166720
3.078109
3.073369
2.958115
3.084064
2.824761
3.103854
3.022031
2.967031
3.214763
3.063776
3.184863
3.046939
3.100816
3.051156
3.111271
3.021600
3.185182
3.203351
3.072039
2.969245
2.825588
2.908961
2.819400
3.134381
3.035913
3.169837
3.003691
3.157371
3.097674
3.119987
2.971645
3.035225
2.999803
3.030777
3.166223
3.014348
2.950604
3.133732
3.187141
3.060789
2.999367
3.088808
2.950796
3.114352
2.954961
3.196054
2.958452
3.128283
3.194876
3.075857
2.973491
2.993117
3.099147
2.844594
3.075132
3.107353
2.913853
3.108465
3.168646
3.215728
3.152527
3.105818
3.244582
3.052177
3.031079
3.256082
2.939102
2.908573
3.164460
3.187439
3.216956
3.132705
2.955574
3.091831
3.014221
3.153779
2.811320
3.050686
2.959607
3.130005
2.871618
2.974800
3.119828
3.233849
3.179416
3.097669
3.126353
2.897571
2.983675
3.119653
3.006688
3.109830
3.102065
3.040420
3.173845
3.076359
3.138480
3.123758
2.938364
3.042415
3.096111
3.110692
3.114617
2.993681
3.085232
3.056848
3.271468
2.980417
3.042338
3.105303
3.123866
3.086770
3.066785
3.260464
3.092599
3.145868
3.249607
3.055832
3.013417
2.933156
3.033570
3.072089
2.944294
2.873937
3.286100
3.360987
2.898024
3.147765
3.103813
3.030255
3.023720
2.911974
3.210386
3.124782
3.202667
3.142389
3.072262
3.147642
2.944585
3.065722
3.001855
3.076207
3.233714
3.031069
2.931592
3.003686
3.015305
3.040867
3.084270
3.175599
2.966583
3.033844
3.135631
2.934558
3.142757
3.127776
2.991105
3.049109
3.026391
3.075855
3.111920
3.022904
2.800643
3.052376
3.267413
2.933194
3.128936
3.170078
3.196703
3.271446
3.443224
3.141959
3.016372
3.222967
3.112934
3.196607
3.104038
3.010456
3.148809
2.896739
3.039328
3.079922
2.895976
2.891269
3.106744
3.002737
3.141093
3.055615
3.245529
3.004987
3.033034
2.960204
2.903675
3.280538
3.209501
3.106476
3.057494
3.017936
2.911601
3.165827
3.093946
3.220950
3.174955
2.975551
3.136884
2.947276
3.080757
3.131133
3.209027
2.924838
3.162075
3.066017
3.021054
2.990160
2.901158
2.959264
3.260507
3.044515
3.161012
2.910886
3.218248
3.238463
3.061910
2.948364
3.301022
3.110283
3.272896
2.847797
2.930812
3.149482
3.062828
3.146588
3.178815
3.294618
3.019991
3.105056
2.934754
3.202661
2.850020
3.131724
3.247875
3.041552
3.100133
2.920177
2.955518
3.161319
3.084972
3.119909
3.182244
2.962813
3.204895
3.134407
2.907130
3.046437
3.121635
3.252230
3.199857
2.787329
3.352613
3.321930
3.093355
2.994633
3.243396
3.082841
3.098025
3.158144
3.079982
3.122117
3.114412
3.135969
3.122949
3.375193
3.277167
2.963469
2.877902
3.090606
3.133026
3.072541
2.863142
2.908078
3.005805
2.911846
2.982441
3.176535
3.204747
2.916620
3.022496
3.245966
3.068642
2.955263
3.110605
3.038436
3.048477
3.164888
3.138904
3.223092
2.876899
3.035859
3.133269
3.096726
3.020307
3.032598
3.165824
3.054326
3.158353
3.298861
3.156881
3.076529
3.103596
2.812482
3.347854
3.058938
2.799592
3.001423
3.092015
2.991363
3.113686
3.134138
2.939912
3.322992
3.008479
3.098757
2.972375
3.058844
3.196246
2.903013
3.177781
3.125497
2.963059
3.071993
3.090806
3.251766
3.195047
3.117817
2.990557
3.193808
2.931425
3.060639
3.200987
2.982200
3.171266
3.084207
3.159698
3.091086
3.075137
3.307139
2.966279
3.105617
3.219927
3.114887
3.124451
3.044143
2.887733
3.134672
3.278609
3.114189
2.950253
2.986795
3.095641
3.103016
3.040147
3.100955
2.972370
3.064936
3.104204
3.185411
2.986748
3.113671
3.150493
3.141573
2.974988
3.249942
3.111741
3.017861
3.198133
3.192121
3.135860
3.116303
3.223059
2.931547
3.031768
2.966156
3.208967
2.992821
3.132968
3.004493
3.290484
3.320806
2.932157
3.045080
3.082437
3.157350
3.078133
3.067561
3.054926
2.935318
3.056510
3.223755
