# Si-Si bond lengths (Angstrom)
# Total count: 10800
2.994311
3.304364
3.267756
3.073216
3.019372
3.216987
3.151821
3.123899
3.263457
2.950631
2.957992
2.751041
3.191821
3.121358
3.145438
2.968239
3.196804
2.870270
3.000306
3.256086
3.156625
3.302002
3.063829
3.161720
3.144944
2.945503
3.167536
3.340958
3.200150
3.235092
2.949312
3.125146
3.004573
3.151523
3.004143
3.175871
3.040065
3.079480
3.233418
3.353418
2.922589
3.067608
3.181844
3.272515
3.193390
3.334297
2.961584
3.105995
3.325943
3.041542
2.998019
2.999109
3.179663
3.115318
3.185564
3.260466
3.218147
3.354317
3.306495
3.004946
2.877870
3.236440
2.938393
3.351232
3.230610
3.094968
3.002480
3.019180
3.098246
3.361999
3.060899
3.374320
2.898113
3.134305
3.324430
3.123335
3.011787
3.121511
2.917347
3.047990
3.238819
3.372325
3.171412
3.239676
3.082205
3.140185
3.180469
3.226763
3.084185
3.212541
3.230117
3.022415
3.224761
3.288326
3.104211
2.987747
3.263709
3.210388
3.057809
3.461073
3.222302
3.083262
3.235841
3.144352
2.932853
3.271862
3.299181
3.153861
2.871931
3.243012
3.060376
3.074097
3.003210
3.167415
3.278042
3.011807
3.179957
3.192145
3.151699
2.935639
2.915317
3.198358
3.124755
3.030089
2.976066
3.059096
3.128648
3.412640
2.907241
3.070743
2.939387
2.990036
3.256210
2.951998
3.249490
3.238591
3.157358
3.273582
3.029670
3.138230
2.975780
3.222209
3.225034
3.058008
3.126414
2.934365
3.025232
3.118050
3.289734
3.053353
2.975409
3.287070
3.078436
3.354968
2.980707
3.026632
3.194834
2.965153
3.120781
3.096681
3.175468
3.218307
3.258414
3.401696
3.000312
3.081085
3.142283
3.212996
3.122061
3.188919
3.217908
2.976301
3.316376
3.096392
3.350754
3.215213
3.104052
2.961714
3.279077
3.016210
3.027837
3.317410
3.152476
3.303286
3.303808
3.115494
3.017222
3.129631
3.045629
2.957985
2.996365
3.144825
3.153181
3.366488
3.150847
3.115905
3.004890
3.177586
3.175526
2.906999
3.059711
3.327645
3.058905
3.137532
3.007993
3.152000
3.150609
3.014683
3.194789
3.114334
2.945854
3.081326
3.117856
3.158682
3.112963
2.961460
3.115994
3.092506
3.275096
3.162258
2.975549
3.237563
3.113493
3.125814
3.220591
2.958735
3.180481
3.201356
2.974189
3.302043
3.166404
2.959341
3.143525
3.210308
2.985211
3.108560
2.913589
3.195871
3.161066
3.238459
3.023430
3.118669
2.957305
3.191864
3.261254
3.182939
3.224484
3.126413
3.329307
3.129063
3.268919
2.996676
3.269521
3.139496
3.031316
3.100671
3.312416
3.231884
3.201243
3.267913
2.940976
3.117649
3.179264
3.181140
3.289420
3.121256
3.134289
3.333887
3.212874
3.034460
3.104146
3.203098
2.981208
3.023997
3.091767
3.070279
3.244082
3.082959
3.045768
3.118782
3.271100
3.224410
3.024411
3.296579
3.180403
3.147551
2.986721
2.903825
3.010763
3.213641
3.168259
3.080497
3.259566
3.268579
3.106462
2.831810
3.172913
3.251147
3.091187
3.202349
3.168167
2.940126
3.127944
3.181349
3.372282
3.119308
3.173029
3.130526
2.721020
3.015732
3.253481
2.891506
3.268363
3.032233
3.189113
3.367456
3.073564
3.177792
3.231771
3.131775
3.089652
2.982614
3.012505
3.058763
3.024937
3.163110
3.184519
3.152404
3.005666
3.171654
3.247365
3.047862
3.143262
3.334208
3.010898
2.955289
3.034225
3.020401
3.183271
3.116456
3.240641
3.281251
3.132471
3.124888
3.032117
3.217215
3.216804
3.115523
3.049368
3.247831
3.113975
3.242777
3.139353
2.968822
3.170647
3.197245
3.179414
3.119357
3.025670
3.376739
3.266090
3.246681
3.103072
3.291097
3.045144
3.066557
3.236614
3.184581
3.158873
3.058180
3.311867
3.055851
3.058229
3.168847
3.232522
3.046116
3.164561
3.276095
3.124347
3.026201
3.135983
3.044115
3.002868
3.077261
3.084074
3.081774
3.057716
3.145305
3.195464
3.139937
3.177476
3.130676
3.369750
3.088317
3.083724
3.338276
3.250845
3.098113
3.184008
3.203425
2.944036
2.940433
3.191842
3.350321
3.364529
3.016247
3.183074
3.075972
2.997466
3.188652
3.105887
3.099718
3.117542
3.277408
2.928687
3.022701
2.872138
3.338866
2.893688
3.271446
3.002293
3.171461
3.173218
3.087600
3.273570
3.149230
3.180702
3.008461
2.863762
3.159406
3.200964
3.307695
3.140905
3.176388
3.032930
3.074922
3.128520
3.186312
3.135774
3.167049
3.147049
3.238647
3.231694
3.062550
3.190375
3.066723
3.168816
3.174157
3.169377
2.966634
3.072796
3.247129
2.970407
3.143189
3.245530
3.023117
3.048675
3.314877
3.176771
2.951727
3.279229
3.292762
3.123871
2.947412
3.008964
3.233514
3.180040
3.136153
3.162534
3.240776
3.166557
3.211832
3.062581
3.204073
3.306370
3.083733
3.228235
3.266535
3.024856
3.029780
3.097780
3.168409
3.046964
3.348176
2.962245
3.195922
3.288151
3.099777
3.077914
3.192932
3.164482
2.960222
3.354668
3.217743
3.199826
3.293397
3.027517
3.011928
3.304756
3.109771
2.932669
3.133376
3.351871
3.151495
2.989574
3.158143
3.077570
3.014991
3.097637
2.994025
3.326821
3.331809
3.056784
2.954527
3.237665
2.881291
3.179691
3.230870
3.057325
3.086285
3.107065
3.061450
2.869347
3.268780
3.097566
3.161753
2.976499
3.108437
3.086077
3.158918
3.177818
3.283943
3.211969
2.906058
3.068127
3.096021
3.125220
2.990134
3.016526
3.442672
3.228190
3.137267
3.253794
3.090006
3.005830
3.158857
2.986922
3.258310
2.952282
3.102579
3.129679
3.167776
3.182617
3.252143
3.145661
3.157690
3.252521
3.033588
3.114558
3.353022
3.095153
2.892213
3.058991
3.105666
3.082332
3.067572
2.991892
2.975352
3.091694
3.106834
3.091846
3.101195
3.149339
3.200756
3.197956
3.205569
3.081203
3.159224
3.184042
2.883940
3.177330
3.015807
3.230214
3.024011
3.083970
3.249189
3.043228
2.957032
3.221776
3.134671
3.151047
2.965248
3.124339
3.020588
3.092349
3.278739
2.978166
3.279077
3.113420
3.110116
3.257523
3.006485
3.233708
3.124235
2.935242
3.328771
3.193000
3.288280
3.393116
3.193700
3.156996
3.133568
3.210819
2.965585
3.061398
3.161793
3.152571
3.061920
3.056062
3.208129
3.008609
3.254552
3.267307
3.334093
3.059225
3.072750
3.053367
2.990427
3.316359
3.137430
3.008195
3.187153
3.149099
3.173795
3.310034
3.000233
3.220617
3.252473
3.186733
3.246237
3.023287
3.046558
3.121834
3.187022
3.007556
3.281399
2.932140
3.213485
3.134783
3.136574
2.990723
3.105487
3.090019
3.072811
3.069215
3.016834
3.195719
2.993901
3.167619
3.081242
3.193849
3.113334
2.974176
2.940309
3.090722
3.098403
3.189936
3.114365
3.053129
3.280861
3.196743
3.080920
3.087684
3.023467
3.182723
2.954881
2.997592
3.024831
3.149205
3.164032
3.186989
3.150943
3.211147
3.148292
3.092196
3.232589
2.997209
3.022960
3.117726
2.993828
3.352047
3.351125
3.007505
3.132313
3.034413
3.214834
3.315146
3.225227
2.925879
3.250548
3.181435
3.400137
3.076396
3.200673
3.277351
3.231940
3.428667
3.111915
3.133467
3.030138
2.897446
3.113506
3.177908
3.359696
2.966990
3.133775
3.185097
3.052067
3.132265
3.155752
3.087868
3.249494
3.216240
3.000205
3.198451
2.996545
3.009747
3.214884
3.260837
3.085090
3.116974
3.159079
2.986451
3.182786
3.180367
3.141916
3.086845
2.780086
3.133534
3.182461
3.161319
3.217509
3.172991
3.061469
3.161668
3.272342
3.185926
3.237651
2.957159
3.285041
3.313574
3.019745
3.010729
3.110273
3.392073
2.947234
3.195991
3.069250
3.158596
3.345955
3.211786
3.183323
3.031554
2.901506
3.127439
3.209898
3.203347
3.324974
3.098344
3.306828
3.245046
3.070940
3.116605
2.933237
3.130971
3.165637
3.119696
3.151232
3.036292
3.081823
3.007802
2.895303
3.063776
3.084244
3.133579
3.125579
3.221207
3.224628
3.109351
2.822158
2.971361
3.149843
3.244592
3.285247
3.053209
3.502526
3.108815
3.241182
3.124531
3.049159
3.109053
3.274043
3.302062
3.351275
3.050021
3.140500
3.152896
3.194977
3.097852
3.211041
3.174069
3.095899
3.112194
3.076658
3.141250
3.208093
3.267195
3.187393
3.046705
3.257118
3.132741
2.971822
3.104874
2.943266
2.934556
3.313404
3.099013
3.268571
3.150075
3.179188
2.916259
3.323435
3.196228
3.077058
3.220699
3.136352
3.173931
3.192352
3.128383
3.093243
3.250108
3.179387
3.132415
3.135677
3.027271
3.159229
3.154930
3.185634
3.009655
3.024493
3.198950
3.271227
3.166413
2.964274
3.186820
3.028402
3.071636
3.016422
3.374292
2.969781
3.081793
2.942839
3.406517
2.971089
3.320872
3.137828
3.242247
3.231458
3.299979
3.181326
3.228250
3.119011
3.073036
3.161537
3.113306
3.012577
3.158410
3.234158
2.968393
3.215793
3.087992
3.272382
3.184663
2.782327
3.331585
3.233527
3.214003
3.106741
3.017375
3.155223
3.212651
3.191662
2.995960
3.083996
3.039825
3.152347
3.100994
3.214308
3.185875
3.346978
3.089107
3.039847
3.309741
2.850911
3.085762
3.183983
3.346186
2.900879
3.286985
2.954231
3.173451
3.095248
3.189708
3.149774
3.134335
3.119530
3.149092
3.131197
3.276945
3.073282
3.085890
3.097179
3.388036
2.856358
2.998310
3.288206
3.093509
3.130367
3.205200
3.187150
3.203784
2.959909
3.008795
2.923933
3.350682
3.093740
3.123313
3.142667
3.149386
3.270205
3.122887
3.224101
3.080157
3.022332
3.113717
3.217448
3.061608
3.035123
3.195394
3.125887
3.349227
2.758724
3.372286
3.146215
3.067460
2.933435
3.075049
3.061438
3.015863
3.024414
3.059833
3.218974
3.117723
3.063812
3.398796
2.976396
3.327134
3.231273
3.153024
3.012807
3.138716
3.107140
3.292347
3.075477
3.059514
3.060044
3.055979
3.147419
3.208229
3.135526
3.166126
3.013937
3.168761
3.076392
3.073209
2.958471
3.108724
2.984946
2.947774
3.197977
3.334250
3.118154
3.058134
3.258061
2.979678
3.111605
3.214539
3.223217
3.157008
3.200317
2.863356
3.017328
3.047235
3.194156
3.230678
3.112834
3.175234
3.032859
3.072402
3.125439
3.095151
3.292036
3.118703
3.515334
3.215398
3.142796
3.168461
3.106629
3.486683
3.193820
2.958103
3.160060
3.071236
3.179266
2.873912
3.096285
2.930444
3.263457
3.162509
2.980773
3.188063
3.106111
3.140154
3.284408
3.011899
2.944997
3.055052
3.126515
3.097526
3.294844
3.148180
2.955006
3.095118
3.176834
3.065346
3.107184
3.239172
3.172263
3.342014
3.033215
3.208736
3.143030
3.209587
3.078585
3.279309
2.987332
3.085580
3.236803
3.095184
3.000262
3.028081
3.085431
3.190476
3.286159
3.169289
3.312058
3.239164
3.145058
3.144208
3.191092
3.255710
3.060439
3.063932
3.208794
2.876014
2.836239
3.172466
3.218678
3.254256
3.058724
3.134103
3.145598
3.154854
2.912080
3.156651
3.151211
3.301610
3.087443
3.039934
3.201781
3.232784
3.025699
3.127304
3.155885
3.210361
3.176743
3.093532
3.210715
3.121581
2.985446
3.128816
3.204151
3.297656
3.189891
3.000346
3.170989
3.158117
3.295918
3.238112
3.035205
3.175250
3.020186
2.896426
2.941501
3.239980
2.912394
3.229165
3.127219
3.072045
3.108509
3.266293
3.259518
2.993558
3.031580
3.281130
3.207233
2.893141
3.092974
3.153023
3.195993
2.966435
3.112529
3.267602
3.207975
3.015314
3.120108
3.325849
3.220570
3.173543
3.216311
3.381445
3.181104
3.056360
3.097542
3.217779
2.927892
2.963150
3.112459
3.029207
3.189534
3.126782
3.131162
3.022994
3.230627
3.232674
3.253082
2.977158
3.098992
3.324141
3.085317
3.103134
3.057061
3.021595
3.449629
3.098290
3.226344
2.974155
2.756787
3.222796
3.248676
2.987207
3.050703
3.021770
3.045024
3.241023
3.050217
3.238720
3.119305
3.127589
3.244364
3.095912
3.133827
3.061322
3.055054
3.228851
3.181176
3.205371
3.143645
2.801396
2.987497
3.162964
3.104489
3.114816
3.151223
3.168522
3.083834
3.363126
3.209899
2.941098
3.196921
3.253327
3.197471
3.050777
2.908675
3.082753
3.148089
3.304105
3.035180
3.261195
2.979768
3.018740
3.220027
3.057788
3.184554
2.966962
3.203534
3.183922
3.103064
3.047502
3.180338
3.154542
3.355431
3.368614
2.914424
3.110901
3.260253
3.107964
3.057687
3.341334
2.823574
3.072996
3.211982
3.007832
3.010338
3.027795
2.978786
3.031838
3.100499
3.172128
3.197004
3.280725
3.119860
3.236623
3.122107
3.234743
3.013587
3.221260
3.078779
3.066967
3.062305
3.197729
3.172623
3.231621
3.164779
2.954196
3.198134
3.182957
3.130419
2.913800
3.174075
3.020530
3.351140
3.182312
3.179070
3.097724
2.887686
3.140226
3.221809
2.939045
3.037902
3.153611
3.321954
3.176428
3.138138
3.238757
3.205465
3.420254
2.917895
3.066632
3.089404
3.186675
3.125949
3.192999
3.114113
2.886332
3.266320
3.362134
3.199307
3.122302
3.147978
3.267104
3.177670
3.240521
3.032675
3.098340
3.098916
3.192841
3.226687
3.177231
2.888442
3.050772
3.217257
3.362799
3.162574
3.099421
3.314164
3.169754
2.972502
3.184917
3.462819
3.043382
3.198649
3.120203
3.096102
2.894934
3.150200
3.057714
3.149216
2.926340
3.138427
3.068063
3.172372
3.066083
2.861666
3.351943
3.096861
3.331091
2.992755
2.978374
3.014722
3.151390
3.191170
3.155439
3.215780
3.018018
2.943768
3.055510
3.050940
3.153513
3.074184
3.065001
3.208365
3.303171
3.333041
3.393122
3.055499
3.104289
3.204691
3.163010
3.290704
3.155337
3.278216
3.269490
3.195741
3.206627
3.160604
3.187674
2.846172
3.193288
3.104261
3.244266
3.178129
3.014397
3.054118
3.173725
3.191305
3.063034
3.124519
3.296687
3.078632
3.103531
3.050491
3.150186
3.069711
3.157495
3.083758
3.039442
2.898128
3.279982
3.114860
2.838945
3.237069
3.121916
3.073848
3.210201
3.113875
3.161855
3.240391
3.158316
3.028960
3.304538
2.992698
3.287803
2.854123
3.018110
2.956455
3.267158
3.100482
3.056153
3.075657
3.194895
3.014678
3.141342
3.156882
3.080783
3.061564
3.254825
3.184893
3.401513
3.157943
3.073863
3.199598
3.392641
2.995608
3.188504
3.162674
2.893274
3.451308
3.170261
3.300367
3.233737
3.070074
3.318458
3.211328
3.106323
3.157751
3.162266
2.984005
3.238449
3.097413
3.122841
2.935097
3.275233
2.977793
2.841106
3.456490
3.254544
3.136584
3.136772
3.212070
3.251508
3.076705
3.101585
3.228752
3.113221
3.046250
3.021130
3.089871
3.293157
3.175470
3.269797
3.198951
3.234451
3.195587
3.264019
3.205476
3.134961
3.121205
3.149383
2.875731
3.150796
3.106560
3.226802
3.084406
3.073019
2.976090
3.363372
3.136403
3.131573
3.083308
3.022757
3.109498
3.138226
3.214761
3.070231
3.341721
3.202893
3.200441
2.947169
2.955076
3.332633
3.277606
3.090822
3.084263
3.215469
2.843842
3.311901
3.088763
3.072659
2.893529
3.092680
3.262345
3.183320
3.170152
3.165751
3.152561
2.957963
3.093871
2.959487
3.124640
2.860076
3.079722
3.202743
3.224728
3.190469
3.181796
3.076696
3.371886
3.137003
3.178295
3.203403
3.170173
3.070172
3.256416
3.240312
3.183531
3.341934
3.121571
3.245397
3.174675
3.368634
3.081431
3.142317
3.095946
3.275494
3.053569
3.179156
3.164414
3.111006
3.109685
3.211070
3.228363
3.011157
3.239292
2.906394
2.999537
3.328726
3.248210
3.078664
3.163862
3.232945
3.318472
3.185283
3.383341
2.974799
3.098618
3.267238
3.177648
3.032606
2.985279
3.239637
3.303476
3.000084
3.060354
3.239733
3.193834
2.996324
3.161872
3.143328
3.176365
3.359354
3.207757
3.098634
3.193453
3.140080
2.982502
3.110987
3.173532
3.376130
3.066775
3.140113
3.014285
2.931288
3.063674
3.208017
3.136811
3.484424
2.956335
3.007422
3.186866
3.058618
3.143045
3.036076
3.177750
3.120308
3.283698
3.151204
3.293221
3.277710
3.039081
3.057177
3.352910
3.166386
3.123307
3.089948
3.030714
3.312010
3.092915
3.247373
2.993033
3.422143
3.165931
3.056357
3.277114
2.979354
3.234838
3.298105
2.961130
3.153145
3.214979
3.036426
3.191107
3.173448
3.318645
3.146519
2.912379
2.940089
3.268539
3.169569
3.126634
3.197666
2.974953
3.091394
3.048092
2.980384
3.020003
2.993735
2.878280
3.253152
3.085688
3.131486
3.035521
3.043658
3.220907
2.989727
2.920144
3.259892
3.140402
2.960498
3.006093
2.902197
3.153141
3.464217
3.162717
3.056841
2.930760
3.159399
3.051309
3.240893
2.948492
3.241948
3.229998
3.138473
3.170727
2.967155
3.130455
3.387626
3.164917
2.908597
3.091286
2.951468
2.984305
3.015904
3.274068
3.230509
3.305896
2.947311
3.097323
2.967972
3.067347
3.150104
3.059178
3.283923
3.217399
3.174619
3.080073
2.993078
3.092029
3.057022
3.073882
3.105513
3.042391
3.270169
3.069369
3.030088
3.015226
3.169042
3.058451
3.038725
3.523959
3.108015
3.299244
2.921363
3.316003
3.262815
3.320341
3.038103
3.274854
2.961551
3.005687
3.144606
3.284605
3.165687
3.034858
3.124114
3.325374
2.904915
3.171907
3.010425
3.261293
2.990390
3.442543
3.175498
3.274556
3.230335
3.036591
3.129595
3.144454
3.259391
3.042396
2.915878
3.021368
3.201559
3.131692
3.270596
3.170119
3.248471
3.134824
3.149368
3.033979
3.145299
3.238232
3.301985
3.142938
3.154449
2.864078
3.203422
3.036254
3.232847
3.336448
3.066843
3.155999
3.053644
2.999935
3.110957
3.214400
3.380251
3.272271
3.141776
3.252780
3.110022
3.256596
2.990645
3.007652
3.163928
3.207949
3.352099
3.251087
3.221694
3.022320
3.024201
3.116309
3.019370
3.225657
3.223160
3.106688
3.016025
2.786847
3.158589
3.113450
3.071978
3.285096
3.480202
3.295290
3.128805
3.102148
3.074923
3.229156
3.096686
3.195408
3.009764
2.990350
3.120350
3.052770
3.305136
2.906030
3.038981
3.242898
3.220232
3.174053
2.819341
3.230496
3.193822
3.330119
3.232577
3.114783
2.890843
3.137476
3.245380
3.149416
2.966446
3.179113
3.123465
2.984819
2.935205
3.263289
3.046077
3.173106
3.406195
2.928995
3.093139
3.119906
3.347679
3.125590
3.052037
2.981499
3.176862
3.216863
2.999130
3.153497
3.040696
2.967058
3.183412
3.221407
3.118843
3.127153
3.263522
3.285365
3.258147
3.030196
3.261336
3.358035
2.955664
3.075398
3.257693
2.929646
2.980134
3.037758
2.950773
3.015368
3.193735
3.284956
3.026716
3.275481
3.246323
3.168577
3.078533
3.218801
3.153376
3.144908
3.201361
3.184233
3.024406
3.072906
3.209372
3.042648
3.126347
3.183115
3.026154
3.187452
3.221917
2.974094
3.081112
3.209996
3.202973
3.245914
3.471077
2.926247
3.061772
3.029093
3.137542
3.036295
3.271570
3.106040
3.086546
3.168420
3.218541
3.060169
3.319828
3.198640
3.180898
3.247249
3.217739
3.323469
3.176121
3.191197
3.142130
2.979926
3.044422
3.093124
3.100477
3.151651
3.198790
3.196532
3.201638
3.054278
2.993453
3.072230
3.163467
3.122171
3.231165
3.050225
3.082473
3.229894
3.070897
3.040539
3.088352
3.031923
3.220109
3.011406
3.042169
3.038523
3.111999
3.197428
3.250027
3.093167
3.035629
3.054510
3.426348
3.124833
3.248527
3.091512
2.879671
3.073441
2.845740
3.190680
3.087844
3.242781
2.978590
3.321944
3.236647
3.245619
3.102990
3.066754
3.133449
3.027495
3.241354
3.189326
2.973741
3.023649
3.109611
3.180295
3.091802
3.189699
3.185806
3.059617
3.221372
3.249291
3.344539
3.061910
3.166625
3.075825
3.040147
3.119613
3.195596
3.088565
3.154604
3.024936
3.156176
3.019678
3.125402
3.254680
3.180944
3.235283
3.115542
3.241365
3.055138
2.985948
3.040971
3.144711
3.111694
3.307255
3.090391
3.058378
3.309188
3.099718
3.003688
3.132018
3.073858
3.238886
3.023880
3.081454
3.176223
2.937805
3.051315
3.152665
3.284344
3.158776
3.079779
3.008278
3.149429
3.137949
3.163444
3.082851
3.249296
3.135885
3.372844
3.238332
3.136129
2.990971
3.306247
3.119097
3.163317
3.259486
3.160324
3.401103
3.217209
3.131628
3.092996
3.087664
3.099418
3.087742
3.125618
3.224917
3.060660
3.108836
3.003824
3.276775
3.035038
3.363936
3.184682
3.036574
3.043040
3.027288
2.988074
3.344721
3.313425
3.041974
3.333978
3.242304
3.039644
3.106353
2.780147
2.982981
3.156797
3.114003
3.365096
3.081523
3.365836
3.126822
3.207467
3.265704
3.063639
3.188885
3.053834
3.277791
3.194182
3.122293
3.029304
2.938356
3.246137
3.179328
2.902533
3.149132
3.078288
2.953252
3.074027
3.075413
3.210371
3.246110
3.077417
3.276138
3.145591
3.293959
3.201723
3.038326
3.190399
3.251981
3.189967
3.270082
3.007688
2.990880
3.245899
3.181624
3.171407
3.283257
3.250483
3.010875
3.192292
3.247595
3.245689
3.193473
3.148284
3.027040
3.263964
3.131085
3.339626
2.932115
3.190602
3.069085
3.269963
2.835009
3.060844
3.246392
3.004281
3.210045
3.250629
3.098086
2.973380
3.112666
3.027546
3.204240
3.218449
3.316065
3.125984
3.249002
2.985468
3.137865
3.077256
3.039471
3.164947
3.013844
3.202950
3.229672
3.134164
3.149507
2.916485
3.084255
3.180809
3.207430
3.045157
3.144442
3.157028
3.094374
3.242779
3.036199
3.135789
3.210541
3.105560
2.926279
3.375114
3.257115
2.948112
3.072688
3.120204
3.293243
3.096926
2.970174
3.125768
3.194283
3.347629
3.058752
3.176508
3.175249
3.108044
2.989157
2.827398
3.240626
3.090164
3.259630
2.964928
3.057668
3.258446
3.200759
3.151685
2.954599
3.164097
2.837602
3.125324
3.209040
3.285164
3.399296
3.198391
3.098566
3.068271
3.277661
3.289985
3.229291
3.264719
3.156271
2.994519
2.938734
3.132351
3.260643
3.133933
3.133154
3.207559
3.101554
3.208790
3.015449
3.154551
3.221356
3.108890
2.986921
3.255759
3.163265
3.281841
3.196544
3.243709
3.132171
3.195868
2.964339
3.135341
3.239489
3.153725
3.236850
3.082387
3.283712
3.174917
3.105783
2.840553
3.074219
3.182689
2.988382
3.100975
3.034026
3.132020
3.088734
3.010451
3.239669
3.100397
3.202732
3.078087
3.412379
2.915389
3.238343
3.143431
3.019377
3.140962
3.067871
2.956870
3.206374
3.085036
3.403150
3.196866
3.337326
3.479122
3.034673
3.143347
3.329015
3.148250
3.093885
3.210495
3.107532
3.091313
3.241988
2.978249
3.206652
3.093365
2.980402
3.000312
3.121857
3.024899
2.927285
3.056493
3.243535
3.284440
3.082097
3.141717
3.208415
3.145950
3.170568
3.101594
2.906355
3.010543
3.229077
3.120252
3.041281
3.230144
3.165832
3.185572
3.277208
3.098368
2.833868
3.238862
3.318981
3.174511
3.180009
3.040656
3.087148
3.241578
3.088890
3.126690
3.163522
3.095798
3.300868
2.988453
3.214575
2.959010
3.203390
3.177411
3.116627
3.090309
3.336224
3.247988
3.147960
3.116199
3.149268
3.330689
3.120166
3.216199
2.959177
3.132579
2.963750
3.144047
3.234835
3.148993
3.033536
3.044985
2.960759
3.150204
3.029193
3.233685
3.267768
3.148914
3.069675
3.158158
3.205694
3.178924
3.048040
3.151898
3.154453
3.107415
3.167759
3.152876
3.083362
3.137755
3.120876
3.037523
3.122457
3.249944
3.070190
3.093628
3.150249
3.216700
3.143735
3.240281
3.208265
2.977908
3.108086
3.119427
3.160742
3.133560
3.018553
3.232082
3.235406
2.903509
2.922162
3.109377
3.144119
3.164556
2.959603
3.186680
2.987745
3.173836
3.006754
3.204784
3.248868
3.192777
3.081078
3.051556
3.145252
3.132174
3.242766
3.047361
2.917947
3.082202
3.295755
3.152891
3.231815
3.070173
3.082986
2.928565
3.192921
3.241297
3.323395
3.127024
3.006776
2.946810
2.958352
3.138458
3.067848
3.223180
3.272669
2.965904
3.067210
3.304321
3.102984
3.272402
3.242848
2.892666
3.259582
3.157379
2.968479
3.203860
3.087656
2.993279
3.103242
3.137092
3.060236
3.169572
3.071350
3.235275
2.922974
3.211294
3.069126
2.832219
2.970507
3.089207
3.242623
3.270600
3.418860
3.264716
3.031916
3.171783
3.175938
3.105895
3.113581
3.277665
3.106321
3.133744
2.866676
3.036244
3.264406
3.134862
3.217917
3.133755
3.217097
3.436368
3.226447
3.148793
2.986529
3.362636
2.985743
3.070896
3.002799
3.069335
2.972569
3.100464
3.076044
2.945474
3.195428
3.054651
3.111897
3.284495
3.040445
2.975769
3.303477
3.394526
3.131728
2.955527
3.113860
3.217092
3.070113
3.310525
3.135637
3.093414
3.170069
3.253481
3.235145
3.043982
3.154863
3.211085
2.934228
2.976805
2.999188
3.328693
3.116571
3.025845
3.148741
3.275288
2.940097
3.076064
2.980452
2.980283
3.215405
3.107924
2.984287
3.137222
3.213966
3.362287
2.916138
3.060086
3.097374
3.251892
2.963609
3.243198
3.281441
3.257877
3.287283
3.079861
3.040546
3.126464
3.150524
3.307860
3.172715
3.148414
3.222248
3.091995
3.182749
3.319884
3.068561
2.947127
3.128211
3.191372
3.315615
2.782297
3.160023
3.162337
3.003288
3.227115
3.106240
3.220325
3.047478
3.013295
3.370914
3.179565
3.312236
3.261873
2.874440
2.999657
3.168047
3.257806
3.040467
3.127874
3.225864
3.140260
3.312124
3.160092
3.003437
3.463064
3.079111
3.090535
3.377538
3.016186
3.043018
3.019710
3.132411
3.299802
3.287300
3.052691
2.984238
3.129266
3.208970
3.188887
3.295810
3.212225
3.147479
3.158139
3.080707
3.177223
3.071653
3.108700
3.235648
3.022236
3.229927
3.269633
2.975738
3.159454
3.183696
3.304705
3.069013
3.106592
3.019407
3.008013
3.050919
3.076405
3.099380
3.275091
3.069295
3.425138
3.210130
3.002660
3.098587
3.177011
3.033629
3.129452
3.221331
3.190190
3.180633
3.108312
3.136807
2.977797
2.988055
3.094830
3.123062
3.221910
3.228522
3.284877
3.239125
3.152907
2.934875
3.313746
2.999710
3.328233
3.270382
3.222331
3.213849
3.052699
3.105445
3.162131
3.249122
3.055016
3.159000
3.183260
2.925154
3.088882
3.231474
2.971270
3.364380
3.391788
2.918483
3.112956
3.133946
3.166169
3.009204
2.942476
3.236493
3.086479
2.871756
3.124517
3.254593
3.013380
3.230127
3.026866
3.005322
3.264253
3.105905
3.171626
3.262257
3.047072
3.234968
3.225292
2.973886
2.896476
3.111972
3.086516
3.215541
2.920037
3.077148
3.217297
3.090203
3.040374
3.206259
3.058368
3.044784
3.253219
3.391809
3.200412
3.057666
3.236030
3.263466
3.237024
3.109006
3.273952
3.123939
3.362769
3.381007
3.510093
3.159586
3.114095
3.193331
3.176510
3.061928
3.348751
3.432691
3.103240
2.926345
3.135764
2.903319
3.073756
2.976967
3.061865
3.195850
3.385217
3.119354
3.229730
3.216677
2.938001
3.132514
3.182070
3.091395
3.272730
3.105448
3.110220
3.320891
3.026064
3.096010
3.109669
3.110852
3.479048
3.162412
3.052656
3.036959
3.187154
2.985448
3.215798
3.290530
3.126718
2.954016
3.136184
3.297899
3.043646
3.070391
3.277650
3.037568
3.264645
3.069493
3.037959
3.076065
3.185162
3.040053
3.267353
3.043660
3.061440
3.378867
3.002056
3.158334
3.389083
3.489309
3.029191
3.023369
2.785483
3.391758
3.081430
3.168855
3.211762
3.165944
3.144664
3.083830
2.947520
3.195030
2.938119
3.209475
3.353528
3.004649
2.944514
3.101333
2.949914
3.213428
3.073511
3.261033
3.022658
3.141041
2.881328
3.220631
3.149105
3.152523
3.053235
3.117119
3.190666
3.162034
3.075964
3.123052
3.008862
3.224733
3.184530
3.021642
2.995908
3.128343
3.132120
3.083544
2.795939
3.127300
3.139591
3.073162
3.300051
3.245433
3.159954
2.962197
3.323209
3.002706
3.248196
3.302597
3.079221
3.016304
3.276607
3.151914
3.138364
2.973854
3.143762
3.192695
3.065662
3.138304
3.155228
3.157534
3.291858
3.042931
3.186424
3.164823
3.267331
3.106762
3.232555
3.037259
3.107892
3.211861
3.077326
2.994341
3.157900
2.963315
3.051327
2.970998
3.297005
3.033265
3.148612
3.179953
2.943020
3.227061
3.075581
3.212385
2.852765
3.290951
3.017306
3.239528
3.191235
3.058070
3.195873
3.154492
3.133484
3.116985
3.107123
3.112147
3.337681
3.051098
3.062568
3.114541
3.146872
3.182617
3.016394
3.031729
3.230714
3.140127
2.969103
3.390385
3.180705
3.135728
3.164247
3.140080
3.080948
3.245794
2.913123
3.056893
2.994062
3.144315
3.267789
2.845531
3.248735
3.245907
2.973146
3.082659
3.298906
3.146007
3.270180
3.205973
3.024301
3.164569
3.335736
2.923121
3.122760
3.182009
3.049040
3.064632
3.056735
3.377466
2.863251
3.066360
3.208300
3.158806
3.032548
3.052153
2.900136
3.129674
3.118146
3.252623
3.300990
3.200102
3.115828
3.021946
3.159758
3.063472
3.096590
3.426944
3.019805
3.040657
3.260659
3.184624
3.062145
3.174997
3.132971
3.221532
2.987030
3.315526
2.990319
3.202214
3.126290
3.263626
3.193224
3.052304
3.289147
3.251087
3.114548
3.038237
3.050820
2.939307
3.142195
3.115523
2.981594
2.986597
3.200574
3.067610
3.169509
3.096244
3.189002
3.188127
3.173771
3.295086
3.439110
3.041763
3.213424
3.068843
3.193759
2.948423
2.922305
3.013455
3.145226
2.784519
3.331021
2.949972
2.684381
3.030342
3.075989
3.505316
3.311512
3.128124
3.199519
3.479953
3.092684
3.362585
3.057747
3.135900
3.165329
2.981993
3.136258
3.087434
3.191993
3.029523
3.166458
3.016970
3.383709
3.281880
3.091450
3.125234
3.217024
3.370748
3.230092
3.062085
3.223064
3.274849
3.332923
3.357859
3.303633
2.909150
3.261673
3.094332
3.201261
3.002611
3.098893
3.280827
3.016400
3.039774
3.236116
3.228752
3.148177
3.158208
2.913875
3.060658
3.352870
2.989367
2.989783
3.317945
2.981676
3.108597
3.033928
3.290273
3.209935
3.203258
3.057123
3.100483
3.183281
3.300575
3.077332
3.206794
3.205895
3.153856
3.305749
3.380208
3.157719
3.094982
3.217772
3.116468
3.129136
3.051339
3.180822
2.988762
3.231723
3.032809
3.064634
3.053878
2.978969
3.207915
3.109339
3.231819
3.095422
3.294546
3.255455
3.258893
3.203484
3.131991
3.031702
2.951359
3.081589
3.153000
3.095196
3.411811
3.133264
3.029508
3.080459
2.969200
3.093907
2.993181
3.239117
3.118658
3.042886
2.935296
3.252277
3.106918
3.289161
3.077562
3.285227
3.191664
3.239602
3.218538
3.239030
3.214244
3.194147
3.296845
2.966704
3.245434
3.156456
3.174516
3.220798
3.068320
3.272806
2.808770
3.060126
3.268850
2.946903
3.272011
3.105700
3.103879
3.202230
3.300174
2.981583
2.895599
3.219941
3.053936
3.319697
3.127247
3.041626
3.054233
2.933802
3.038420
3.097093
3.039389
3.216800
3.253240
3.099112
3.330299
3.268531
3.193376
3.214296
3.084161
3.164258
2.998384
3.176268
3.130406
3.195757
3.069455
3.014005
3.173098
3.292902
3.046278
3.281716
3.102503
3.167099
3.111453
2.949787
3.216357
3.295088
3.275033
3.092913
3.145852
3.253094
3.146803
3.262177
3.038006
3.160639
3.329110
3.313436
3.102286
3.035697
3.057363
3.141546
3.013816
3.313609
3.067055
3.034514
3.109160
3.297895
3.273335
3.074769
3.028610
3.298279
3.195450
3.126863
3.198854
3.081044
3.082406
3.166101
3.025102
3.201098
3.146377
3.304172
3.317205
3.202196
3.069497
2.937654
3.082093
3.254647
3.184084
2.965663
3.051370
3.161807
2.973398
3.141504
3.135869
3.012278
2.948238
3.197380
3.332398
3.238780
3.146238
2.918766
3.286708
3.195416
2.968371
3.103202
3.113402
3.208864
3.136540
2.806726
3.048525
3.101992
2.960968
3.046449
3.044104
3.088480
3.162156
3.111033
3.142632
3.131786
2.931481
3.220379
3.521592
3.083544
3.192994
3.194444
3.002971
3.115862
3.241573
3.205366
3.001291
3.137477
3.041934
3.337434
3.147828
3.106159
3.168792
3.017199
3.207455
3.117506
3.216809
3.181047
2.975617
3.096790
3.464872
3.007013
3.060228
2.945855
3.294868
3.042725
3.245571
3.237519
3.143553
3.167199
3.048671
3.134835
3.273281
2.984707
3.350897
3.264607
3.143419
3.337697
3.256588
2.951812
3.203363
3.005871
3.205631
3.093138
3.214538
3.072673
3.231106
3.313953
3.244226
3.311064
3.096022
3.089576
3.084249
2.924108
3.145133
3.062695
3.369951
2.747109
3.057261
3.020525
3.121813
3.200932
3.111546
3.057868
3.047197
3.175510
3.016162
3.083660
3.185619
3.165687
3.058476
2.975846
2.994594
3.321233
3.153711
3.116734
3.261707
3.254015
3.212828
3.180775
3.216202
3.106531
3.179438
2.990599
2.999195
3.033959
3.007560
3.159414
2.985902
3.140983
3.244807
2.898020
3.109993
2.974584
3.185762
3.114647
3.231317
3.244203
3.336881
3.042764
3.219328
3.169423
2.972784
2.913410
3.303445
2.982458
2.976221
3.052463
3.027180
3.095680
2.883271
3.127205
3.092457
3.216613
3.284686
3.092564
3.042610
3.202486
3.146719
3.217245
3.307829
3.140264
3.024193
3.269199
3.004424
3.142271
3.089901
3.292968
3.094637
3.011773
3.089578
3.121971
3.071520
3.229225
2.976998
3.009635
3.161474
3.208893
3.407414
3.202319
3.134833
3.125202
3.186068
2.953692
3.510718
3.128419
3.096698
3.003696
3.232496
3.048814
3.096987
3.250521
3.030784
3.209105
3.317327
3.027207
3.369833
3.151587
2.905443
3.196707
2.840554
3.240090
3.095065
2.952854
3.357073
3.033370
3.122669
3.297365
3.274864
3.261905
3.392272
3.018116
3.116279
3.154151
3.297872
2.990498
3.131989
3.082110
3.305648
3.020862
3.204385
3.286166
3.244976
3.200090
3.064275
3.120993
3.173372
3.155390
3.189627
3.162803
3.076486
3.333295
3.106152
2.967355
2.959255
3.263997
3.036440
3.160009
3.185453
3.130325
3.144507
3.193228
3.029165
3.212653
3.292001
3.134588
2.888851
3.006817
3.020249
2.939044
2.973774
3.202391
3.206631
3.158478
2.901074
3.061522
3.427556
3.224382
3.012322
2.966978
3.029848
3.115896
3.174983
2.918389
3.066366
3.125955
3.321902
3.101779
3.114406
3.169313
3.153507
3.407071
3.090940
3.202730
3.161753
3.107930
3.061185
3.256151
3.274194
3.202901
3.136154
2.872998
3.004118
3.102400
3.314494
3.175686
3.065333
3.129515
2.911787
3.010221
3.143193
3.093357
3.161013
3.108222
3.102835
3.154702
2.721661
3.168053
3.348640
3.270044
3.059224
3.316586
3.168471
3.278024
3.445327
2.882680
3.058202
3.179408
3.214303
3.106713
3.101096
3.174696
3.136968
3.293267
2.975229
3.098530
3.155199
3.203893
3.001043
3.234603
2.991354
3.209480
3.197751
3.174776
3.282932
3.132218
3.065956
3.286626
3.147692
2.917389
3.283684
3.264620
3.083148
2.844519
3.131861
3.198075
3.196534
3.063136
3.291588
3.237405
3.089255
3.124919
3.111178
3.345145
2.881971
2.993859
3.087368
3.247784
3.223975
3.156853
3.210830
3.049789
3.159662
3.283803
2.954355
3.125779
3.487049
3.261888
3.225749
3.243902
3.523757
3.051400
3.028032
2.984208
3.135487
3.111003
3.090003
2.958265
3.107204
3.042271
3.150023
3.206388
3.108447
3.116839
3.367448
3.120225
3.012877
3.215195
3.079269
3.191299
2.927756
3.293764
3.141608
2.996860
3.048839
3.399288
2.957733
3.227844
3.331327
2.896301
3.206915
3.329768
3.077410
3.295344
3.369240
3.185627
3.198032
3.224907
3.262505
3.132623
2.895202
3.187424
3.395723
3.321961
3.232360
3.009700
3.090101
3.071013
3.077485
3.223156
3.039829
3.177769
2.735987
3.044988
3.046038
3.327740
2.811132
3.252765
3.302244
3.205411
3.169505
2.983869
3.256111
2.932773
3.160896
2.978144
3.078224
3.040754
3.166865
3.098045
3.143846
3.209445
3.116407
3.227102
3.002123
2.941863
3.165701
3.205882
3.002881
3.112355
3.198656
3.112289
3.036293
3.190116
2.996544
3.211554
3.231542
2.989726
3.232130
2.990192
3.158422
3.102595
3.130262
3.318585
3.164511
3.091200
2.998403
3.085311
3.151156
3.197263
3.101987
3.225214
3.013177
3.101068
2.958447
3.244538
3.219579
3.037447
3.004578
2.726278
3.060505
3.084537
3.343829
3.163162
3.091080
3.259620
2.881120
3.151493
3.169888
3.049582
3.110538
3.143792
3.233749
2.934761
3.260379
3.153201
3.053654
3.093674
3.007709
3.092295
3.269105
3.353079
3.099269
3.103468
3.140516
3.036925
3.040655
3.247863
3.142702
2.948466
3.457061
3.097578
3.177272
3.145721
3.297536
2.966481
3.120801
3.273816
3.072953
3.167771
3.064442
3.471426
3.115309
3.243995
3.071989
3.202793
3.173374
3.146104
3.081707
3.175488
2.950473
3.157863
3.255382
3.047856
3.222144
3.233223
3.098921
3.340955
2.979609
2.925197
3.200426
2.999348
3.235165
2.997147
3.034054
3.231916
3.256535
3.181532
3.310075
3.130117
3.201511
2.873193
3.249297
3.308601
3.081925
2.959187
3.134052
3.017686
2.994223
3.205423
3.480611
3.128377
3.244749
3.257445
3.091495
3.163802
2.865417
3.137276
3.286435
3.163892
3.116273
3.160777
3.283944
2.864485
2.994727
3.072686
3.137237
3.406410
3.201774
2.981294
3.085045
3.313715
3.165510
3.141762
3.147320
3.089363
3.064664
3.134094
3.050753
2.936527
3.015429
3.223368
3.189882
2.959038
3.069845
2.758853
3.111420
3.137917
3.431529
3.072821
3.034709
3.217036
3.048569
3.168836
3.076726
3.211742
3.266255
3.132448
3.159333
3.107877
3.319283
3.114882
3.467606
3.202213
3.075317
3.105874
3.173568
3.061281
3.086146
3.126671
3.278407
3.113061
3.178073
3.032245
3.166566
3.137525
3.110717
2.926118
3.119808
3.007722
3.010435
3.037515
3.606617
2.995362
3.216134
3.129509
3.272930
2.973184
3.257408
3.054818
3.198470
3.235368
2.971861
3.151666
3.269796
2.989996
3.074314
3.074792
3.137901
3.021066
3.154773
3.351293
3.200913
3.023097
3.145044
3.108613
3.260599
3.084482
3.197426
3.164474
3.174796
3.135548
3.085592
3.110330
3.139769
3.056671
3.118834
3.104839
3.109206
3.254098
3.221496
3.066571
3.214750
3.278928
3.173543
3.170771
3.139554
3.189901
3.124103
3.064362
3.419955
3.139043
3.209304
3.095485
3.195246
3.350710
3.159694
2.979903
3.078536
3.378724
3.331001
3.138922
2.999419
2.991740
3.017892
3.072732
2.944746
3.052518
3.209129
2.991808
3.142703
3.222496
3.031291
3.329033
3.065068
3.036017
3.242712
3.143652
2.961570
3.120082
3.085339
3.119788
3.027701
2.960061
3.151341
3.178554
3.087200
3.141917
3.411309
3.156344
3.109012
3.103391
3.141773
3.097305
3.422273
3.271724
3.205316
3.198877
3.262881
3.165130
3.029666
3.146685
3.481300
3.040031
3.248254
3.079290
3.130607
3.186766
3.149376
3.090915
3.209732
2.935849
3.335156
2.995649
3.170085
3.146536
3.118115
3.237817
3.287528
2.970013
3.342324
3.086626
2.996400
2.930649
3.179281
3.325926
3.073741
3.033835
3.349939
3.131971
3.186161
2.958029
3.148533
3.270650
3.048793
3.031999
3.198374
3.482960
3.080793
2.971788
3.013962
3.142296
3.193780
3.327829
3.326328
3.040343
3.133909
3.189743
3.056333
3.298830
3.098082
3.096331
3.016486
3.224045
3.363363
2.877199
3.277086
3.041221
3.213502
3.063768
2.989150
2.892633
3.081191
3.367623
3.097201
3.108319
3.113813
3.020445
2.959500
2.992965
3.193654
3.237554
3.240818
3.087587
2.971891
3.150659
3.229676
3.430059
2.987879
3.106224
3.303700
3.051201
3.291889
3.172841
3.091063
3.059483
3.004190
3.028363
3.052058
2.837559
3.184800
3.062258
3.168897
3.406449
3.124653
3.222266
3.117484
3.005881
2.968072
3.157092
3.387976
3.092987
3.245287
3.194560
3.220367
3.123949
2.989298
3.079710
3.132071
3.048676
3.073814
3.041777
3.203030
3.164853
3.225456
2.913687
3.046582
3.203497
3.558360
3.134838
3.181299
3.141278
3.035129
3.204912
3.249604
3.114465
3.056972
3.157342
2.992834
3.295756
3.258559
3.131106
3.085334
3.314614
2.858552
3.254655
3.442225
3.046286
3.092121
3.187085
3.208973
3.218786
2.987015
3.257083
3.332293
3.070635
3.271733
3.021116
2.937776
3.102536
3.100100
3.004832
2.966982
3.049052
3.324500
2.863335
3.057300
3.212949
3.106822
3.136387
2.976882
2.897415
3.131549
2.966977
3.126612
3.208131
3.265932
3.238714
3.315124
3.177752
3.444027
3.212069
3.105561
3.140128
3.286416
3.257271
3.249232
2.983529
3.106456
3.211102
3.350001
3.197207
2.943932
2.865808
3.206788
3.071655
3.294124
3.232376
3.294994
2.974761
3.162829
2.916220
3.124628
3.117318
3.020932
3.338962
3.244050
3.277797
3.251560
3.168585
3.305333
3.072968
3.229136
3.210658
3.143876
2.913168
3.037983
3.009361
3.167062
3.138411
3.324185
3.009280
3.072234
3.230360
3.058303
3.074994
3.340734
3.066213
3.221640
3.080690
3.062034
3.044477
3.063546
3.080306
3.034201
3.116776
3.124729
3.192212
3.312687
2.973811
3.217904
3.217496
3.225948
2.990883
3.152731
3.198203
2.949588
3.155376
3.291443
3.207263
3.133311
3.110193
3.144183
3.040701
3.024481
3.005780
2.965895
3.029640
3.060188
3.071316
3.089795
3.056041
3.076529
3.369949
3.256455
3.227340
3.183218
3.343798
3.083580
3.182865
3.172597
3.139872
3.089980
2.842565
3.147073
3.234842
3.261038
3.224458
3.244381
3.144320
3.033527
3.093199
3.141847
3.274295
3.239232
3.121831
3.199832
3.011772
3.435569
3.239687
3.102539
3.098396
3.061081
2.963887
3.165984
3.181669
3.093368
3.335719
3.062697
2.831572
3.164009
3.146828
3.126138
3.178207
3.152867
3.260241
3.061569
3.248299
3.176125
3.066400
3.115971
2.956424
2.866836
3.279447
3.080716
2.994954
3.304995
3.201460
3.418304
3.083234
2.923139
3.133765
3.071675
3.002486
3.366445
3.081532
3.101714
3.273411
3.132294
2.990318
3.028640
3.121745
3.140768
3.146252
3.066797
3.046658
3.058611
3.183167
3.110279
3.045154
3.350964
3.116152
3.007924
3.238631
3.056690
3.158341
3.123874
3.194155
3.179752
3.073387
2.936084
3.025042
3.355029
3.197514
3.254030
3.038220
3.035983
3.133346
3.312786
2.957818
3.100376
3.047599
3.114558
3.233037
3.042383
3.086240
3.215043
3.243594
3.205217
3.238831
2.923471
2.864399
3.018656
3.123753
3.423987
3.260988
3.086609
3.120571
3.271597
3.112554
3.033481
3.000219
3.309659
2.941582
3.266312
3.160237
3.094832
3.138646
3.345619
3.016838
3.123964
3.159991
3.302455
2.948249
2.936273
2.995724
3.068653
2.916206
3.212596
3.184527
2.968755
3.077947
2.993439
3.036934
3.245597
3.056452
3.306333
3.347636
3.177257
3.228962
3.060858
3.277867
3.185363
3.112498
3.194442
3.207386
3.071246
3.065116
3.022531
3.181229
3.398374
3.156769
3.048992
3.029851
3.123299
3.175275
3.124969
3.126170
3.213931
3.119400
3.134437
3.082923
3.130902
3.180717
3.214738
3.174532
2.935158
3.081665
3.261639
3.114696
3.043503
3.148393
3.111967
2.799061
3.215772
3.030594
2.988541
3.276864
2.979438
3.415607
3.126927
3.045266
3.329376
2.933556
3.313867
3.133125
3.294988
3.017660
3.168492
3.082530
3.023934
3.056488
3.188537
3.187363
3.229317
3.053645
3.028715
3.275986
3.269098
3.166219
3.176793
2.996728
3.285027
3.232912
3.319460
3.135421
3.214570
3.177168
3.082308
3.018010
3.117776
3.224239
3.097853
2.963963
3.040117
3.130512
3.275816
3.210758
3.267776
3.257347
3.162816
3.208696
3.136098
3.067769
3.095267
3.242916
3.272940
3.107708
3.035445
3.175189
3.078563
3.024361
3.395045
2.943514
3.203544
3.330475
3.093026
3.306402
3.208112
3.008926
3.176535
3.097779
3.099380
3.247454
3.204944
2.871912
3.122304
3.132582
3.251416
3.010705
3.197927
2.982502
3.274350
3.194340
3.062166
2.999721
3.143346
3.183035
3.118972
2.945138
2.967673
3.076579
3.130270
3.122362
3.086043
3.067675
3.066961
3.311846
2.998295
3.072583
3.073650
3.064574
3.004752
3.421180
3.084863
3.009375
3.113650
3.120439
3.241904
3.194402
3.126069
3.168543
3.192984
3.172630
3.041673
3.244851
3.045847
3.181517
3.023703
3.294189
3.205909
3.100937
2.975516
3.050329
3.215421
3.341355
3.181102
3.126221
3.204471
3.197908
3.210430
3.160254
3.330307
3.154244
3.431100
3.048737
3.198548
3.176913
3.097394
3.253566
3.083030
3.249767
3.178993
3.212081
3.127653
3.143330
2.984974
3.333954
3.238248
3.173374
2.902740
2.985770
3.211162
3.224422
2.972694
3.058158
3.455419
3.148373
3.131529
3.275096
3.321532
3.168477
2.980081
3.419133
3.562775
3.212418
3.190916
3.175978
3.435087
3.360516
3.045380
2.950880
3.016030
2.833998
2.994301
3.255748
3.253706
3.164292
3.149700
3.151874
3.063552
3.147817
3.241761
3.174904
3.314712
3.271030
3.074426
3.066461
3.136420
3.221352
3.030090
3.142199
3.040160
2.972871
3.077741
3.133368
3.061682
3.206262
2.668624
3.069028
3.110428
3.080232
3.361457
3.138796
2.987779
3.163289
3.043703
2.971948
3.108969
3.202423
3.096252
3.148284
2.899876
2.940555
3.088795
2.978356
3.169378
3.021851
3.044202
3.241155
3.210501
2.836393
3.014346
3.171273
3.250926
3.220091
3.028559
3.215654
3.137601
2.923302
3.184808
3.196489
3.223464
3.194347
3.276251
3.218401
3.282626
3.210067
3.045474
3.009332
3.066042
3.089850
3.285674
3.134930
3.056431
3.160784
3.218414
3.279986
3.013652
3.177414
3.061564
2.916945
3.017540
3.079892
3.135717
2.926178
3.176215
3.112987
3.031100
3.084818
3.255646
3.273962
3.149309
3.016254
2.993949
3.144042
3.126830
3.108317
3.304069
3.209154
3.165714
2.785087
2.939507
3.449947
3.192744
3.178955
3.201761
3.185132
2.978607
3.110166
3.079571
3.141200
2.985690
3.118336
3.325763
3.108578
3.247239
2.982383
3.121473
3.215664
2.985929
3.113867
3.338850
3.174536
3.113713
3.098917
3.167955
3.297098
3.061234
3.066069
3.211054
3.010845
3.044450
3.086337
2.945036
3.149998
3.111258
3.068017
2.992865
3.065541
3.008648
3.105476
3.155484
3.270002
3.198568
3.198728
3.183430
3.108183
3.278603
3.172354
2.987220
3.078047
3.057921
3.244990
3.142813
2.824596
3.046517
2.964729
3.143854
3.181429
3.264053
3.125013
3.122116
3.176056
3.284301
3.261755
2.926431
2.973789
3.159511
3.147433
3.227575
3.228548
3.166166
3.045802
3.171025
3.137174
3.275024
3.090851
3.243910
3.087900
3.161438
2.935731
3.163435
3.211374
3.248161
3.276137
3.291200
2.976357
3.228557
3.178296
3.064682
3.102315
2.968350
3.020335
3.085254
3.100061
3.319293
3.147158
3.017317
3.177285
3.125169
3.140249
3.296866
3.197138
2.995044
3.101403
3.027072
3.246128
2.981174
3.036181
2.962045
3.265870
2.954722
3.198432
3.140222
3.208369
3.017089
3.227803
3.380967
3.337097
3.063166
2.955359
3.206894
3.208503
2.976467
3.190002
3.314595
3.164996
3.112196
3.270383
3.242387
2.931746
3.461769
3.314001
3.196329
3.121014
3.066308
3.082130
2.902398
3.205543
2.847263
3.027736
3.275925
2.987964
3.334164
3.275720
3.158427
3.232301
3.114184
3.404377
3.293704
3.104541
3.101721
3.164721
3.148875
3.075127
3.083846
3.174908
3.203235
3.126668
3.096949
3.188390
3.064214
3.066166
3.301827
3.203900
3.057010
3.218594
3.112772
3.169006
2.993318
3.092578
3.207160
3.265438
2.994456
3.166577
3.217815
3.075484
3.256129
3.157863
2.965819
3.086485
3.184406
3.166522
2.981465
3.151410
3.221123
3.087694
3.057060
3.081630
3.145595
3.064078
3.249852
3.156876
3.126780
3.197488
3.144312
3.252127
3.339131
3.165693
3.040420
3.344580
3.091379
3.265448
3.092324
3.240881
3.152183
2.976416
3.279051
3.083564
2.934407
3.174840
3.317695
3.072146
2.892760
3.253202
3.157196
3.373706
3.180563
3.136692
3.348172
3.058029
3.015017
3.157121
3.049092
2.970866
3.197158
3.266821
3.142699
3.242252
3.390128
3.063385
2.949886
3.068610
3.393688
2.944705
3.338640
2.860796
3.101048
3.256269
3.018495
3.084561
3.121346
3.183044
3.123868
3.217270
3.291018
3.087502
3.266881
3.375480
3.171100
3.183282
3.195998
3.429504
3.053968
3.282852
3.083655
3.201635
3.217840
3.040726
3.096921
3.092636
3.144801
3.009549
3.162838
3.171838
3.014420
3.222314
3.171846
3.151746
3.227783
2.962132
3.135661
3.301110
3.402355
2.886548
3.388740
3.059424
3.246564
3.026582
3.266174
3.336648
3.268911
3.210924
2.831631
3.103057
3.042745
3.191177
2.997329
3.208668
3.071793
3.224557
3.094232
3.063258
3.233231
3.159313
3.072427
3.075952
2.944927
3.307851
3.020282
2.893628
3.154036
3.174944
3.031553
2.985364
3.268284
3.213582
3.194681
3.342654
3.148331
3.284567
3.097617
3.021432
3.382771
2.902006
3.170259
3.180896
3.266747
3.424196
3.124223
3.265935
3.234983
2.996001
3.261964
2.964587
3.085988
3.062164
3.110961
2.996977
3.032569
3.172536
3.297138
3.311524
2.919756
3.341524
3.393537
3.045566
3.273717
3.045295
2.997636
3.341211
2.839557
2.846806
3.100978
2.957588
3.017139
3.136273
3.136945
3.145945
3.118270
3.242996
3.167426
3.111644
3.577526
3.248882
3.219396
3.355050
3.026453
3.100151
3.010533
3.084355
3.159379
3.264985
3.185623
3.048125
3.072966
3.094597
3.046365
3.042810
3.149721
3.156600
3.026216
3.217386
2.990160
3.048254
3.159693
3.116880
3.283543
3.028837
3.247498
2.917638
3.265084
3.070848
3.288114
3.010917
3.158738
3.151861
3.157343
3.192748
2.914358
3.368933
2.975586
3.157588
3.081772
3.070547
3.163137
3.074118
3.388789
3.125408
3.049987
3.001008
3.010442
3.144866
3.043195
3.107276
3.268018
3.010432
3.203672
3.016584
3.196130
3.026737
3.028263
3.241423
3.131579
3.095660
3.016152
3.269457
3.194542
3.148985
3.068512
3.050054
3.123837
3.140989
3.083146
3.165185
3.113508
3.130635
3.061813
3.272804
3.237002
3.213526
3.210677
3.105751
3.041278
3.150947
3.142316
2.984282
3.235193
3.181712
3.099633
3.174641
2.890947
3.195320
3.105274
3.046609
3.004751
3.177190
3.058245
3.175411
2.985074
3.228151
3.066928
3.025532
3.018322
3.283673
3.124203
3.262600
3.144824
2.994019
2.987917
2.924526
3.248784
3.140053
2.947143
3.173698
3.281205
3.009082
3.122105
3.093294
3.009114
3.018852
3.118067
3.195782
3.155532
3.007343
3.289324
3.124751
3.250667
2.998176
3.075915
3.252909
3.217101
3.048778
3.122990
3.171345
3.010745
3.089897
3.142506
3.191801
2.948242
3.030389
3.287720
3.295421
2.968819
3.286898
3.230607
2.995354
3.336278
2.928769
3.159847
3.345561
3.144717
3.054832
3.173782
3.274138
3.098191
3.165997
3.035342
3.096657
3.077213
3.066807
3.107194
2.989993
3.317894
3.092041
3.404803
3.165996
3.218251
3.159249
3.069530
3.174516
3.066854
3.171054
3.380417
2.892851
3.287060
2.955387
3.387943
3.058945
3.153522
3.033036
3.336789
3.066125
3.279276
3.018051
3.218941
2.932562
3.091982
3.263735
3.187292
3.012075
3.052085
3.095319
3.188977
3.123207
3.067430
3.227781
3.180855
3.240047
3.106150
3.065970
3.128226
3.158208
3.355791
3.269326
2.851909
3.081990
3.329743
3.136173
3.412740
3.171676
3.192823
3.210425
2.949581
3.027231
3.007814
2.990831
3.257677
3.311629
3.149908
3.167856
3.125943
2.978319
3.070283
3.190740
3.169561
3.180561
3.086567
2.995316
3.152643
3.064914
3.025595
3.151908
3.048285
3.094281
3.200417
3.389303
3.210220
3.133068
3.144237
2.995218
2.865713
3.191778
3.134104
3.207133
2.990838
3.142975
3.277633
2.841475
3.216073
3.262531
3.168886
3.179745
3.179627
3.053204
3.257481
3.219918
3.167619
3.033150
3.375501
3.113361
3.255717
3.238154
3.294895
3.131583
2.995430
3.154385
3.144439
3.098798
3.194392
3.377697
3.342697
3.180183
3.103931
3.072436
3.156211
3.080826
3.146159
2.904896
3.186331
3.025395
3.239853
3.207325
3.124713
3.193609
3.255872
2.963763
2.835954
3.302164
3.011942
3.286670
3.216659
3.036672
3.180096
3.148872
3.255142
3.250597
3.258955
3.244614
2.932526
3.163247
3.106542
3.303736
3.184102
3.234765
3.067431
3.120499
3.116365
3.356217
2.980392
3.229341
3.182308
2.866710
3.071974
3.405087
3.134965
3.044908
3.284402
3.044335
3.192819
2.974473
3.058734
3.078508
3.169115
3.208289
3.217584
3.156659
3.245783
3.078126
3.063450
3.188377
3.192287
3.289853
3.387427
3.004496
3.076085
3.100610
3.126082
3.105305
3.247021
3.086199
3.378861
3.220717
3.175656
3.070522
3.102700
3.199696
3.059647
3.086436
2.856495
3.238376
3.320532
3.186511
3.219678
3.359417
3.128328
3.056212
3.062600
3.181098
3.023921
3.118721
3.141785
3.024305
2.849347
3.109502
3.179856
3.302000
3.136849
2.936046
3.078001
3.009123
3.079806
3.176749
3.157721
3.108560
3.041570
3.173863
2.989804
3.138840
3.308661
3.277032
3.232241
3.248198
3.161289
3.083481
3.141297
3.173896
3.156433
3.221016
3.131982
3.208941
3.236874
3.201072
3.098186
2.981032
3.007205
2.996954
3.158443
3.104066
3.268537
3.346905
3.174919
3.194841
2.900998
3.138566
3.298456
3.151028
3.274052
3.240735
3.077487
2.993507
3.097543
3.362665
2.890436
2.991674
2.872764
2.906199
3.118141
3.033964
3.170068
3.063484
3.102632
3.180264
2.970917
3.008204
3.233882
3.275521
3.204880
3.077860
3.248026
2.934493
3.148552
3.138547
3.059925
2.795113
3.205212
3.051270
3.204432
3.029702
2.890931
3.171567
3.282256
3.028922
3.146272
3.072689
3.369751
3.141173
3.085964
3.121760
3.195311
2.979166
3.196853
3.221745
3.309506
3.096261
2.880988
2.993852
3.364212
3.184686
3.052936
3.222228
3.190879
3.164579
3.193685
3.114722
3.121359
3.097479
3.114870
3.200217
3.043325
3.172013
3.238374
3.156927
2.792793
3.153190
3.200896
3.226408
3.007513
3.028566
3.344339
3.195105
3.048195
3.031473
3.231527
3.239679
3.187679
3.189814
3.176224
3.131188
2.916722
3.374494
3.094958
3.408380
3.243190
3.184718
3.079567
3.246581
3.354435
3.385828
3.058618
3.006135
2.961064
3.153178
2.959534
3.128887
3.274470
3.013938
3.039417
3.173397
3.115882
3.018441
3.147406
3.112271
3.163855
3.124556
3.319340
3.249397
3.231919
3.190553
3.000197
2.922398
3.271631
3.255548
3.060514
3.096120
2.976226
3.242113
3.163634
3.177427
3.222430
3.169608
3.165411
2.943592
3.061582
3.043811
3.134115
3.287642
3.250458
2.713845
3.138309
2.916015
2.950788
3.338185
3.114412
3.049177
2.970896
3.176079
3.167495
3.106468
3.193961
3.312939
3.157839
3.026311
3.367282
3.024223
3.201927
3.032747
3.266401
2.914401
2.892136
3.210609
2.973684
3.426388
3.047703
3.458010
3.127163
3.345936
3.128567
3.332455
3.212605
3.108519
3.208928
3.195570
3.016384
3.186113
3.204146
3.164636
3.309006
3.076681
3.207091
3.067697
3.002062
3.256322
3.060542
3.159979
3.288068
3.253899
3.197198
3.292002
2.961250
3.066910
3.123371
3.112346
2.950075
2.977657
2.959859
3.073127
3.159793
3.354258
3.119381
3.164359
3.011631
3.104226
3.068146
2.989891
3.305619
3.179884
2.986845
3.252142
2.964241
3.024300
3.149990
3.315105
2.904461
3.110428
3.076301
3.347298
3.077183
3.213978
3.275174
3.168584
3.162906
3.119423
3.235762
3.141531
3.161130
3.012058
3.305639
3.186316
3.296797
3.221045
3.248790
3.198839
3.117270
3.152501
3.054418
3.070613
3.107451
3.115639
3.186612
2.938935
3.203273
3.147178
3.196276
3.218828
3.084170
3.127113
3.177649
3.094563
3.184241
3.131074
3.219103
3.178183
3.068278
3.042072
3.041686
3.041952
3.234431
3.144641
3.002501
3.194597
3.028488
3.271240
2.878856
3.136503
3.054870
3.282360
3.277483
3.265960
3.192179
3.105616
3.088575
3.206635
3.146680
3.096284
3.001167
3.149096
3.347748
3.014531
2.990451
3.257194
3.038475
3.247801
3.130518
3.100439
3.013083
3.234197
3.341728
3.215701
3.135150
3.157530
3.221215
3.099422
3.223060
3.236906
3.062228
3.410738
2.851708
3.043285
3.200443
3.127785
3.088825
3.126071
3.218286
3.097898
3.223642
3.381219
3.304603
3.365629
3.130446
3.134039
2.959039
3.244164
3.321433
2.939202
2.715848
3.065622
3.190435
3.116831
2.992640
3.324343
3.045580
3.200201
3.217536
3.114074
3.155639
3.098438
3.072905
3.037281
3.085853
3.157519
3.275465
3.248913
3.167671
3.275548
3.179694
3.231011
2.829344
3.251486
3.243302
3.060231
3.040490
3.049548
2.994562
3.140544
3.126065
3.081545
3.122912
3.188903
2.937917
3.059978
3.148480
3.304274
3.118763
3.021062
3.087071
3.253402
3.256912
3.174122
3.227479
3.301243
2.916735
3.044944
3.068172
3.022483
3.229469
3.202834
2.918999
3.173052
3.274495
2.925918
3.254589
3.414248
3.327245
3.169398
3.155572
3.028627
2.998470
3.144464
3.192672
2.867772
2.879922
3.176171
3.099470
3.189789
3.414450
2.936445
3.375538
3.298480
3.013610
3.170351
2.851911
3.374817
3.129860
3.058173
3.059462
3.274329
3.056134
2.944208
3.315176
2.981398
3.334855
3.290906
3.116957
3.144739
3.003338
3.243672
3.316606
3.113552
3.438760
3.232485
3.148204
3.146697
3.095374
3.183257
2.974779
3.128427
2.948448
2.984000
3.139554
3.029301
3.118743
3.294581
3.160487
3.154690
3.297548
3.207058
3.130627
2.995605
2.968045
3.334746
2.995221
3.081020
3.277233
3.230850
3.322329
3.237754
3.062392
3.051982
3.073726
3.115547
2.913076
3.267636
3.098386
3.090433
3.298577
3.123791
3.217603
3.195796
3.137016
3.267815
3.179697
3.116337
3.183782
3.118418
3.098999
3.145627
3.059807
2.955882
3.100000
3.193494
3.090740
3.145063
3.117786
3.004932
3.120548
3.097542
3.027752
3.003015
2.922609
3.001970
3.084658
3.006257
3.201173
3.093416
3.024202
3.319324
3.319599
3.161534
3.251796
2.923834
3.275369
3.124590
3.121160
3.145174
2.937500
3.228169
3.297640
3.155871
3.075347
3.185854
3.194053
3.205529
3.229413
3.295877
3.072050
3.115815
3.161890
3.075295
3.129064
2.903807
3.126471
3.031841
3.319554
3.051916
3.167522
3.155003
3.198055
3.092833
3.024919
3.142077
3.190973
3.081355
3.278194
3.260205
3.086908
3.169829
3.319627
3.166230
3.073157
3.264104
3.266027
3.162228
3.015992
3.185199
2.803423
3.200964
3.058180
3.022273
3.045730
3.340340
3.177629
3.146425
3.052522
3.191509
3.109970
3.129361
3.261732
3.190758
3.015717
3.218794
3.003704
3.468387
3.032579
3.095098
2.988240
3.163008
3.142469
2.966427
3.060533
3.281971
3.166471
3.035499
3.145874
3.087619
3.344927
3.193541
3.147930
3.050280
3.317147
3.009027
2.938131
3.393749
2.911895
3.167773
3.112091
3.367368
3.249719
3.063911
2.978976
3.088025
3.268175
3.245921
3.155190
2.982032
3.160801
3.102500
3.086472
3.013334
2.910715
3.439744
3.215944
3.099028
3.007092
3.185300
3.124331
3.089673
3.108430
2.886896
3.370342
3.002764
3.161222
3.184559
2.986675
3.172344
3.227253
3.381994
3.279400
3.282378
3.197276
2.975130
3.154619
2.889909
3.330243
2.966435
3.074666
3.031731
2.826094
3.201500
3.213467
3.161343
3.107269
3.290082
3.109222
2.861101
3.289426
3.125618
3.131997
3.177436
2.937024
3.043063
3.059550
3.055987
3.016926
3.137314
3.301012
3.208951
3.108474
3.278736
3.032965
3.187065
3.146036
3.123171
3.373745
3.385620
3.179098
3.248231
3.129040
3.044950
2.980867
2.903356
3.138765
3.254068
3.215833
3.228380
3.314576
2.987621
3.189555
2.926773
3.037876
3.105454
2.817838
2.843524
3.318303
2.924394
2.903030
3.087896
3.090846
2.986434
3.144711
3.012373
3.038946
3.145050
3.126629
3.020023
3.067256
3.171235
3.176728
3.092221
3.069375
3.094492
3.026447
3.064326
2.983690
3.106549
3.209921
3.437129
3.090654
3.525165
3.314994
3.534804
3.283420
2.986667
3.174855
3.317055
3.035289
3.382966
3.173771
2.943597
3.304075
3.031613
3.330203
3.236454
3.173519
3.173050
3.042375
3.048071
2.905791
3.228460
3.091967
3.239816
3.171193
3.167467
3.056600
2.993931
3.115825
3.142440
3.093594
3.064998
3.239583
3.288092
3.065372
3.142228
3.189657
3.197108
3.211425
3.249563
3.092522
3.159781
3.233617
3.087549
3.229937
3.044671
3.087696
3.434151
3.292304
3.011216
2.953007
3.163777
3.084350
3.028637
3.181493
3.201708
2.878968
3.154209
3.243840
3.155546
3.227772
2.903663
3.171424
3.003943
3.333677
3.288299
3.128650
3.098049
3.263773
3.329267
3.079861
3.272833
3.227145
3.297585
2.854531
2.953671
3.200052
2.909743
3.061944
3.271700
3.330100
2.862726
3.183733
3.132552
3.237216
3.145908
3.231210
3.040743
2.923227
3.501660
3.146261
3.154686
3.213254
3.197092
3.166827
3.174575
3.139072
3.123349
3.220788
3.347854
3.085275
3.018655
3.183728
3.062286
3.209591
3.195008
3.055565
3.061620
3.021688
2.884990
3.261068
3.109254
3.161686
3.187369
3.258034
3.175058
3.407437
3.293523
3.282716
3.158139
3.239343
3.051567
3.340279
3.258336
3.100201
3.159228
3.182656
3.152304
3.040704
3.181838
3.143748
2.954825
3.246905
3.390078
3.235433
3.051244
3.160409
3.242044
3.067185
3.210162
3.105822
3.126733
2.996901
2.938137
3.181476
3.093832
3.133698
2.924258
3.177285
3.267610
3.041341
3.125858
3.185983
3.270971
3.137699
3.167325
3.075103
2.974654
3.056203
3.152684
2.995180
3.142562
2.900778
2.777039
3.291455
3.130254
3.034151
3.245587
3.202472
3.392306
2.992382
3.137099
3.020000
3.049772
2.813989
3.118460
3.122101
2.993503
3.236855
3.210106
2.908156
3.175745
3.462839
3.212674
3.044599
3.086883
3.170487
3.065513
2.997408
3.118644
3.051316
3.085312
2.991255
3.428034
3.247606
3.104865
3.086608
3.338725
3.046696
3.082227
3.042016
2.973376
3.295258
3.251948
3.033768
3.082184
3.045336
3.195813
3.166864
2.959663
3.023192
3.081152
2.699440
3.277498
2.856884
3.113173
3.272031
3.167888
2.815982
2.919288
3.244778
3.277779
3.173175
3.029303
3.118383
3.173791
3.271157
3.246838
3.071048
3.328336
3.255869
2.965789
3.142950
3.055650
3.141391
3.059128
3.271523
3.063755
3.213792
3.214943
3.271947
3.148720
3.081897
3.231452
3.017598
3.228214
2.997990
3.132798
3.212099
3.140354
3.030275
3.208648
3.184288
3.200266
3.085665
3.213554
3.157604
3.237588
3.050095
3.063268
3.126837
3.081841
3.319545
3.272789
3.157728
3.015034
3.180513
3.081537
3.191269
3.111138
3.090041
3.102691
3.145796
3.171168
3.065074
2.972876
3.127905
3.440363
3.096087
3.045287
3.409587
3.097837
3.075994
3.079287
2.871759
3.155313
3.085802
3.159506
3.317537
3.210912
3.178090
3.103927
3.011693
3.202412
3.286928
3.182104
3.085443
3.320378
3.114134
3.217943
2.789416
3.258988
3.254682
3.031627
3.088569
3.303523
3.248387
3.147711
3.319850
3.168907
3.196723
3.064221
3.021854
3.137770
3.168981
3.160401
2.998648
3.156290
3.023395
3.066368
2.890157
3.159152
3.297650
3.059319
3.007699
3.183815
3.513692
3.115907
3.032606
2.892234
3.177547
2.921130
3.088032
3.177064
3.096690
3.172314
3.234022
3.058502
3.172801
3.027761
3.092442
3.042018
3.175028
3.393898
2.989784
3.153937
2.949196
3.161054
3.297581
3.180338
3.350696
3.389323
3.077781
3.000580
3.275132
3.264440
3.240568
2.867889
2.958902
3.077318
3.236192
3.298551
3.159174
3.174370
3.215828
3.196449
3.084390
3.003819
3.113665
2.994949
3.234558
3.001244
3.023141
2.858533
2.970568
3.154307
3.163534
3.279993
3.131153
3.025430
3.418541
3.156255
3.066205
3.407389
3.123741
3.288792
3.144253
3.068795
3.137775
3.073399
2.954970
3.112220
3.159904
3.070482
3.348115
3.072116
3.156770
3.128120
3.221950
3.048006
3.149910
3.178580
2.979733
3.068898
3.156617
3.476735
3.128562
3.144236
3.067542
3.154824
3.062919
3.212028
3.206263
3.252611
3.168408
3.306972
3.127734
3.049178
3.095125
3.096267
3.191162
3.101847
3.104180
3.293801
3.042657
3.163334
3.099260
3.105265
3.255274
3.213253
3.151426
3.024330
2.980080
3.148720
3.063776
2.968587
3.267517
2.995691
3.066024
3.267612
2.962413
3.302366
3.061218
3.071205
3.093479
3.147480
3.279888
3.032240
3.024311
3.042776
3.056358
3.020557
3.007011
3.029050
3.119905
3.339655
3.112946
3.149839
3.091026
3.132848
3.243626
3.138950
3.214256
3.349732
3.015293
3.165578
3.107003
3.163209
3.163240
3.165776
3.044541
3.166381
3.160947
3.080462
2.921184
3.218911
3.275383
3.143173
2.974212
3.299591
3.244557
3.240955
3.233051
3.226541
3.121568
2.990964
3.114459
3.139422
3.181199
3.164319
2.897678
2.965264
3.155228
3.206713
2.879516
3.158203
3.215513
3.081502
3.229204
3.271781
3.030089
2.977132
3.143946
2.993529
3.335376
3.137918
3.035542
3.212679
2.996849
3.268103
3.039680
3.298346
2.976185
3.208392
3.214867
3.177842
3.123925
3.152745
3.102194
3.007568
3.415685
3.177115
3.229012
3.118637
3.337554
3.482385
3.127098
3.232313
2.899263
3.142670
3.015962
3.325045
3.275343
3.036026
3.133343
3.054367
3.231647
3.067405
3.121317
3.114077
3.213809
3.028831
3.140653
3.112917
3.156550
3.146922
2.951621
3.060178
3.264844
3.187329
3.006086
3.140230
3.120017
3.231396
3.007962
3.188602
3.218535
3.118388
2.727251
2.997511
3.264366
3.442709
3.040761
3.079799
3.341134
3.022625
2.975960
3.125113
3.381500
3.089673
3.146176
3.088184
3.202281
3.075835
3.081627
3.279884
2.896368
3.347706
3.136860
3.111154
2.910771
3.157493
3.218202
3.118900
3.204669
3.196623
3.424071
2.995276
2.971475
2.937483
3.152834
3.115654
3.100280
3.123605
3.303785
3.148812
3.043963
3.110862
3.166984
3.098444
3.227160
3.261468
3.149037
3.070143
3.250690
3.138808
3.098400
3.107308
3.299128
3.116476
3.133650
3.208205
3.157244
2.833991
3.280836
3.056355
3.183287
3.149338
3.067135
3.170143
3.268114
3.247854
3.072978
3.207441
3.181185
2.973393
3.223703
3.052667
3.256930
3.319995
3.142430
3.141749
2.890284
3.235233
3.203155
3.091492
2.850815
3.008364
3.155972
2.930116
3.244689
3.165120
3.018779
3.027564
3.315402
3.161729
3.308424
3.347469
3.206725
3.319352
3.235836
3.187050
3.127360
3.352801
2.727866
3.270555
3.159657
2.941274
3.085063
3.054693
3.162655
3.224921
3.042209
3.094740
3.273014
3.354007
3.115698
2.900160
3.276771
3.195478
2.901953
3.178164
3.294065
3.037916
3.358278
3.022630
3.101930
3.267231
3.195030
3.180327
3.072112
2.947036
3.179158
2.963476
2.953969
3.097628
3.171720
3.146520
3.137122
3.336774
3.090833
3.238322
3.018503
3.121032
3.215159
3.182998
2.908300
2.999722
3.015079
3.077417
3.284044
3.312120
2.990639
3.263582
2.930706
3.027748
3.074267
3.306302
3.145069
3.138806
3.031985
3.035178
2.988359
3.163333
3.129614
3.157272
3.296639
3.276701
3.310153
3.056767
3.155888
3.110692
3.129834
3.004367
3.086895
3.306159
3.253470
3.115653
3.136400
2.956287
3.153102
3.167567
3.187660
3.078698
3.084616
3.015005
3.106523
3.278960
2.903594
3.205455
3.320282
3.055390
3.095452
3.022101
3.094375
2.875763
2.917752
3.187763
3.197694
3.187259
3.427297
2.978523
2.980443
3.135661
3.178135
3.152692
3.261859
3.091321
2.888617
3.114847
2.946553
3.269864
2.975304
3.045237
3.197814
3.218301
3.110086
3.023092
3.051746
2.897048
3.200918
3.262507
3.065708
2.992378
2.970004
3.059827
3.193987
3.341832
3.112162
3.131702
3.206392
3.131235
3.210684
3.116147
3.164390
3.089812
3.073932
3.115399
3.220883
3.223780
2.949977
3.443963
2.916513
3.116465
3.259842
3.100214
3.076659
3.215937
3.223528
3.017021
3.266703
3.107487
3.181098
3.166163
3.105233
3.097130
3.022443
3.373571
3.269307
3.055018
3.116022
3.166152
3.346715
3.250126
3.291471
3.160073
3.130432
3.028278
2.988756
3.179467
3.175958
2.994117
3.188452
3.325071
3.183673
3.054360
2.941209
2.971813
3.244215
3.104307
2.977394
3.095638
3.143039
3.059726
2.916005
3.032649
3.324052
3.163686
3.162424
3.026788
3.411840
3.223911
3.324691
3.197002
3.187398
3.175012
3.217505
2.949437
3.070568
3.059160
3.043899
3.177719
3.223178
3.133345
2.999448
3.194342
3.340483
2.983264
3.318531
3.139031
3.254108
3.263714
3.338732
3.131003
3.209365
3.021879
3.180613
3.225307
3.140940
3.166148
2.958416
2.804694
3.309136
2.968990
3.138303
3.215009
3.187445
3.214864
2.900214
3.361142
3.364520
3.136676
3.055658
3.040825
3.051104
3.266537
2.882299
3.100622
2.948740
3.058271
3.261881
3.158285
3.189542
3.056346
2.901164
2.925012
3.280088
3.392384
3.115046
3.231533
3.184453
2.948193
3.354180
3.178575
2.878017
3.419592
3.255115
3.258041
3.024099
3.285122
3.223841
3.118579
3.221315
3.092288
3.121366
3.192531
3.073526
3.208962
2.888115
3.132921
3.153186
3.079793
3.337138
3.311342
2.946779
3.038463
3.303858
3.083989
3.194672
2.922122
2.840041
3.131981
3.122710
3.192459
3.307499
3.189983
3.139974
3.243619
3.150953
3.204857
3.108156
3.205130
3.075507
2.976795
3.157306
3.005674
3.352310
3.390000
3.154704
2.803228
3.273379
3.153675
3.278792
3.001872
3.087265
3.093259
3.018549
3.276688
3.091130
3.141738
3.221104
3.227780
3.253827
3.110703
3.376276
3.016339
3.020942
3.267185
2.985756
2.902007
3.080856
2.932229
3.101563
3.340887
3.097555
3.160635
3.096682
3.120623
3.285433
3.252200
3.147799
3.097796
3.126325
3.193791
3.079373
3.473677
2.991049
3.229076
3.308191
3.154908
3.136280
3.302186
3.225165
3.060086
2.980258
3.170725
3.319450
3.161424
3.126965
3.236514
2.814005
3.152355
3.041723
3.413296
3.097250
3.296654
3.024578
3.130681
3.292831
3.056446
3.268026
3.128580
3.089531
2.786295
3.126061
3.154304
2.899322
3.136040
3.120382
3.168913
3.266995
3.108190
3.160137
3.244373
2.995859
3.097760
3.141783
3.073606
3.140225
3.018476
3.057674
3.157192
2.973476
3.250035
3.298054
3.145804
3.138469
3.111610
3.155279
2.781839
2.905635
3.248845
3.415651
3.079740
2.707868
3.150914
3.165893
3.254304
3.093408
3.110051
3.227237
3.255837
3.142685
3.244306
3.334927
2.948641
3.121986
3.347619
3.088800
3.168901
3.118506
3.169850
2.885054
2.953951
3.298340
3.100906
3.220532
3.170299
3.087301
3.303355
3.138123
3.136702
3.245329
3.092613
3.012848
3.088010
3.019295
3.264413
3.232561
2.982798
3.108183
3.156358
3.077912
2.958449
3.165397
3.154750
3.031819
2.963498
3.381885
3.231665
3.185182
3.121328
3.029726
3.168300
3.070653
3.157626
3.165983
2.980656
3.111601
3.138779
3.314856
3.141792
3.248333
3.326485
3.137767
3.108324
2.962641
3.462351
3.059801
3.054353
2.957122
3.226810
3.080413
3.044658
3.102867
3.144472
3.231459
3.140080
3.149768
3.251948
2.925744
3.107244
3.102606
3.206986
2.999623
3.204463
3.151309
3.031523
3.006540
3.177169
3.067090
2.895591
2.952125
3.089991
3.046692
3.066690
3.022110
3.074828
2.944881
3.180596
3.163162
3.354455
3.409553
3.106767
3.270852
3.180947
3.146093
3.144454
3.309863
3.096579
3.239690
3.084120
3.216630
2.962307
3.334296
2.967946
3.338638
3.128902
3.251329
3.195277
3.365747
3.002891
3.276899
3.057125
3.037263
3.215370
3.335863
3.083690
3.269977
3.174884
2.988299
3.142965
3.006057
3.004353
3.246970
3.058881
3.131948
3.371488
2.922708
3.254888
3.142664
3.094195
3.071477
3.037744
3.304613
2.998531
3.182786
3.154032
3.183977
3.280375
2.761071
3.192106
3.086299
3.236684
3.288183
3.087891
3.151071
3.002939
3.179900
3.504437
3.103346
3.114237
3.284782
3.057989
2.917013
2.995993
3.173185
3.105727
3.137366
3.272863
3.101985
3.117571
3.116129
3.045449
3.108007
3.269059
3.132932
2.938827
3.164864
3.202325
3.017790
3.293321
3.229337
3.049045
3.116362
2.991253
3.429781
3.029023
3.048857
3.223121
3.091855
3.128771
3.068484
3.111366
3.298042
3.125274
3.000661
3.078157
2.994185
3.277928
3.109713
3.275054
2.873192
3.155000
3.210247
3.158527
3.159783
3.165796
3.041192
3.091644
3.033793
3.235922
2.899428
3.129130
3.019730
3.138090
2.996481
3.151358
3.135575
3.154584
3.326604
3.017411
3.047846
3.022795
3.067354
3.218593
3.255657
3.258509
3.058282
3.057141
3.047640
3.098941
3.015587
3.294109
3.221067
2.985799
3.250249
3.165824
3.063868
3.285119
3.139997
3.126084
3.196982
3.191697
3.046982
3.252421
3.192832
3.103569
3.032000
3.222530
3.020540
3.103435
3.069235
3.156656
2.878004
3.266584
3.155160
3.082304
2.965658
2.978414
3.176674
3.048619
3.249376
3.125624
3.001774
3.282620
3.107501
3.138289
3.141693
3.209802
2.971652
3.226909
3.170485
3.322818
3.106535
3.161204
3.112012
2.962639
3.087477
2.962893
3.059678
3.236756
3.288303
3.137605
3.270949
3.321336
3.269277
3.164028
3.205764
3.255196
3.100204
3.105661
3.288644
3.057598
3.192165
2.992552
3.311778
3.145568
3.076698
3.096691
3.309190
3.211781
3.043578
3.113496
3.000108
3.243906
2.902895
3.150040
3.186995
3.015132
3.173134
3.095630
3.188828
2.999384
3.016021
3.111123
3.213449
3.110419
3.210939
3.192207
3.032575
3.070938
3.186699
3.138070
3.033293
2.822234
3.372933
3.101078
3.097466
3.131036
3.103435
3.083174
3.235184
2.991479
2.927789
3.139386
3.117482
2.963286
3.131518
3.018137
3.073595
2.979467
3.052323
3.165185
3.358489
3.237157
3.077173
2.930300
3.020873
3.130425
3.219499
3.084991
3.531072
3.168912
2.882160
3.096353
3.070172
3.169706
2.903618
2.979060
3.122544
3.227900
3.247647
3.090718
3.216347
3.105948
3.183801
3.296559
3.191539
3.177823
3.080066
2.989753
3.113410
3.059757
3.076496
3.168154
2.965995
3.139846
3.260341
3.234571
3.095861
3.157600
3.024857
3.240721
3.299595
3.177807
2.937016
3.021382
3.201117
3.072260
3.184169
3.094275
2.994171
3.034978
3.349431
3.059030
3.137311
3.094173
3.162866
3.266239
2.981468
2.964458
3.150217
2.955448
3.163990
3.227564
3.063722
3.084232
3.347902
3.242940
3.048490
2.972031
3.081425
3.116263
3.132762
3.264218
3.212738
3.170987
3.095751
3.322075
3.114513
3.321125
3.086840
2.924906
3.040467
2.989821
3.252440
3.022608
3.141597
3.356714
3.026908
3.221728
3.113640
3.037856
3.216014
3.140425
3.273258
2.933898
3.225626
3.073604
2.837502
3.148157
3.325324
2.972157
3.031644
3.247313
3.109928
3.260159
2.950768
3.053868
3.221146
3.154832
3.023496
3.375089
3.096789
3.254317
3.185483
3.068044
3.182114
3.248634
3.180292
3.101925
3.191715
3.110052
3.068325
3.121705
3.231285
3.189300
3.029281
3.141258
3.221923
2.868616
3.327153
3.244168
3.194225
2.970542
3.206481
3.078974
3.007611
3.222053
3.016267
3.209842
3.188840
3.040639
3.338528
3.158861
3.472757
3.334779
3.056963
3.205310
3.142806
3.087345
3.310464
3.135703
3.021653
3.200427
3.008967
3.209022
3.127632
3.177440
3.054175
3.098865
3.253843
2.936517
3.087538
2.963410
3.101811
2.954786
3.173155
3.120568
3.270084
3.106239
3.008280
3.063172
2.992047
3.112316
3.142849
3.091039
3.123540
3.291345
3.125728
3.149521
3.167253
3.232141
3.350891
3.195951
3.279420
3.293256
3.068891
3.317437
3.396816
3.135877
3.273411
3.092430
3.066068
3.147077
3.062401
3.050512
3.188795
3.179264
3.023512
3.348108
3.009509
3.179195
3.068451
3.215258
2.993709
3.231761
3.074193
3.276796
3.506484
3.189054
3.202711
3.088513
3.225699
3.132848
3.103046
3.313710
2.841427
3.264905
3.261900
3.076683
2.967205
3.095283
3.094906
3.303042
3.239162
3.172515
3.132250
3.263953
2.978605
2.989037
2.970121
3.152350
3.311442
3.142725
2.848409
3.178227
3.101731
3.185276
2.825402
3.389330
3.035059
3.109091
2.932485
3.149467
3.305953
3.107409
3.063714
3.022316
3.193164
3.086059
3.273644
3.085432
3.216308
2.954225
3.200121
3.210634
3.050263
3.573509
3.232237
3.116105
3.033630
3.198491
3.299377
3.029659
3.229877
3.328017
3.066815
3.028952
3.236200
2.945145
3.179877
3.030614
3.055013
3.379350
3.137148
3.010499
3.155506
3.276546
3.249845
3.130463
3.367757
2.974711
3.208403
3.031433
3.228751
2.953418
3.219844
2.935635
3.360903
2.954450
3.286102
3.190174
2.951998
3.070354
3.266122
3.012528
3.175948
3.122618
3.227811
3.060815
3.092761
3.388833
3.330808
3.000330
3.177659
3.422269
3.217929
2.956659
3.280875
3.318145
3.071702
3.203855
3.243625
3.263404
3.047184
3.211970
3.111899
3.153306
2.924950
3.213807
3.137765
3.140578
3.151896
3.223289
3.184023
3.086667
2.930626
3.185057
3.074499
3.231031
3.055339
3.040124
3.100469
3.015695
3.083037
3.231783
3.198205
3.258402
2.982171
3.028625
3.151464
3.010415
2.992404
3.206690
3.056647
3.287011
3.041880
3.205588
3.298012
3.237483
3.039406
3.170936
3.322381
3.099414
2.936865
3.015529
3.039254
3.051845
3.050166
3.296144
2.981917
2.950066
2.995779
3.013537
3.110337
3.255894
3.186145
3.213856
3.167914
3.089903
3.185996
3.186542
3.410880
2.902462
3.255520
3.217078
3.117470
3.027664
3.238370
3.042454
3.263704
3.077338
3.284054
3.201327
3.147528
3.063217
3.152649
2.829444
3.044338
3.148445
3.175944
3.228892
3.091838
3.145174
3.187529
3.182882
3.197676
3.008465
3.004901
3.227427
3.217294
3.062585
3.018135
3.181739
3.095931
3.182678
3.084018
3.330287
2.977805
3.221999
3.047685
3.001129
3.078284
2.906947
3.041796
3.150364
3.217084
3.077094
3.119444
3.102863
3.127977
3.172226
3.174588
2.981508
3.237412
3.071142
3.138647
3.195192
3.127381
3.088324
3.232741
3.257223
3.059786
3.016324
3.073631
3.148008
3.233219
3.102538
3.180043
3.056902
3.300944
3.104263
2.985024
3.025764
3.016305
3.014278
3.009606
3.307307
3.143210
3.101160
2.867823
3.172529
3.089896
3.063215
3.068573
3.025796
3.267911
3.076991
3.145018
3.265409
3.492966
3.120321
2.994508
3.226428
3.060345
3.246948
2.958902
3.165243
3.087583
3.226640
3.023142
3.001370
3.228513
3.132971
3.124128
3.056038
2.950681
3.209614
3.084053
3.224280
2.897746
3.097370
2.917716
3.190719
3.012431
3.274369
3.005736
3.241722
2.992047
3.146648
3.084605
3.210064
3.548921
3.353924
3.027489
3.038951
3.046576
3.150627
3.146032
3.245657
3.147192
3.201284
3.289407
3.257733
3.207307
3.175086
3.199559
3.049950
2.919130
3.011623
3.000158
3.263712
3.095311
3.088153
3.059299
2.999380
3.073435
3.113863
3.140110
3.247205
3.206421
3.111899
3.071528
3.062050
3.135867
3.043811
3.098839
3.104198
3.243996
3.219669
3.271758
3.303310
2.925846
3.221525
3.143428
3.319618
2.952639
3.168911
3.017932
3.263570
3.474305
3.300889
3.115768
3.086488
3.166031
3.049922
3.184413
2.971392
3.302932
2.992792
3.029633
3.164480
3.081024
3.242818
3.396416
3.436608
3.293432
3.059422
3.168899
2.787787
3.360921
3.260258
3.432044
3.093212
2.986790
3.287348
3.094412
3.189154
3.199359
3.135724
3.173077
3.124202
3.128553
3.046238
3.019810
3.185745
3.132754
3.166386
3.252239
3.110015
3.443888
3.105121
3.153020
3.258477
3.048688
3.095256
3.141147
3.171961
3.063056
2.979748
3.109544
3.048097
2.926425
3.213604
3.144684
3.241143
3.229887
3.249808
2.871970
3.075583
2.904892
3.481532
3.128374
3.238669
3.158705
3.125838
3.060867
3.039314
3.162739
3.273236
3.015095
3.269978
3.034917
3.063104
3.011098
3.151783
3.283745
3.260064
3.223540
2.958196
3.010463
2.855507
2.976918
3.044499
3.413335
3.051501
3.101932
3.351427
3.082744
3.217525
3.066423
3.175777
3.303178
3.032678
3.043553
3.213585
3.169564
3.054695
3.088350
3.295454
3.312822
2.968208
3.223872
3.215255
3.223525
2.926344
3.175960
2.944538
3.163775
3.260277
2.982215
2.796640
3.011404
3.105656
3.352045
3.185520
3.145954
3.269301
2.932532
3.272591
2.913374
3.247776
2.966731
3.106245
3.324013
3.129414
3.165689
2.989425
3.233444
3.256090
2.985583
3.057616
3.181580
3.052912
2.892711
3.184382
3.266722
2.973324
3.073359
3.370186
3.228136
3.175017
3.231489
2.975375
3.149024
3.309680
2.960481
3.218269
3.021463
2.891200
3.250844
3.235701
2.884746
3.365075
2.891941
3.174253
3.083537
3.215683
3.222161
3.190533
3.181066
2.828055
3.117855
3.097288
3.263879
2.818401
3.168149
3.281785
3.200343
3.257146
3.033707
3.142732
3.222619
3.129743
3.425648
3.049347
3.211273
3.213021
2.922661
3.152326
3.198669
3.361812
2.962477
3.214976
3.290979
3.498598
3.252683
3.076588
3.245075
3.034216
3.169229
3.052939
3.009750
3.171226
2.803172
3.002965
3.145528
3.031084
2.816592
3.244479
3.107968
2.897418
3.159025
3.353943
2.992905
3.218177
3.313459
2.926582
3.176091
3.173541
3.039360
3.024760
3.085042
3.187012
3.048105
2.916491
3.088794
2.941365
3.080266
3.201186
3.156224
3.041242
3.058747
3.219309
3.217106
3.271707
3.121052
3.087870
2.916276
3.254694
3.014941
3.178156
3.114791
2.917308
3.264052
3.092665
3.052665
3.229914
3.040401
3.125257
3.309627
2.917028
2.991714
3.276338
3.152303
3.115866
3.158621
3.057283
3.214397
3.065087
3.085999
3.098498
3.376308
3.122688
3.191420
3.058721
3.034329
3.247219
3.139164
3.167574
3.342076
2.918315
2.941702
3.076121
3.038208
3.257293
3.284576
3.024676
3.358946
3.180839
3.080259
3.183172
3.280509
2.950450
3.209481
3.134406
3.188611
3.074965
2.990037
3.289155
3.301909
3.159896
3.168382
3.214555
3.000367
3.034346
3.333490
3.218884
3.211988
3.043536
3.048121
3.357295
3.015674
2.913072
3.216436
2.919279
3.268045
3.368612
3.220743
3.062773
3.245020
3.253915
3.311818
3.261548
3.086141
3.119620
2.921094
3.075242
3.209920
3.144686
3.234449
3.221451
2.964119
3.036232
3.183069
3.080836
3.239396
2.952354
3.497419
3.129133
3.059685
3.306915
3.261886
3.036975
3.138635
3.133573
2.969779
3.258794
3.150105
3.093784
3.052054
3.109731
3.154693
3.031290
3.252874
3.120719
3.155579
3.167415
3.033345
3.373991
2.984406
2.889472
3.285789
3.428164
3.281564
3.161663
2.984424
3.038933
3.063281
3.100370
3.091077
3.306928
3.089641
3.262437
2.983027
3.155400
3.138501
3.035060
3.141489
3.141691
3.214359
3.199587
3.189258
3.163026
3.087537
3.302368
3.191908
3.105673
3.105336
3.218728
3.004298
2.973804
3.043086
3.164739
3.071360
3.184764
3.274451
3.071639
3.313208
2.985284
3.288589
3.170810
2.865016
3.420031
3.305895
3.156172
3.124999
3.240626
3.181254
3.210209
3.040151
3.057722
3.025428
3.107496
3.364599
2.992896
3.357992
2.798431
3.201783
3.260551
2.737714
2.878922
3.247822
3.047833
3.020646
3.071724
3.090234
3.265176
3.284969
2.909055
3.141836
3.172400
3.231662
3.122223
3.325202
3.307829
3.109733
3.232224
3.222806
3.155613
3.068653
3.201499
3.075228
3.171596
3.161904
3.164136
2.887844
3.206414
3.267928
3.100560
2.942892
2.944368
2.811757
3.137973
3.194683
3.287221
2.992172
3.304325
3.233686
3.133411
3.222557
3.098147
3.169739
2.931858
3.061242
3.146257
2.913864
3.207540
3.352152
3.364201
3.122566
3.365763
3.128897
3.242208
3.164541
3.144701
3.132799
3.101727
3.340049
3.182476
3.142369
2.999941
3.242834
3.271286
3.280195
3.002612
3.229382
3.167006
3.085658
3.033037
3.182229
3.101356
3.095248
3.350549
2.960192
2.973819
3.196774
3.117724
3.093055
3.145621
3.386650
3.221089
3.158206
3.248041
3.163002
3.246210
3.011703
3.022653
3.103764
3.112389
3.218792
2.944184
3.202810
3.113395
3.016275
3.109593
2.992456
3.233609
3.103720
3.123845
3.032449
3.234096
3.115131
3.104035
3.124746
3.229695
2.855694
3.090823
2.975949
3.024289
2.965015
3.044927
3.302767
3.358336
3.086853
3.146401
3.102993
3.130441
3.020987
3.010220
2.994207
3.080050
3.036390
3.260276
3.010922
3.269728
3.373107
3.170973
3.026878
2.976620
3.136076
3.165032
3.287280
2.898738
3.141588
3.014218
3.061447
3.409798
3.306966
3.152485
3.039012
3.147394
3.314649
3.248074
3.052466
3.112189
3.206995
3.073684
3.076961
3.116733
3.091955
3.019478
2.982232
3.322841
3.102179
3.053109
3.207925
3.004659
3.159558
3.181973
2.977364
3.200291
3.273500
3.282495
3.195265
2.956070
3.263100
3.052290
2.975298
3.007913
3.041199
3.076781
3.146469
3.009354
3.206954
3.125265
2.911282
3.126657
3.141481
3.042097
3.082478
3.068876
3.201283
3.093085
3.051489
3.265939
3.349585
3.274747
2.832368
3.196748
3.118887
3.031102
3.144068
3.199787
3.139291
3.015710
3.125802
3.382463
2.908166
3.063847
3.179325
3.196531
3.222176
3.415862
2.815125
3.143194
3.113093
3.006541
3.044091
3.279960
3.107686
3.089259
3.096860
3.037500
3.153324
3.182715
2.970900
3.216025
3.276070
3.031065
3.241528
3.040395
3.086858
3.090958
3.285908
3.038148
3.309449
3.049903
3.111966
3.271813
3.090497
3.062663
3.009331
3.036152
3.118842
3.154205
3.090751
3.082008
3.196857
3.188394
3.151624
3.156766
3.056740
3.160616
3.302645
2.905453
3.040248
2.979516
3.298589
3.175107
3.192838
3.199348
3.055470
3.221111
3.130698
3.057943
3.344647
3.211154
3.239078
3.407808
3.226924
3.235805
3.120193
3.094063
3.144632
3.264053
3.010119
3.032329
3.226935
2.824952
3.138350
3.073112
3.099546
3.088807
3.122002
3.089917
2.979550
2.999974
3.259238
3.145632
3.129997
3.057935
3.138330
3.147562
3.144834
3.002542
3.070493
3.142340
3.055720
3.199939
3.318977
3.163538
3.171445
3.024324
3.084996
3.140920
2.937486
3.170259
3.344397
3.321921
3.264360
3.138694
3.216888
2.948033
3.258066
3.091392
3.276900
3.018361
3.110553
3.088841
3.214432
3.267934
3.101585
3.114593
3.154161
3.069326
3.193514
3.188037
3.094891
3.101384
2.990344
3.199726
3.221457
2.948829
3.085882
3.196008
2.995372
3.201389
3.101753
3.174333
3.157857
3.330213
3.171361
3.093041
2.967947
3.159509
3.167446
3.109253
3.093990
3.311093
3.169319
3.164497
3.225397
3.198337
3.211186
2.749201
3.312236
3.119469
3.081773
2.905638
2.968373
3.352632
3.220843
3.115025
3.008140
3.131004
2.992609
2.900312
3.044763
3.210143
3.307935
3.225215
3.122011
3.134715
3.246560
3.254583
3.243632
2.918167
3.196434
3.162494
3.091698
3.286507
3.160993
3.254454
3.220978
3.192214
3.176492
3.062194
3.394413
3.064727
3.197045
3.286437
2.874093
3.108912
3.082565
3.310005
3.036827
3.175798
3.311985
3.142149
3.091819
3.281684
3.250792
3.187129
3.389448
3.175706
2.964785
3.039776
3.178278
3.253280
3.155439
3.248807
3.350995
3.181406
2.981806
3.086697
3.160925
3.118486
3.105411
2.951451
3.177425
3.082025
3.358810
3.224191
2.900178
2.978522
3.337371
3.205416
3.230050
3.005171
3.303059
3.109886
3.076495
3.099920
3.379662
3.077704
3.042721
3.155770
2.984095
2.935436
3.045555
3.185560
2.978139
2.979603
3.121408
3.042397
3.137369
3.127114
3.021785
3.040942
3.090745
3.079625
3.341356
3.124991
3.184970
3.194205
3.202720
3.192827
3.007276
3.281153
3.018287
3.269122
3.145568
2.965187
3.078414
3.144369
3.169625
3.132042
3.035677
2.950084
2.873502
3.151578
3.121912
3.162184
3.191708
2.968187
3.080766
3.198953
2.847756
3.296248
3.298010
2.983621
3.171749
3.268916
3.111010
2.924818
3.070541
3.142252
3.063892
2.915164
3.160348
3.254843
3.065056
3.225303
3.096511
3.216365
3.151528
3.142058
3.286221
3.215971
3.067225
3.019564
3.310741
3.031466
3.224081
3.017761
3.125697
3.091549
3.356070
3.096363
3.013814
3.296059
3.254963
3.283765
3.121877
3.079939
2.971738
3.203061
3.174325
2.802570
3.177030
3.384681
3.213380
3.083328
3.118562
3.063831
3.003364
3.121533
3.097490
3.292194
2.977511
3.122285
3.028680
3.436335
3.190336
3.147422
3.136841
3.090795
2.915675
3.305208
3.075947
3.311505
3.241189
3.018967
3.198987
3.122990
3.034622
3.002718
3.097842
3.090112
3.232639
3.158198
2.971310
3.143983
3.292397
3.357181
3.086144
3.044492
2.990374
3.214969
3.296407
3.088079
3.224587
3.157786
3.205872
3.109646
3.244294
3.036241
3.009193
3.231952
3.262202
3.010410
3.164509
2.963587
3.226142
3.206840
3.423310
2.791145
3.024675
3.293754
3.017981
3.031656
3.117292
3.116515
3.170428
3.069905
3.159578
3.104222
3.101996
3.239178
3.066097
3.163699
2.975021
3.164696
2.973459
3.110742
3.151520
3.247262
3.072840
3.265393
3.134912
3.162402
3.222672
3.461449
2.972342
3.091226
2.878350
3.097673
2.878742
2.772524
3.251646
3.099287
2.966841
3.019655
3.130281
3.342305
3.123786
3.041966
3.239126
2.936123
3.136592
3.158226
3.254456
3.147328
3.142443
2.940560
3.263005
3.184711
3.371976
3.027551
3.074780
3.232148
3.112462
3.122591
3.276215
2.924369
3.044095
3.321366
2.955578
3.003044
2.978718
3.251914
3.190927
3.214432
2.995024
3.247754
3.138029
3.129308
3.285326
3.178905
2.833712
3.120965
3.127163
3.052153
3.423124
3.209249
3.118037
2.991219
3.035147
3.308227
3.388787
3.330987
3.143344
3.102057
3.203103
3.142751
3.327823
3.191966
3.148195
3.194860
3.174420
3.329744
2.942907
3.267272
3.280756
2.950598
3.330961
3.108235
3.250956
3.002317
3.155818
3.235046
3.202432
3.339839
3.083096
3.204957
3.153802
3.091100
3.135255
3.174963
3.135674
3.264141
2.890208
2.982154
3.260985
3.323431
3.047552
3.193375
3.154530
3.047204
3.104834
2.978243
3.305435
3.116958
3.253485
2.747818
3.054904
3.458954
3.368195
3.152426
3.023803
3.142569
3.129478
3.327178
2.930556
3.170093
3.065044
3.307079
3.122823
3.191563
3.164111
3.138997
3.328685
3.215435
3.068321
2.924094
2.987174
3.066202
3.272368
3.188838
3.022110
3.117302
3.311974
3.154955
3.111369
3.275826
2.949450
3.092583
3.154528
3.076088
3.114434
3.135746
3.243862
3.193336
2.913720
3.221267
3.253231
3.039174
3.108029
3.189790
3.055798
3.199888
3.308891
3.156625
3.144651
3.103883
3.204582
3.034055
3.179679
3.039721
2.955255
3.265140
3.245758
3.151062
2.920238
3.000120
3.279822
3.163453
3.146270
3.171310
3.386120
3.074966
3.218345
3.053276
3.123548
3.004253
2.874206
3.111991
3.065205
3.356724
3.161370
3.256826
3.254410
3.081226
3.045243
2.953716
3.144795
3.165746
3.338827
3.063757
3.192796
3.252324
3.048853
3.130605
2.939584
3.116417
3.235894
3.080953
3.238302
3.200220
3.225558
3.144859
3.302768
3.134745
3.082450
3.279959
3.065043
3.195966
3.091556
3.376919
2.991243
3.272050
3.192292
3.277490
3.204989
2.959264
2.918590
3.180166
3.177920
3.204803
3.266097
3.004169
3.350445
3.080086
3.132649
3.224589
3.048811
2.998687
3.192772
3.181074
3.153786
3.108221
3.260167
2.949110
2.884550
3.072715
3.110943
3.222722
3.067386
3.500780
3.168944
3.090539
3.073872
3.162374
2.939448
3.052158
3.292344
2.960603
3.125636
3.072833
2.986805
3.027273
3.123566
3.448121
2.862750
3.250646
2.891373
2.991033
3.167202
3.067681
3.084324
3.339567
3.211880
3.237521
3.037436
3.267213
3.302004
3.174479
3.068286
3.154123
3.103641
3.139100
3.153940
3.129128
3.093150
3.111231
3.102226
3.293513
2.862759
2.992876
2.943578
3.237490
3.054658
3.306674
3.162240
2.977869
3.057983
2.929112
3.066512
3.089249
3.145509
3.072835
2.893040
3.152974
3.141560
3.185713
2.954076
3.185686
3.098144
3.050019
3.117469
3.163788
3.339142
3.227042
3.263216
3.186613
3.051927
3.178015
3.024722
2.946847
3.201018
3.368098
3.171325
3.294424
3.075205
3.025017
3.280539
3.214211
2.952461
3.171944
3.216131
3.199168
3.078970
3.275203
3.159862
3.141353
3.020623
3.329140
3.345257
3.066887
3.100054
3.152464
3.302113
2.840272
3.137039
3.074172
3.062691
3.052070
3.150228
3.456541
2.930304
3.189312
3.308573
2.956992
3.242851
3.370634
3.123725
3.079847
3.237264
3.277656
2.917920
3.187419
3.132443
3.067427
3.181063
3.095724
3.280319
2.983517
3.120293
2.844125
3.050418
3.026418
3.243166
3.442881
3.114137
3.152278
3.146891
3.209811
3.110164
3.149285
3.180189
3.114150
3.210337
3.027847
3.357083
3.166067
3.193186
3.123783
3.173895
3.118209
3.059262
3.334032
3.141716
3.013537
3.092607
3.358920
3.153884
3.217825
2.884860
3.127491
3.092456
3.248439
3.027723
3.080890
3.142507
2.988565
3.224988
2.924056
3.084429
3.331156
3.141601
3.181923
3.101450
3.087028
3.115851
3.317866
3.005895
2.826419
3.193330
3.371207
3.174183
2.924287
3.296658
3.127713
3.292281
3.144775
3.036072
3.135561
2.907377
3.284003
3.298507
3.028711
3.163079
3.104944
3.113364
3.176017
2.999169
3.322452
3.323530
3.268579
3.281358
3.229196
3.129026
2.927473
3.106573
3.143697
3.286763
3.184322
3.175520
3.062359
3.327376
3.152422
3.106096
3.165707
3.017593
3.093665
3.206143
3.207270
3.255274
3.015553
3.128114
3.199921
2.943547
3.111060
2.901839
3.341948
3.158300
3.368723
3.248779
2.963696
3.207780
3.240835
3.031159
3.354435
3.203556
3.115564
3.235564
3.147953
2.891348
3.196851
3.003024
2.758288
3.146935
3.190497
3.308171
3.287765
3.078363
3.237572
3.119679
3.360654
3.321631
2.834582
3.383888
3.022399
3.116902
3.284297
3.138344
2.882482
3.167522
3.061786
2.842538
3.267419
3.134901
3.243612
3.105090
3.114870
3.008261
3.180152
3.146667
3.060717
3.066670
3.101307
3.325858
3.151547
3.290571
3.221088
3.217226
3.188572
3.087486
3.346768
3.163656
3.164970
3.214352
3.088801
3.024438
3.094973
3.372920
3.070922
2.910728
2.937394
3.343420
3.022577
3.141589
3.177372
3.156136
3.173886
3.083150
2.713947
3.254181
3.002932
3.087177
3.299395
3.104292
3.119234
3.213915
2.904867
3.197040
3.189711
3.201550
3.373829
3.257474
2.929545
3.112228
3.240832
3.289255
3.291654
3.157983
2.994807
3.259731
2.876300
3.141536
3.241142
3.366128
2.996727
3.081760
3.093552
3.172859
3.166016
3.132365
3.358137
3.001549
3.111828
2.884583
3.187373
3.327696
2.791522
3.269392
3.047149
3.004618
3.170034
3.218422
3.183095
3.131082
3.032914
3.115362
3.110332
3.178514
3.202252
3.242749
3.083216
3.172459
3.109804
3.142326
3.320790
2.970281
3.232451
2.958007
3.158504
2.975818
3.294111
3.034042
3.125239
3.307267
3.047242
3.247871
2.972248
3.103868
3.146335
2.921486
2.806854
3.237896
3.161128
2.956329
3.197367
3.088816
2.993123
3.368447
3.003188
3.135313
3.230860
3.005229
3.005157
3.170901
3.173316
3.235113
3.307453
2.945010
3.203450
3.142817
2.987589
3.093157
3.121340
3.074545
3.437706
3.000132
3.023359
3.067189
3.059355
3.043687
3.239087
3.102892
3.070701
3.167585
2.972578
3.269603
3.111003
3.209377
3.116517
3.243217
3.109950
3.231139
3.240619
2.871995
3.232243
3.120546
3.024399
3.182312
3.226040
3.230600
3.376033
2.962529
3.002546
3.117842
3.117204
3.196807
3.203592
3.004297
3.094618
3.117341
3.144308
3.162746
2.958563
3.058084
3.240467
2.966807
2.899345
3.044874
3.092362
3.193866
3.128211
3.155638
3.078925
2.986325
3.312089
2.939531
3.166920
3.100169
3.334161
2.814623
3.063066
3.063454
3.235314
3.268435
2.964527
3.194582
3.044654
3.334130
3.110270
3.159799
3.303176
2.959771
3.018098
3.270857
3.054467
3.140895
3.281923
3.056947
3.186742
3.276869
3.154999
2.771424
3.044768
3.269801
3.020570
3.136295
3.203094
2.960769
3.327575
3.146352
3.185931
3.200738
3.525878
3.260618
3.097475
3.166750
3.180287
3.205608
3.113083
3.215696
3.144189
2.971471
3.080399
3.182125
3.238654
3.078407
3.184408
3.057242
2.952447
3.114170
2.992490
3.306000
3.286031
3.094140
3.033371
3.183051
3.264211
3.145198
2.903878
3.255040
3.218069
3.114672
3.301357
3.180173
2.910317
3.022599
2.823352
3.026972
3.022239
3.334761
3.350350
3.192278
3.013752
3.135247
3.319636
3.165942
3.312505
3.194721
3.013136
3.110194
3.153107
3.220266
2.903211
3.212954
2.957273
3.092558
3.162895
3.145231
3.103462
3.253624
3.110742
3.251948
3.095201
3.092985
3.227240
3.216549
3.012864
3.260495
3.293944
3.058363
2.862738
3.030958
3.019009
3.125484
3.303244
3.376903
3.209910
3.169504
2.994944
3.380680
3.218612
2.991636
3.056235
3.142052
3.079108
3.016572
3.305658
2.935015
3.347372
3.131053
3.073060
3.182633
3.331410
2.945219
3.016842
3.025463
3.164054
3.192173
3.209853
2.872564
3.258196
3.073405
3.074437
3.062611
3.095917
3.021186
3.243753
3.263791
2.853633
3.077391
3.089950
3.245411
3.067940
3.216728
3.080777
3.321773
3.150779
3.358545
3.033944
3.026703
2.987311
3.279668
3.169432
3.298839
3.180815
3.281327
3.023688
3.247096
3.129884
3.032156
2.973698
3.057042
3.117640
3.221854
3.190918
3.022258
3.246225
3.229627
3.220068
3.274779
2.989096
3.208135
3.112336
3.162692
3.191253
3.094351
2.998346
3.088374
3.221365
3.310107
3.158393
3.042429
3.236652
3.142849
3.124494
3.071729
3.032414
3.094302
3.136872
3.124624
3.221230
3.023169
3.117501
3.283840
3.364158
3.419185
3.080473
2.910795
3.123949
3.191016
3.199505
3.231008
3.096095
3.122931
3.179007
3.069991
3.120557
3.084324
3.040963
3.240317
3.096156
3.021383
3.159722
3.239953
3.159812
3.501612
2.996674
3.076950
3.190222
2.837313
3.267971
3.258294
3.197830
3.197750
3.231622
3.158155
3.069204
3.064901
3.058088
3.115421
3.117477
3.127065
3.102517
2.990988
3.040067
3.117201
3.287817
3.213836
2.891332
3.108635
3.034229
3.177310
3.301252
2.981178
3.231280
3.215904
2.997278
2.701958
3.129176
3.037893
2.884322
3.153137
3.041295
3.194482
3.285351
3.233510
3.027592
3.259765
3.147439
3.123421
3.077089
3.051046
3.148115
2.980347
3.184461
3.136157
3.106896
3.332476
3.240751
3.178977
3.237817
3.109322
3.075529
3.228200
3.197577
3.059229
3.398214
3.344420
3.149130
3.045042
3.200202
3.169107
3.177578
3.120000
3.206654
3.054517
3.053112
3.198160
3.068590
3.001708
3.087890
2.880578
3.157993
2.980094
3.216561
2.907178
3.102188
3.231261
3.194631
3.147662
3.307036
3.200046
3.085888
3.013642
3.028275
3.106192
3.095674
3.102218
3.118781
3.155415
3.124297
3.224686
3.167194
3.291620
3.086372
3.298418
3.231010
3.089954
3.232252
2.974312
3.147404
3.292166
3.020859
3.181109
3.339223
3.220153
3.389827
3.348750
3.115513
3.030934
3.222653
2.801159
3.073035
3.207749
3.218623
2.815072
3.390505
3.212809
3.262945
3.080901
2.918881
3.063941
3.171570
3.152155
3.034304
3.108590
3.107138
3.309024
3.038705
3.346293
3.132716
3.185612
3.065033
3.189183
3.137886
3.143884
2.865480
3.257934
3.008817
2.974083
3.175554
3.001711
2.966256
3.271424
3.295177
3.013342
3.068259
3.028833
3.037948
3.166238
3.066551
3.019758
3.245624
3.263632
3.204772
3.293970
3.309010
3.113352
3.235946
3.096130
3.252760
3.034822
3.153287
2.908801
3.128279
3.115979
3.050368
3.042080
3.098943
3.326270
3.052746
3.100126
2.980303
3.066337
3.254722
3.236167
3.235311
3.136431
3.173279
3.267209
3.122084
3.242245
3.127620
3.195345
3.098310
3.151734
3.160009
3.044334
3.363372
3.134927
3.037878
3.307849
2.991638
3.296782
3.099846
3.168875
2.971396
3.279908
2.985479
3.006956
3.012318
2.963612
3.221335
2.978104
3.248316
3.211024
3.115909
3.156301
3.131169
3.164108
2.885736
2.834034
3.012912
3.053469
3.076219
3.349909
3.295269
3.183739
2.959111
3.318295
3.123032
3.076779
3.045043
2.992072
3.216690
3.272010
3.148002
3.277346
3.187859
3.329999
3.374634
3.090193
2.905279
2.917867
3.122358
3.069178
3.311305
3.313304
3.153025
3.081457
3.124798
3.229848
3.031263
3.167872
3.324022
3.114801
3.007143
3.458277
3.083310
3.189298
3.499766
2.966477
3.150911
3.222797
3.253545
2.993724
3.156865
2.972239
3.028140
3.336108
3.163146
3.125403
3.364207
3.095596
3.081056
3.205384
3.124416
3.153602
3.027000
2.980609
3.176650
3.250787
3.024892
2.871616
3.027229
3.081397
3.002129
3.226201
3.083757
3.178132
3.075975
2.922410
3.107781
2.885494
3.158794
2.946452
3.167132
3.134151
3.143865
3.218319
3.262475
3.079632
3.182483
3.276197
3.076466
3.117664
3.159542
3.365911
3.118497
3.198281
2.911766
2.893464
3.072895
3.088731
3.182028
3.117787
3.079116
3.000526
3.162515
3.035562
3.490035
3.179560
3.131871
3.160457
3.271795
3.155872
3.163464
3.027955
3.302445
2.966702
3.128306
3.149891
3.006618
2.953262
3.072817
3.140675
3.036859
3.120631
3.007343
3.078864
3.013164
2.882780
3.174557
3.209135
3.042797
3.134644
3.338988
2.885473
3.044851
3.140887
3.153033
3.250784
3.237626
3.265067
3.185393
3.334843
3.230772
2.969415
3.185815
3.057175
3.228116
3.126634
3.077669
3.064030
3.239906
3.075408
3.195310
3.191332
3.016280
3.167489
2.929397
3.285352
3.245391
3.138540
3.324210
3.199612
3.011437
3.067617
3.133180
3.126539
3.079737
3.166687
3.021469
2.987612
3.190000
3.141087
3.104637
3.195389
3.126310
3.317965
2.944212
3.004936
3.329907
2.997303
2.860730
3.202109
3.043857
3.025601
3.076202
3.021105
2.762226
3.186144
3.164719
3.050902
3.332501
2.975800
3.050834
3.224580
3.150077
3.049222
3.133531
2.993209
3.079413
3.028818
3.252157
3.076741
3.217476
3.300261
2.953824
3.220455
3.102232
3.409555
3.396354
2.980906
3.031929
3.473188
3.008860
3.156629
2.893298
3.304356
2.956456
2.967644
3.245128
2.984391
3.161616
3.156850
2.997022
2.790636
3.382268
3.397182
3.425588
3.163737
3.122768
3.076691
3.134954
2.885400
3.027620
3.075612
3.368412
3.067351
3.176108
3.011789
2.850819
3.068672
3.115317
3.326284
3.227679
3.023041
3.012337
3.117003
2.957493
3.147949
3.426883
2.995065
3.265418
2.976736
3.148482
3.203013
3.023851
3.185127
3.053537
3.090705
3.266005
3.325401
3.222018
3.227277
2.861185
2.967051
3.241075
3.208971
3.241985
3.086908
3.006241
2.847434
3.321514
3.216035
3.025498
3.157946
3.158571
3.217797
3.150489
3.174248
3.447570
3.170055
3.029736
2.863153
3.222130
3.114476
3.173491
3.275053
3.293456
3.221189
3.156562
3.261897
2.999502
3.270330
3.270929
3.152902
3.185889
3.162813
3.397539
3.005851
3.186058
3.250390
2.996584
3.309181
3.175569
3.084276
3.083579
3.021749
3.160925
3.456700
3.074384
3.016033
2.991432
3.015225
3.171703
3.067418
3.110894
3.197865
3.054135
3.196931
3.234281
3.265626
2.906634
2.860049
3.046521
3.247709
3.279970
3.109895
3.114260
3.067303
3.345821
3.009017
3.272842
3.325871
3.100531
3.271434
3.134427
3.197281
3.175071
3.135084
3.109872
3.249257
3.042112
3.147970
3.122837
3.243904
3.111802
3.283559
3.047297
3.219296
3.315691
2.850693
3.173929
3.164910
3.423379
3.193881
3.012554
3.056859
3.290702
3.188647
2.977673
3.199258
3.257189
3.176162
3.269495
3.073296
2.914397
3.500235
3.199846
2.873028
2.979147
3.121229
3.046106
2.919207
3.008382
3.121390
2.928890
3.271945
3.134481
3.008971
3.144217
3.100514
3.131624
3.118530
3.256109
3.191728
3.109509
3.022668
3.077175
3.253953
3.087937
3.113359
3.049893
3.268539
3.365397
3.126670
3.290191
3.098597
3.181057
3.153756
2.964704
3.292628
3.302893
3.009781
3.371303
3.151626
2.989383
3.291461
3.114260
3.128294
3.205357
3.484151
3.082045
3.163917
3.238297
3.146889
3.158880
3.168014
3.150029
3.057440
2.982515
3.103322
3.042688
3.255673
3.041536
3.279413
3.156900
3.228657
2.991099
3.210308
3.122706
3.215142
2.957191
3.084095
3.176915
3.138029
3.019999
3.065517
3.248126
3.135912
3.275807
3.117921
3.351561
3.219577
2.993313
3.099634
3.357026
3.035847
3.121638
3.245629
3.140495
3.008592
3.413036
3.270798
3.183660
3.240554
2.941017
3.006146
3.081516
3.125160
3.194467
2.995092
3.223940
3.028207
3.231944
3.320709
3.108015
3.026762
3.120829
3.077184
3.245314
3.109086
3.210979
2.982254
2.942722
3.142006
3.087096
3.023736
3.037936
3.127369
3.093760
3.061825
3.354125
3.084975
2.988964
3.026365
3.001319
3.089479
3.377754
3.054114
3.024089
3.246549
3.091348
3.090887
3.010537
3.258230
3.240925
3.119221
3.356035
3.041715
3.156100
3.034760
3.192552
2.973190
2.887078
3.200533
2.891496
3.102243
3.063535
3.201133
3.236262
2.927789
3.014737
3.219214
3.003622
3.142942
3.122957
3.135218
3.266556
3.234557
3.397372
3.194757
3.015033
3.128952
3.131191
2.951871
3.377504
3.094137
3.245840
3.254031
3.097572
3.154452
3.045506
3.122891
3.162497
3.207583
3.259435
2.989370
3.236298
3.231301
2.948526
3.030908
3.252470
3.263687
2.982317
2.960453
3.193593
2.924798
3.048600
3.154805
3.111780
3.087977
3.123411
3.375225
3.267522
2.885684
3.224170
3.134620
3.233525
3.131888
3.060578
3.000654
2.931407
3.260566
3.104115
3.244097
2.966606
3.281934
3.186711
3.049327
3.269120
2.936946
3.226999
3.136885
3.013257
3.056704
2.969347
3.102081
2.898310
3.061919
3.274015
3.384761
2.935377
3.202252
3.066339
3.096176
2.983209
3.025680
3.119609
3.110598
3.089680
3.184772
2.883559
3.089723
3.169278
3.180664
3.204325
3.151773
3.004081
3.100315
3.049119
3.051475
3.093842
3.115035
3.244451
3.146716
3.180157
3.136115
3.084883
3.023612
3.325191
3.066747
3.231997
3.100774
3.135701
3.058474
3.074409
2.952828
3.155297
3.015344
3.110591
3.001129
2.959793
2.899088
3.442251
3.176156
3.010799
2.959732
3.028557
3.020278
3.231525
3.111762
3.189412
3.247981
3.154973
2.846358
3.149345
3.069199
3.114963
3.015591
3.268319
3.051051
3.239736
3.242981
3.229502
3.003814
2.960815
2.943619
3.053390
3.185691
3.475391
3.141703
3.005689
3.222442
3.251838
3.147156
2.757991
3.186995
3.475867
3.246462
3.244097
3.224990
3.256363
3.162523
3.143851
2.994215
3.191922
3.079831
3.166728
3.261872
2.994285
3.154392
3.079879
3.160023
3.022099
3.215977
3.177490
3.328565
3.114717
3.111677
3.295593
3.069259
3.394814
3.107524
3.124261
3.010885
3.379388
3.183093
2.999626
2.930756
3.217849
3.040039
3.300453
3.004837
3.132225
3.012225
3.259522
3.229421
3.106022
3.091871
3.131666
3.451812
3.194088
3.133654
3.283405
3.063171
3.190185
3.322678
2.892498
2.952637
3.095720
3.059090
3.076093
3.366299
3.167506
3.173092
3.481300
3.106044
3.213420
2.989949
3.182118
3.219685
3.120113
3.102145
3.255726
3.334099
3.356308
3.218268
3.190491
3.009535
2.935966
3.241654
2.992184
3.055257
3.275554
2.873183
3.332630
3.081815
3.063097
3.192034
2.976939
3.328320
3.107907
3.141743
3.267171
3.219106
3.112093
2.809371
2.991378
3.129167
3.329417
3.146447
3.136679
3.240138
3.146037
3.096397
3.150970
2.891132
3.259131
2.962657
3.007590
3.094009
3.209530
2.964320
3.056472
3.200108
3.162832
3.181510
3.185754
3.067840
3.064199
3.191545
3.125704
3.063763
3.031005
3.300683
3.102825
3.237219
3.153902
2.824906
3.231179
3.201728
3.289286
3.115840
3.082061
3.118337
3.229551
3.247471
3.190768
3.198835
2.967736
3.153584
3.145215
3.146883
3.038335
3.185851
2.993717
2.950702
3.171699
3.204285
3.346879
3.097931
3.229916
3.234450
3.132867
3.015964
3.100384
2.959180
3.131008
3.128647
3.280441
3.181671
2.884753
3.162526
