COMBINED RMD_Relax Analysis Statistics Summary
============================================================
Data from 3 datasets:
  - yxb_test_20241109_clean_2_20250921
  - yxb_test_20241109_clean_2_20250922
  - yxb_test_20241109_clean_2_20250923
============================================================
Note: Adsorption energy has been multiplied by -1
============================================================

AVERAGED DATA (for subplots a and b):
--------------------------------------------------
Temp(K)	Pressure	log10(P/1bar)	1000/T(K^-1)	Coverage(atom/nm²)	E_ads(eV)	Desorption_rate(atom/(nm²·ps))
----------------------------------------------------------------------------------------------------
500	0.1 bar	-1.00	2.0000	4.4671	2.8673	0.000001
500	0.25 bar	-0.60	2.0000	4.5560	2.7762	0.000001
500	0.5 bar	-0.30	2.0000	4.6280	2.8737	0.000001
500	0.75 bar	-0.12	2.0000	4.5103	2.8151	0.000001
500	1 bar	0.00	2.0000	4.4959	2.8446	0.000001
500	2.5 bar	0.40	2.0000	4.7649	2.8520	0.000001
500	5 bar	0.70	2.0000	4.8802	2.8736	0.000001
500	7.5 bar	0.88	2.0000	4.9138	2.9547	0.000001
500	10 bar	1.00	2.0000	4.8850	2.8647	0.000001
600	0.1 bar	-1.00	1.6667	3.9039	2.7921	0.000001
600	0.25 bar	-0.60	1.6667	4.1217	2.8349	0.000001
600	0.5 bar	-0.30	1.6667	4.1791	2.8111	0.000001
600	0.75 bar	-0.12	1.6667	4.0762	2.8236	0.000001
600	1 bar	0.00	1.6667	4.4735	2.8878	0.000001
600	2.5 bar	0.40	1.6667	4.5023	2.9371	0.000001
600	5 bar	0.70	1.6667	4.6435	2.8737	0.000001
600	7.5 bar	0.88	1.6667	4.6028	2.9157	0.000001
600	10 bar	1.00	1.6667	4.6100	2.9119	0.000001
700	0.1 bar	-1.00	1.4286	3.4445	2.8042	0.000001
700	0.25 bar	-0.60	1.4286	3.5738	2.8144	0.000001
700	0.5 bar	-0.30	1.4286	3.9496	2.8547	0.000001
700	0.75 bar	-0.12	1.4286	4.0621	2.8984	0.000001
700	1 bar	0.00	1.4286	4.1220	2.9206	0.000001
700	2.5 bar	0.40	1.4286	4.4140	3.0043	0.000001
700	5 bar	0.70	1.4286	4.4858	2.9292	0.000001
700	7.5 bar	0.88	1.4286	4.5385	3.0634	0.000001
700	10 bar	1.00	1.4286	4.5600	2.9874	0.000001
800	0.1 bar	-1.00	1.2500	2.6880	2.8826	0.000001
800	0.25 bar	-0.60	1.2500	3.3127	2.9814	0.000001
800	0.5 bar	-0.30	1.2500	3.3223	2.9176	0.000001
800	0.75 bar	-0.12	1.2500	3.6574	2.9896	0.000001
800	1 bar	0.00	1.2500	3.6981	2.9704	0.000001
800	2.5 bar	0.40	1.2500	3.9901	2.9360	0.000001
800	5 bar	0.70	1.2500	4.1457	3.0243	0.000001
800	7.5 bar	0.88	1.2500	4.2702	3.0540	0.000001
800	10 bar	1.00	1.2500	4.2678	3.0974	0.000001
900	0.1 bar	-1.00	1.1111	2.4410	2.9493	0.000001
900	0.25 bar	-0.60	1.1111	2.6925	2.9131	0.000001
900	0.5 bar	-0.30	1.1111	3.1189	2.9744	0.000001
900	0.75 bar	-0.12	1.1111	3.2100	3.0824	0.000001
900	1 bar	0.00	1.1111	3.2100	2.9838	0.000001
900	2.5 bar	0.40	1.1111	3.5837	3.0671	0.000001
900	5 bar	0.70	1.1111	4.0077	3.0862	0.000001
900	7.5 bar	0.88	1.1111	4.0628	3.1887	0.000001
900	10 bar	1.00	1.1111	4.1586	3.0648	0.000001
1000	0.1 bar	-1.00	1.0000	1.8602	2.9877	0.000001
1000	0.25 bar	-0.60	1.0000	2.3078	2.9876	0.000001
1000	0.5 bar	-0.30	1.0000	2.6693	3.0570	0.000001
1000	0.75 bar	-0.12	1.0000	2.6550	3.0623	0.000001
1000	1 bar	0.00	1.0000	2.8273	3.0397	0.000001
1000	2.5 bar	0.40	1.0000	3.4977	3.1452	0.000001
1000	5 bar	0.70	1.0000	3.6341	3.2376	0.000001
1000	7.5 bar	0.88	1.0000	4.0172	3.1933	0.000001
1000	10 bar	1.00	1.0000	3.9884	3.2982	0.000001


INDIVIDUAL DATA POINTS (for subplot c): 270 points
--------------------------------------------------
Temp(K)	Pressure	log10(P/1bar)	1000/T(K^-1)	Coverage(atom/nm²)	E_ads(eV)	Folder
----------------------------------------------------------------------------------------------------
500	0.1 bar	-1.00	2.0000	4.5031	2.8417	RMD_Relax_500k_0.1atm
500	0.1 bar	-1.00	2.0000	4.5031	2.8151	RMD_Relax_500k_0.1atm
500	0.1 bar	-1.00	2.0000	4.3590	2.7525	RMD_Relax_500k_0.1atm
500	0.1 bar	-1.00	2.0000	4.3950	2.9538	RMD_Relax_500k_0.1atm
500	0.1 bar	-1.00	2.0000	4.5752	2.9731	RMD_Relax_500k_0.1atm
500	0.25 bar	-0.60	2.0000	4.6352	2.8121	RMD_Relax_500k_0.25atm
500	0.25 bar	-0.60	2.0000	4.4431	2.7718	RMD_Relax_500k_0.25atm
500	0.25 bar	-0.60	2.0000	4.5391	2.6622	RMD_Relax_500k_0.25atm
500	0.25 bar	-0.60	2.0000	4.6232	2.8626	RMD_Relax_500k_0.25atm
500	0.25 bar	-0.60	2.0000	4.5391	2.7723	RMD_Relax_500k_0.25atm
500	0.5 bar	-0.30	2.0000	4.5271	2.8770	RMD_Relax_500k_0.5atm
500	0.5 bar	-0.30	2.0000	4.6112	2.9797	RMD_Relax_500k_0.5atm
500	0.5 bar	-0.30	2.0000	4.6472	2.7783	RMD_Relax_500k_0.5atm
500	0.5 bar	-0.30	2.0000	4.6712	2.8066	RMD_Relax_500k_0.5atm
500	0.5 bar	-0.30	2.0000	4.6832	2.9271	RMD_Relax_500k_0.5atm
500	0.75 bar	-0.12	2.0000	4.3950	2.7121	RMD_Relax_500k_0.75atm
500	0.75 bar	-0.12	2.0000	4.4911	2.7861	RMD_Relax_500k_0.75atm
500	0.75 bar	-0.12	2.0000	4.6953	2.8832	RMD_Relax_500k_0.75atm
500	0.75 bar	-0.12	2.0000	4.4071	2.7739	RMD_Relax_500k_0.75atm
500	0.75 bar	-0.12	2.0000	4.5632	2.9202	RMD_Relax_500k_0.75atm
500	1 bar	0.00	2.0000	4.5391	2.8823	RMD_Relax_500k_1atm
500	1 bar	0.00	2.0000	4.5872	2.8517	RMD_Relax_500k_1atm
500	1 bar	0.00	2.0000	4.5151	2.8094	RMD_Relax_500k_1atm
500	1 bar	0.00	2.0000	4.5512	2.9871	RMD_Relax_500k_1atm
500	1 bar	0.00	2.0000	4.2870	2.6924	RMD_Relax_500k_1atm
500	2.5 bar	0.40	2.0000	4.6232	2.8613	RMD_Relax_500k_2.5atm
500	2.5 bar	0.40	2.0000	4.8754	2.8494	RMD_Relax_500k_2.5atm
500	2.5 bar	0.40	2.0000	4.9234	2.9078	RMD_Relax_500k_2.5atm
500	2.5 bar	0.40	2.0000	4.6832	2.8404	RMD_Relax_500k_2.5atm
500	2.5 bar	0.40	2.0000	4.7193	2.8009	RMD_Relax_500k_2.5atm
500	5 bar	0.70	2.0000	4.8394	2.9399	RMD_Relax_500k_5atm
500	5 bar	0.70	2.0000	4.8033	2.9398	RMD_Relax_500k_5atm
500	5 bar	0.70	2.0000	4.6832	2.7784	RMD_Relax_500k_5atm
500	5 bar	0.70	2.0000	4.9594	2.8356	RMD_Relax_500k_5atm
500	5 bar	0.70	2.0000	5.1155	2.8741	RMD_Relax_500k_5atm
500	7.5 bar	0.88	2.0000	4.8994	3.0105	RMD_Relax_500k_7.5atm
500	7.5 bar	0.88	2.0000	4.9714	2.8964	RMD_Relax_500k_7.5atm
500	7.5 bar	0.88	2.0000	4.9354	3.0078	RMD_Relax_500k_7.5atm
500	7.5 bar	0.88	2.0000	4.9474	2.8852	RMD_Relax_500k_7.5atm
500	7.5 bar	0.88	2.0000	4.8153	2.9738	RMD_Relax_500k_7.5atm
500	10 bar	1.00	2.0000	4.9234	2.8724	RMD_Relax_500k_10atm
500	10 bar	1.00	2.0000	4.9114	2.9327	RMD_Relax_500k_10atm
500	10 bar	1.00	2.0000	4.8514	2.7806	RMD_Relax_500k_10atm
500	10 bar	1.00	2.0000	4.8994	2.8113	RMD_Relax_500k_10atm
500	10 bar	1.00	2.0000	4.8394	2.9267	RMD_Relax_500k_10atm
600	0.1 bar	-1.00	1.6667	3.9853	2.9010	RMD_Relax_600k_0.1atm
600	0.1 bar	-1.00	1.6667	4.0092	2.7936	RMD_Relax_600k_0.1atm
600	0.1 bar	-1.00	1.6667	3.8297	2.7424	RMD_Relax_600k_0.1atm
600	0.1 bar	-1.00	1.6667	3.7938	2.7716	RMD_Relax_600k_0.1atm
600	0.1 bar	-1.00	1.6667	3.9015	2.7519	RMD_Relax_600k_0.1atm
600	0.25 bar	-0.60	1.6667	4.1169	2.8145	RMD_Relax_600k_0.25atm
600	0.25 bar	-0.60	1.6667	4.0930	2.8520	RMD_Relax_600k_0.25atm
600	0.25 bar	-0.60	1.6667	4.1767	2.7906	RMD_Relax_600k_0.25atm
600	0.25 bar	-0.60	1.6667	4.3084	2.9058	RMD_Relax_600k_0.25atm
600	0.25 bar	-0.60	1.6667	3.9135	2.8115	RMD_Relax_600k_0.25atm
600	0.5 bar	-0.30	1.6667	4.0212	2.6984	RMD_Relax_600k_0.5atm
600	0.5 bar	-0.30	1.6667	4.3682	2.8790	RMD_Relax_600k_0.5atm
600	0.5 bar	-0.30	1.6667	4.4759	2.8818	RMD_Relax_600k_0.5atm
600	0.5 bar	-0.30	1.6667	4.0571	2.7761	RMD_Relax_600k_0.5atm
600	0.5 bar	-0.30	1.6667	3.9733	2.8203	RMD_Relax_600k_0.5atm
600	0.75 bar	-0.12	1.6667	4.2485	2.9248	RMD_Relax_600k_0.75atm
600	0.75 bar	-0.12	1.6667	3.8656	2.7756	RMD_Relax_600k_0.75atm
600	0.75 bar	-0.12	1.6667	4.0571	2.9603	RMD_Relax_600k_0.75atm
600	0.75 bar	-0.12	1.6667	4.0092	2.7452	RMD_Relax_600k_0.75atm
600	0.75 bar	-0.12	1.6667	4.2007	2.7122	RMD_Relax_600k_0.75atm
600	1 bar	0.00	1.6667	4.5118	2.7610	RMD_Relax_600k_1atm
600	1 bar	0.00	1.6667	4.5836	3.0837	RMD_Relax_600k_1atm
600	1 bar	0.00	1.6667	4.5597	2.9543	RMD_Relax_600k_1atm
600	1 bar	0.00	1.6667	4.2246	2.7909	RMD_Relax_600k_1atm
600	1 bar	0.00	1.6667	4.4879	2.8492	RMD_Relax_600k_1atm
600	2.5 bar	0.40	1.6667	4.3802	2.8479	RMD_Relax_600k_2.5atm
600	2.5 bar	0.40	1.6667	4.5717	2.9624	RMD_Relax_600k_2.5atm
600	2.5 bar	0.40	1.6667	4.6914	2.9731	RMD_Relax_600k_2.5atm
600	2.5 bar	0.40	1.6667	4.4640	3.0897	RMD_Relax_600k_2.5atm
600	2.5 bar	0.40	1.6667	4.4041	2.8123	RMD_Relax_600k_2.5atm
600	5 bar	0.70	1.6667	4.5717	2.8151	RMD_Relax_600k_5atm
600	5 bar	0.70	1.6667	4.5956	2.9053	RMD_Relax_600k_5atm
600	5 bar	0.70	1.6667	4.7991	2.9510	RMD_Relax_600k_5atm
600	5 bar	0.70	1.6667	4.5717	2.8547	RMD_Relax_600k_5atm
600	5 bar	0.70	1.6667	4.6794	2.8428	RMD_Relax_600k_5atm
600	7.5 bar	0.88	1.6667	4.6794	2.8987	RMD_Relax_600k_7.5atm
600	7.5 bar	0.88	1.6667	4.5717	2.8378	RMD_Relax_600k_7.5atm
600	7.5 bar	0.88	1.6667	4.4520	2.7895	RMD_Relax_600k_7.5atm
600	7.5 bar	0.88	1.6667	4.6076	3.1329	RMD_Relax_600k_7.5atm
600	7.5 bar	0.88	1.6667	4.7033	2.9193	RMD_Relax_600k_7.5atm
600	10 bar	1.00	1.6667	4.7273	2.8512	RMD_Relax_600k_10atm
600	10 bar	1.00	1.6667	4.6195	2.7995	RMD_Relax_600k_10atm
600	10 bar	1.00	1.6667	4.6794	2.9387	RMD_Relax_600k_10atm
600	10 bar	1.00	1.6667	4.4520	2.9834	RMD_Relax_600k_10atm
600	10 bar	1.00	1.6667	4.5717	2.9867	RMD_Relax_600k_10atm
700	0.1 bar	-1.00	1.4286	3.2076	2.7685	RMD_Relax_700k_0.1atm
700	0.1 bar	-1.00	1.4286	3.5307	2.7344	RMD_Relax_700k_0.1atm
700	0.1 bar	-1.00	1.4286	3.5906	2.9461	RMD_Relax_700k_0.1atm
700	0.1 bar	-1.00	1.4286	3.1238	2.7826	RMD_Relax_700k_0.1atm
700	0.1 bar	-1.00	1.4286	3.7701	2.7892	RMD_Relax_700k_0.1atm
700	0.25 bar	-0.60	1.4286	3.4828	2.8788	RMD_Relax_700k_0.25atm
700	0.25 bar	-0.60	1.4286	3.5666	2.7811	RMD_Relax_700k_0.25atm
700	0.25 bar	-0.60	1.4286	3.7581	2.9383	RMD_Relax_700k_0.25atm
700	0.25 bar	-0.60	1.4286	3.6743	2.6946	RMD_Relax_700k_0.25atm
700	0.25 bar	-0.60	1.4286	3.3871	2.7790	RMD_Relax_700k_0.25atm
700	0.5 bar	-0.30	1.4286	3.9377	2.7306	RMD_Relax_700k_0.5atm
700	0.5 bar	-0.30	1.4286	4.2369	2.9590	RMD_Relax_700k_0.5atm
700	0.5 bar	-0.30	1.4286	3.8180	2.8121	RMD_Relax_700k_0.5atm
700	0.5 bar	-0.30	1.4286	3.9017	2.9312	RMD_Relax_700k_0.5atm
700	0.5 bar	-0.30	1.4286	3.8539	2.8408	RMD_Relax_700k_0.5atm
700	0.75 bar	-0.12	1.4286	4.0095	2.8714	RMD_Relax_700k_0.75atm
700	0.75 bar	-0.12	1.4286	4.0813	2.9128	RMD_Relax_700k_0.75atm
700	0.75 bar	-0.12	1.4286	4.1770	2.9518	RMD_Relax_700k_0.75atm
700	0.75 bar	-0.12	1.4286	3.9377	2.8620	RMD_Relax_700k_0.75atm
700	0.75 bar	-0.12	1.4286	4.1052	2.8941	RMD_Relax_700k_0.75atm
700	1 bar	0.00	1.4286	4.1651	2.8648	RMD_Relax_700k_1atm
700	1 bar	0.00	1.4286	4.0095	2.9974	RMD_Relax_700k_1atm
700	1 bar	0.00	1.4286	4.1890	2.8000	RMD_Relax_700k_1atm
700	1 bar	0.00	1.4286	3.9257	2.8163	RMD_Relax_700k_1atm
700	1 bar	0.00	1.4286	4.3206	3.1244	RMD_Relax_700k_1atm
700	2.5 bar	0.40	1.4286	4.3805	3.0261	RMD_Relax_700k_2.5atm
700	2.5 bar	0.40	1.4286	4.3805	3.1224	RMD_Relax_700k_2.5atm
700	2.5 bar	0.40	1.4286	4.4882	2.9037	RMD_Relax_700k_2.5atm
700	2.5 bar	0.40	1.4286	4.4643	2.9237	RMD_Relax_700k_2.5atm
700	2.5 bar	0.40	1.4286	4.3566	3.0455	RMD_Relax_700k_2.5atm
700	5 bar	0.70	1.4286	4.4284	2.8685	RMD_Relax_700k_5atm
700	5 bar	0.70	1.4286	4.3805	2.9151	RMD_Relax_700k_5atm
700	5 bar	0.70	1.4286	4.5480	3.0256	RMD_Relax_700k_5atm
700	5 bar	0.70	1.4286	4.7276	2.7942	RMD_Relax_700k_5atm
700	5 bar	0.70	1.4286	4.3446	3.0428	RMD_Relax_700k_5atm
700	7.5 bar	0.88	1.4286	4.5720	3.1055	RMD_Relax_700k_7.5atm
700	7.5 bar	0.88	1.4286	4.6677	3.0396	RMD_Relax_700k_7.5atm
700	7.5 bar	0.88	1.4286	4.4643	3.1265	RMD_Relax_700k_7.5atm
700	7.5 bar	0.88	1.4286	4.5600	3.0651	RMD_Relax_700k_7.5atm
700	7.5 bar	0.88	1.4286	4.4284	2.9801	RMD_Relax_700k_7.5atm
700	10 bar	1.00	1.4286	4.4643	2.9324	RMD_Relax_700k_10atm
700	10 bar	1.00	1.4286	4.6079	3.0580	RMD_Relax_700k_10atm
700	10 bar	1.00	1.4286	4.4882	3.0753	RMD_Relax_700k_10atm
700	10 bar	1.00	1.4286	4.5720	2.9199	RMD_Relax_700k_10atm
700	10 bar	1.00	1.4286	4.6677	2.9512	RMD_Relax_700k_10atm
800	0.1 bar	-1.00	1.2500	2.6928	2.8276	RMD_Relax_800k_0.1atm
800	0.1 bar	-1.00	1.2500	2.4175	2.8231	RMD_Relax_800k_0.1atm
800	0.1 bar	-1.00	1.2500	2.7526	2.9771	RMD_Relax_800k_0.1atm
800	0.1 bar	-1.00	1.2500	2.7407	2.9575	RMD_Relax_800k_0.1atm
800	0.1 bar	-1.00	1.2500	2.8364	2.8278	RMD_Relax_800k_0.1atm
800	0.25 bar	-0.60	1.2500	3.1715	2.7534	RMD_Relax_800k_0.25atm
800	0.25 bar	-0.60	1.2500	3.4468	3.0853	RMD_Relax_800k_0.25atm
800	0.25 bar	-0.60	1.2500	3.3151	3.0284	RMD_Relax_800k_0.25atm
800	0.25 bar	-0.60	1.2500	3.1236	2.9474	RMD_Relax_800k_0.25atm
800	0.25 bar	-0.60	1.2500	3.5066	3.0926	RMD_Relax_800k_0.25atm
800	0.5 bar	-0.30	1.2500	3.4946	2.9861	RMD_Relax_800k_0.5atm
800	0.5 bar	-0.30	1.2500	3.3750	2.8886	RMD_Relax_800k_0.5atm
800	0.5 bar	-0.30	1.2500	3.1595	2.9525	RMD_Relax_800k_0.5atm
800	0.5 bar	-0.30	1.2500	3.1595	2.8288	RMD_Relax_800k_0.5atm
800	0.5 bar	-0.30	1.2500	3.4228	2.9319	RMD_Relax_800k_0.5atm
800	0.75 bar	-0.12	1.2500	3.8417	2.9241	RMD_Relax_800k_0.75atm
800	0.75 bar	-0.12	1.2500	3.7340	3.0560	RMD_Relax_800k_0.75atm
800	0.75 bar	-0.12	1.2500	3.6263	2.8532	RMD_Relax_800k_0.75atm
800	0.75 bar	-0.12	1.2500	3.4707	2.9133	RMD_Relax_800k_0.75atm
800	0.75 bar	-0.12	1.2500	3.6143	3.2013	RMD_Relax_800k_0.75atm
800	1 bar	0.00	1.2500	3.8896	3.1669	RMD_Relax_800k_1atm
800	1 bar	0.00	1.2500	3.7460	2.8662	RMD_Relax_800k_1atm
800	1 bar	0.00	1.2500	3.6742	3.1952	RMD_Relax_800k_1atm
800	1 bar	0.00	1.2500	3.6263	2.6925	RMD_Relax_800k_1atm
800	1 bar	0.00	1.2500	3.5545	2.9312	RMD_Relax_800k_1atm
800	2.5 bar	0.40	1.2500	3.8537	2.9523	RMD_Relax_800k_2.5atm
800	2.5 bar	0.40	1.2500	3.8896	2.9192	RMD_Relax_800k_2.5atm
800	2.5 bar	0.40	1.2500	4.1050	2.8600	RMD_Relax_800k_2.5atm
800	2.5 bar	0.40	1.2500	4.2367	2.9957	RMD_Relax_800k_2.5atm
800	2.5 bar	0.40	1.2500	3.8656	2.9531	RMD_Relax_800k_2.5atm
800	5 bar	0.70	1.2500	4.1768	2.8880	RMD_Relax_800k_5atm
800	5 bar	0.70	1.2500	4.1888	3.0857	RMD_Relax_800k_5atm
800	5 bar	0.70	1.2500	4.1648	3.1390	RMD_Relax_800k_5atm
800	5 bar	0.70	1.2500	3.9853	2.9759	RMD_Relax_800k_5atm
800	5 bar	0.70	1.2500	4.2127	3.0329	RMD_Relax_800k_5atm
800	7.5 bar	0.88	1.2500	4.2367	3.0937	RMD_Relax_800k_7.5atm
800	7.5 bar	0.88	1.2500	4.3683	3.0913	RMD_Relax_800k_7.5atm
800	7.5 bar	0.88	1.2500	4.2367	3.0849	RMD_Relax_800k_7.5atm
800	7.5 bar	0.88	1.2500	4.2726	3.0551	RMD_Relax_800k_7.5atm
800	7.5 bar	0.88	1.2500	4.2367	2.9447	RMD_Relax_800k_7.5atm
800	10 bar	1.00	1.2500	4.3444	3.0577	RMD_Relax_800k_10atm
800	10 bar	1.00	1.2500	4.1888	3.1763	RMD_Relax_800k_10atm
800	10 bar	1.00	1.2500	4.3444	3.0640	RMD_Relax_800k_10atm
800	10 bar	1.00	1.2500	4.1768	3.1346	RMD_Relax_800k_10atm
800	10 bar	1.00	1.2500	4.2845	3.0545	RMD_Relax_800k_10atm
900	0.1 bar	-1.00	1.1111	2.4434	2.9718	RMD_Relax_900k_0.1atm
900	0.1 bar	-1.00	1.1111	2.3236	2.9452	RMD_Relax_900k_0.1atm
900	0.1 bar	-1.00	1.1111	2.3955	2.9393	RMD_Relax_900k_0.1atm
900	0.1 bar	-1.00	1.1111	2.6710	2.9327	RMD_Relax_900k_0.1atm
900	0.1 bar	-1.00	1.1111	2.3715	2.9577	RMD_Relax_900k_0.1atm
900	0.25 bar	-0.60	1.1111	2.8027	2.7372	RMD_Relax_900k_0.25atm
900	0.25 bar	-0.60	1.1111	2.4674	2.9170	RMD_Relax_900k_0.25atm
900	0.25 bar	-0.60	1.1111	2.6231	2.9094	RMD_Relax_900k_0.25atm
900	0.25 bar	-0.60	1.1111	2.7908	2.9626	RMD_Relax_900k_0.25atm
900	0.25 bar	-0.60	1.1111	2.7788	3.0394	RMD_Relax_900k_0.25atm
900	0.5 bar	-0.30	1.1111	3.0902	2.8314	RMD_Relax_900k_0.5atm
900	0.5 bar	-0.30	1.1111	2.9105	2.8676	RMD_Relax_900k_0.5atm
900	0.5 bar	-0.30	1.1111	3.1740	3.1258	RMD_Relax_900k_0.5atm
900	0.5 bar	-0.30	1.1111	3.1860	2.9092	RMD_Relax_900k_0.5atm
900	0.5 bar	-0.30	1.1111	3.2339	3.1380	RMD_Relax_900k_0.5atm
900	0.75 bar	-0.12	1.1111	3.2339	3.0485	RMD_Relax_900k_0.75atm
900	0.75 bar	-0.12	1.1111	3.0662	3.0179	RMD_Relax_900k_0.75atm
900	0.75 bar	-0.12	1.1111	3.1740	3.0711	RMD_Relax_900k_0.75atm
900	0.75 bar	-0.12	1.1111	3.4016	3.1484	RMD_Relax_900k_0.75atm
900	0.75 bar	-0.12	1.1111	3.1740	3.1259	RMD_Relax_900k_0.75atm
900	1 bar	0.00	1.1111	3.1141	2.9110	RMD_Relax_900k_1atm
900	1 bar	0.00	1.1111	3.3657	2.9624	RMD_Relax_900k_1atm
900	1 bar	0.00	1.1111	3.0183	2.9071	RMD_Relax_900k_1atm
900	1 bar	0.00	1.1111	3.3657	3.0472	RMD_Relax_900k_1atm
900	1 bar	0.00	1.1111	3.1860	3.0914	RMD_Relax_900k_1atm
900	2.5 bar	0.40	1.1111	3.8208	3.1235	RMD_Relax_900k_2.5atm
900	2.5 bar	0.40	1.1111	3.4615	3.0170	RMD_Relax_900k_2.5atm
900	2.5 bar	0.40	1.1111	3.5813	3.1759	RMD_Relax_900k_2.5atm
900	2.5 bar	0.40	1.1111	3.6771	3.0808	RMD_Relax_900k_2.5atm
900	2.5 bar	0.40	1.1111	3.3776	2.9386	RMD_Relax_900k_2.5atm
900	5 bar	0.70	1.1111	4.1083	3.1895	RMD_Relax_900k_5atm
900	5 bar	0.70	1.1111	3.9526	2.8481	RMD_Relax_900k_5atm
900	5 bar	0.70	1.1111	4.0484	3.1213	RMD_Relax_900k_5atm
900	5 bar	0.70	1.1111	3.9885	3.0124	RMD_Relax_900k_5atm
900	5 bar	0.70	1.1111	3.9406	3.2596	RMD_Relax_900k_5atm
900	7.5 bar	0.88	1.1111	4.1442	3.1490	RMD_Relax_900k_7.5atm
900	7.5 bar	0.88	1.1111	4.0604	3.2699	RMD_Relax_900k_7.5atm
900	7.5 bar	0.88	1.1111	3.9765	3.1828	RMD_Relax_900k_7.5atm
900	7.5 bar	0.88	1.1111	3.9526	3.1651	RMD_Relax_900k_7.5atm
900	7.5 bar	0.88	1.1111	4.1801	3.1769	RMD_Relax_900k_7.5atm
900	10 bar	1.00	1.1111	4.2161	3.1582	RMD_Relax_900k_10atm
900	10 bar	1.00	1.1111	4.1203	3.0338	RMD_Relax_900k_10atm
900	10 bar	1.00	1.1111	4.1562	3.0936	RMD_Relax_900k_10atm
900	10 bar	1.00	1.1111	4.2161	3.0416	RMD_Relax_900k_10atm
900	10 bar	1.00	1.1111	4.0843	2.9969	RMD_Relax_900k_10atm
1000	0.1 bar	-1.00	1.0000	1.8314	2.9499	RMD_Relax_1000k_0.1atm
1000	0.1 bar	-1.00	1.0000	1.8673	2.9433	RMD_Relax_1000k_0.1atm
1000	0.1 bar	-1.00	1.0000	1.8673	2.9182	RMD_Relax_1000k_0.1atm
1000	0.1 bar	-1.00	1.0000	1.8434	2.9609	RMD_Relax_1000k_0.1atm
1000	0.1 bar	-1.00	1.0000	1.8913	3.1663	RMD_Relax_1000k_0.1atm
1000	0.25 bar	-0.60	1.0000	2.4658	2.8729	RMD_Relax_1000k_0.25atm
1000	0.25 bar	-0.60	1.0000	2.4419	3.0523	RMD_Relax_1000k_0.25atm
1000	0.25 bar	-0.60	1.0000	2.3222	3.0886	RMD_Relax_1000k_0.25atm
1000	0.25 bar	-0.60	1.0000	2.3102	3.0604	RMD_Relax_1000k_0.25atm
1000	0.25 bar	-0.60	1.0000	1.9990	2.8635	RMD_Relax_1000k_0.25atm
1000	0.5 bar	-0.30	1.0000	2.4539	2.9242	RMD_Relax_1000k_0.5atm
1000	0.5 bar	-0.30	1.0000	3.0165	2.9350	RMD_Relax_1000k_0.5atm
1000	0.5 bar	-0.30	1.0000	2.4419	3.1488	RMD_Relax_1000k_0.5atm
1000	0.5 bar	-0.30	1.0000	2.5855	3.1039	RMD_Relax_1000k_0.5atm
1000	0.5 bar	-0.30	1.0000	2.8489	3.1732	RMD_Relax_1000k_0.5atm
1000	0.75 bar	-0.12	1.0000	2.8130	3.0799	RMD_Relax_1000k_0.75atm
1000	0.75 bar	-0.12	1.0000	2.8369	3.1852	RMD_Relax_1000k_0.75atm
1000	0.75 bar	-0.12	1.0000	2.3940	3.0232	RMD_Relax_1000k_0.75atm
1000	0.75 bar	-0.12	1.0000	2.6693	3.0134	RMD_Relax_1000k_0.75atm
1000	0.75 bar	-0.12	1.0000	2.5616	3.0095	RMD_Relax_1000k_0.75atm
1000	1 bar	0.00	1.0000	2.5855	2.8852	RMD_Relax_1000k_1atm
1000	1 bar	0.00	1.0000	2.9087	3.2009	RMD_Relax_1000k_1atm
1000	1 bar	0.00	1.0000	2.9806	2.9499	RMD_Relax_1000k_1atm
1000	1 bar	0.00	1.0000	2.7890	3.2567	RMD_Relax_1000k_1atm
1000	1 bar	0.00	1.0000	2.8728	2.9059	RMD_Relax_1000k_1atm
1000	2.5 bar	0.40	1.0000	3.5312	3.0367	RMD_Relax_1000k_2.5atm
1000	2.5 bar	0.40	1.0000	3.2200	3.1150	RMD_Relax_1000k_2.5atm
1000	2.5 bar	0.40	1.0000	3.5791	3.2751	RMD_Relax_1000k_2.5atm
1000	2.5 bar	0.40	1.0000	3.4115	3.1524	RMD_Relax_1000k_2.5atm
1000	2.5 bar	0.40	1.0000	3.7466	3.1466	RMD_Relax_1000k_2.5atm
1000	5 bar	0.70	1.0000	3.6030	3.3282	RMD_Relax_1000k_5atm
1000	5 bar	0.70	1.0000	3.8065	3.3265	RMD_Relax_1000k_5atm
1000	5 bar	0.70	1.0000	3.4474	3.1421	RMD_Relax_1000k_5atm
1000	5 bar	0.70	1.0000	3.5312	3.1310	RMD_Relax_1000k_5atm
1000	5 bar	0.70	1.0000	3.7826	3.2602	RMD_Relax_1000k_5atm
1000	7.5 bar	0.88	1.0000	4.1536	3.0554	RMD_Relax_1000k_7.5atm
1000	7.5 bar	0.88	1.0000	4.1177	3.2016	RMD_Relax_1000k_7.5atm
1000	7.5 bar	0.88	1.0000	3.9501	3.2354	RMD_Relax_1000k_7.5atm
1000	7.5 bar	0.88	1.0000	3.8783	3.2578	RMD_Relax_1000k_7.5atm
1000	7.5 bar	0.88	1.0000	3.9860	3.2164	RMD_Relax_1000k_7.5atm
1000	10 bar	1.00	1.0000	4.0698	3.3180	RMD_Relax_1000k_10atm
1000	10 bar	1.00	1.0000	4.0339	3.3714	RMD_Relax_1000k_10atm
1000	10 bar	1.00	1.0000	3.8065	3.2363	RMD_Relax_1000k_10atm
1000	10 bar	1.00	1.0000	3.9382	3.2395	RMD_Relax_1000k_10atm
1000	10 bar	1.00	1.0000	4.0938	3.3258	RMD_Relax_1000k_10atm
