# Si-Si bond lengths (Angstrom)
# Total count: 10803
3.038550
3.131256
3.140116
3.001686
3.041061
2.998991
3.222209
3.132738
3.100870
3.016819
3.178219
3.098045
3.032005
3.071012
3.192791
2.960548
3.162449
3.055315
3.091688
3.200813
2.966797
3.185067
3.038715
3.062317
3.035490
2.982637
3.121699
3.147899
3.109709
3.251628
3.144252
3.077077
3.201766
3.083360
3.062469
3.165861
3.105320
3.081943
3.007368
3.205743
3.078351
3.212702
3.509978
2.982846
3.093109
3.182223
3.220087
3.059003
3.087917
3.120671
3.343678
3.159804
2.898264
2.940705
3.241377
3.022721
3.007306
2.973301
2.868137
3.191847
3.252920
3.027731
2.961553
3.327375
3.042898
3.250318
3.113027
3.016813
3.009516
3.004594
3.061059
3.002758
3.007358
3.046282
3.158109
3.024059
3.163359
2.992162
2.990496
3.145941
3.098140
2.995086
3.106324
3.013456
3.005232
3.266287
2.845192
3.009426
2.962653
3.152634
3.204479
3.209093
3.074733
3.088073
3.154275
3.100761
2.994324
3.168989
3.029550
3.165859
3.424728
3.081553
3.017190
3.072205
3.434927
3.057319
3.108074
2.936037
3.123222
2.958484
3.041360
3.273400
3.156311
3.070897
3.303614
3.224593
3.098472
2.991226
3.014073
3.062941
3.217022
2.959836
3.032107
3.032599
3.232845
3.042499
3.063380
2.976133
2.996016
3.244044
2.985849
3.150357
3.241453
3.290835
3.079427
2.923134
3.050231
3.034289
2.988596
3.131530
3.207278
2.987134
3.310555
3.040628
3.002035
3.166289
3.146122
3.199091
2.987732
3.015192
2.872887
3.071068
2.982653
3.167587
2.969979
3.165541
3.092485
3.037428
3.272436
3.093715
3.084626
3.013556
3.092665
3.113709
2.952466
3.126404
3.168346
2.933118
2.960552
3.527815
2.946994
3.103297
3.017415
3.046364
3.123879
3.174133
2.972472
3.000979
3.152580
3.088260
3.004760
3.010803
3.006412
3.118624
3.116317
2.962825
3.185615
2.936102
3.044491
3.294466
3.158738
3.053976
2.981736
3.447857
3.261208
3.048486
3.032766
3.122666
3.129541
3.019359
3.008958
3.093415
3.297829
3.038052
2.779125
2.966924
3.082848
3.185793
3.103291
2.991044
3.008555
3.059515
2.924760
3.234275
3.053889
3.105311
3.346167
3.118689
2.959659
3.080973
3.116556
3.122754
3.041684
2.952814
3.080434
3.171522
3.202213
3.006483
2.982770
3.097543
3.096400
3.131025
2.989096
3.062966
3.086955
2.990544
3.212715
2.954172
2.983820
3.428267
2.916601
2.970512
2.983573
3.280731
3.129868
3.109912
3.127106
3.200205
3.041574
3.012539
3.075165
3.030692
3.149499
3.006959
3.040169
3.140398
3.042114
3.011303
3.121530
3.116030
2.995493
3.278664
3.030740
3.251365
3.049137
3.043369
2.913375
3.004230
3.131650
3.120289
3.116112
2.957073
3.103682
3.002020
3.021221
2.954885
3.327019
3.090048
3.241610
3.102172
2.903078
3.039096
2.929482
3.083313
3.088043
3.009406
2.954317
3.195214
2.873110
3.266091
2.960476
3.079064
3.054806
3.268387
3.027449
3.073772
3.125764
3.256040
2.853434
3.170987
3.068394
2.975300
3.054736
2.987235
3.250951
3.069457
2.970877
3.063044
2.973871
3.254928
3.100108
2.933278
3.188937
3.030108
3.056140
2.981308
2.977451
3.102478
2.977368
3.083386
3.104114
2.991320
3.039274
3.004961
3.307352
2.993986
3.235362
3.153322
3.353479
3.038363
2.932183
3.041715
3.004251
2.981045
2.980372
3.098407
3.042811
3.073484
3.006024
3.069890
3.077045
3.001775
3.178987
2.969403
3.369417
3.039735
3.101075
3.027079
3.177236
3.088586
3.127829
2.982156
3.037165
3.024212
3.150029
3.066673
3.072734
3.079658
3.017623
3.172483
3.157321
3.240513
3.036899
3.010069
3.244604
3.146899
2.970352
3.003517
3.163198
2.957243
3.105697
3.001808
2.993862
2.998004
3.080789
3.424748
3.145146
3.016022
3.017265
2.960618
2.966631
3.083821
3.062293
3.174876
2.944548
2.984741
2.976192
3.095294
3.085330
3.216215
3.167671
2.987643
3.126270
3.095395
3.042112
3.021482
3.067068
3.304703
3.264552
2.992769
3.003488
3.164186
3.000273
3.085555
3.025292
3.137210
3.032902
3.217350
2.887949
3.295012
3.121223
3.196499
3.191274
3.080343
3.095502
3.009270
3.078999
3.059750
3.171662
2.909638
3.218694
3.122061
3.001365
3.020203
3.007919
3.311889
3.247436
3.121093
2.822031
3.195292
3.066085
2.961625
2.955962
3.147274
3.168707
3.019920
3.037684
3.118176
3.129932
3.107264
3.218526
3.015683
2.935769
3.072039
2.896202
3.168056
2.973124
3.254648
3.283739
3.000776
3.099117
3.000156
3.126315
3.166324
2.952277
3.358224
3.228910
3.103255
2.901889
3.260890
3.178203
3.078884
3.030913
3.083233
3.225636
3.063912
2.991998
3.117069
3.269653
3.016162
3.089169
3.073979
3.008147
3.023454
2.966588
3.122151
2.982438
3.065231
3.024375
3.346666
3.034809
3.040260
3.078706
3.253410
3.494262
3.080092
3.240264
2.880945
3.228503
3.034592
3.279052
2.956764
3.095266
3.035458
2.950530
2.919318
3.214762
3.027632
3.110415
3.112950
3.002502
3.108201
3.050138
3.196985
3.021296
3.158539
2.977715
3.024847
2.977202
3.127402
3.042551
3.059129
2.964772
3.097475
3.144614
3.205899
3.055166
3.103116
3.010201
3.160523
3.050976
3.167902
3.030991
3.090806
3.000357
3.087363
2.966396
2.987495
3.013822
3.123126
3.010696
3.070663
3.043882
3.067198
3.088485
3.035056
3.075734
3.176178
3.000432
3.181950
2.968473
3.158167
3.059326
3.110746
2.951604
3.037851
3.036076
3.037490
3.226174
3.130224
2.961003
3.204896
3.087073
3.215886
2.976546
3.003943
3.138860
3.189310
3.136120
3.026227
2.972312
3.025273
3.100866
3.072860
3.139418
3.068437
3.119295
3.030335
3.143875
3.109861
3.145768
3.230451
3.053764
3.115063
3.176008
2.933130
3.120585
3.149443
3.137669
3.013138
3.107710
3.000158
3.222732
2.972581
3.217216
3.026420
3.004891
3.059067
3.199884
3.053637
3.066663
3.288839
2.987475
3.102959
2.979091
3.011127
3.194362
3.213065
2.862156
3.133867
2.989751
3.178588
3.056743
3.040916
3.070186
3.096758
2.972184
2.943183
3.169480
3.122760
2.998315
3.137163
3.124758
3.021309
3.179506
3.081777
3.034966
3.050145
3.015474
2.873908
3.248820
2.941713
3.240915
3.105433
3.000370
3.201868
3.039399
3.165599
2.899353
3.063252
3.025524
3.023843
3.019772
3.206886
3.001090
3.246658
2.977050
2.930600
2.905129
3.069080
3.240165
3.145519
3.005350
3.008510
3.283200
3.131931
3.008925
3.197794
3.018160
3.048274
3.039303
3.031195
3.068909
3.154993
3.225664
2.928788
3.244335
3.437451
3.065229
3.305643
3.429730
2.944394
3.234600
3.252851
3.097939
3.051198
3.048391
3.128349
3.094147
2.931018
3.327582
3.053353
3.025741
3.072326
3.011250
3.009775
3.063220
3.058925
2.961344
3.172658
3.100194
3.197812
3.115737
3.031618
3.140176
3.188409
3.206105
3.099160
2.982664
3.221887
3.019463
3.190677
3.240855
3.029229
3.150651
3.036540
3.203051
3.090285
2.947693
3.075611
3.301208
3.071621
3.124306
3.105984
3.123509
3.087675
3.003065
3.172054
3.041711
2.936418
3.042904
3.060143
3.519389
3.037026
3.207942
3.105145
3.022643
3.154493
3.125129
3.104824
3.071622
3.092975
3.186262
3.126668
3.028650
3.042773
3.035624
3.050451
3.154573
3.363678
3.189817
3.025612
3.030872
3.033695
3.239176
3.116419
2.983064
3.101477
3.115970
2.960099
3.054553
3.021506
3.102875
3.094990
2.976438
3.040627
3.128518
3.273376
3.038045
2.939233
3.133215
3.015458
3.134656
3.171185
2.949713
3.296475
3.091941
2.977098
3.151588
3.287816
3.026310
3.101324
3.174333
3.012273
3.068825
2.916848
3.087426
3.106923
3.102064
3.086183
3.203104
3.107044
3.049214
2.918125
2.953242
2.976312
3.200727
3.173059
3.090540
3.070358
3.268302
3.071899
3.052777
2.973603
3.063860
3.220980
3.089192
3.192338
2.973836
3.180096
3.106685
3.320323
3.214133
2.845039
2.952542
3.228116
3.006233
3.017224
3.214792
3.244750
2.958235
2.800661
3.108083
3.088881
3.087998
3.072337
2.994600
2.874038
3.230993
3.241703
3.129284
2.984958
2.939357
3.263635
3.061574
3.187867
3.100984
3.004097
3.184437
3.050994
2.970672
3.135815
2.982928
3.278541
3.169771
3.020436
3.264671
2.966007
3.097990
3.003743
3.165510
3.151045
3.077099
3.389046
2.929925
3.013200
3.087918
3.058342
3.117752
3.028293
3.005073
3.076996
3.025665
3.086404
3.020960
3.027111
3.086152
3.141108
3.022611
3.062730
2.984374
3.035081
3.019479
2.973583
3.116009
3.149299
3.048712
3.022465
3.053422
3.029281
3.133223
3.080639
3.135077
3.305383
3.034396
3.189111
2.988432
3.013718
2.920364
2.927039
3.116761
3.225343
3.238477
3.046552
3.003628
3.223764
2.886871
3.196152
3.183294
3.110019
3.129840
3.019013
3.009842
3.198061
3.046134
3.065403
3.107346
2.973983
2.983081
3.113590
3.171715
3.158008
3.135163
2.993955
2.970242
3.229528
2.884577
3.052444
2.972297
2.952303
3.110605
3.163538
3.178175
2.986949
3.176267
3.115270
3.021961
3.011510
3.087904
2.961627
3.177123
3.244636
3.163138
2.980288
3.015517
3.061944
3.136224
3.096977
3.011271
2.898838
3.245794
3.384773
3.141606
3.101489
3.181909
3.018422
3.243176
2.929583
3.135261
3.136447
3.060071
2.958035
3.248218
2.854220
3.312132
2.956550
3.003499
2.920931
3.113359
3.265567
2.964776
2.969481
3.277246
3.222004
2.993152
3.019588
3.373835
2.957917
3.097593
3.022300
3.035402
3.051190
3.117973
3.075271
3.071441
3.228252
3.308486
2.970403
3.085085
2.988699
2.989300
3.041123
2.914820
3.042478
3.049390
2.923946
2.961997
3.203945
2.978890
2.959572
3.268055
3.105176
3.020961
3.149739
3.102285
3.082327
3.442609
3.092933
3.110859
2.946237
3.053033
2.980700
3.237929
2.976840
3.210460
3.099614
2.965052
3.280457
2.958158
3.110273
3.033585
3.178562
3.397879
3.123393
3.254613
2.902935
3.103609
3.168496
3.342360
3.025248
3.016640
3.041739
3.325689
3.143205
2.955925
3.004431
3.042092
3.074622
3.209915
3.134508
3.178310
2.994499
3.217166
3.081579
3.191350
3.166989
2.955072
3.166808
3.036640
3.189788
2.791469
3.117376
3.277793
3.186304
2.935573
3.010538
3.118228
2.959182
3.179951
3.024409
3.034505
3.045593
3.056960
2.944463
3.170972
3.030390
2.992795
3.169325
3.024585
3.033652
3.023009
3.032957
3.278456
3.147068
3.156901
2.959639
3.205060
3.072382
3.052386
3.152606
3.157764
3.031789
3.057196
2.887909
3.103557
3.075758
3.173208
3.098385
3.229337
3.120881
3.011846
3.136835
2.999923
3.003511
2.939535
3.040512
2.983109
3.471084
3.091518
3.042222
3.068353
3.244875
3.032778
2.977961
3.264227
3.005958
3.102687
3.035769
3.358623
2.935353
2.951033
3.326134
3.134327
3.064810
3.097666
3.210453
3.025910
3.067271
3.271685
2.989826
3.079774
3.148731
3.044909
3.313651
3.161963
3.083745
3.044373
2.942017
3.063106
3.063476
3.078453
3.210811
3.075032
3.266973
3.243974
2.922683
3.251519
3.131284
3.112670
3.069107
3.082228
3.202177
3.100918
2.924248
3.187683
3.063799
3.317974
2.777158
3.135974
2.876815
3.087541
2.998788
2.956785
3.192532
3.105656
3.085008
3.041973
2.987382
3.005357
3.450521
3.200998
3.089144
2.973970
2.895666
3.076046
3.141095
3.098162
3.269262
3.013299
3.056784
2.980535
2.953618
3.061017
3.096201
3.073723
3.171142
2.919742
2.973197
3.512798
3.150576
2.987320
3.087368
3.047025
3.085652
2.985542
3.254966
3.049734
3.088317
3.049657
2.963255
3.080326
3.093647
3.073641
2.969662
3.115465
3.034312
3.158252
3.186679
3.012712
2.992658
3.220862
3.133415
2.944883
3.239379
3.333666
3.008887
2.988677
3.140945
2.956382
3.051483
3.156512
3.129884
3.199818
3.010374
3.358861
3.071079
2.980733
3.024949
2.965446
3.260218
3.186838
3.113894
2.949391
3.022162
2.975741
3.168852
2.992109
2.985501
3.173620
3.078787
3.230449
2.991847
3.141394
2.966716
3.408606
2.893122
3.263222
3.023005
2.870365
3.013457
3.065108
3.147677
2.906916
3.270048
3.073793
2.988067
3.077194
2.971599
3.281158
2.875962
3.090958
3.007542
3.066688
3.080022
3.011358
3.066225
3.194049
3.174605
3.175828
2.933635
3.102561
2.994437
2.994473
3.197810
3.075046
2.971565
3.033855
2.991253
2.954182
2.985244
3.121530
2.985975
3.086549
3.043530
3.125987
2.933982
3.077986
3.179568
2.898332
3.431675
3.068499
2.844035
3.019953
3.150853
3.005960
3.021698
3.003827
3.023412
3.053255
3.343929
3.031231
3.087864
2.997656
3.180457
2.987637
3.126755
3.157888
3.060250
3.102684
3.064312
2.981861
3.062890
3.099807
3.027399
3.107999
3.217476
2.941764
2.952733
3.133727
3.156993
3.291868
3.026393
3.114278
3.031931
3.045861
3.233900
2.975514
3.101811
3.001840
3.021899
2.978235
3.116365
3.133444
3.149913
2.914069
3.258879
3.055986
2.874496
2.971837
3.057193
2.962783
3.113888
2.954048
3.205911
2.953614
3.061999
3.331297
3.073066
2.832799
2.945214
3.296298
3.282573
3.136927
3.064486
3.016199
3.035166
3.016752
3.240187
3.273024
3.025087
3.044694
3.112560
3.173082
3.205760
3.025307
3.134591
2.986640
2.991559
3.190493
3.049629
3.016095
2.971693
3.010287
3.158816
3.080943
3.125593
3.182992
3.241655
2.929121
2.997015
3.091451
3.010507
3.247346
3.007822
3.162738
3.277383
3.056121
2.934306
3.109453
3.102737
2.980640
3.219501
3.079106
3.147886
3.001003
3.172008
3.299709
2.962706
3.047731
3.190749
3.041169
2.895981
2.960933
3.010740
3.164432
3.081885
3.122648
2.958357
3.199271
3.131374
3.214434
3.051823
2.999368
3.046864
2.988025
3.170276
3.151424
3.193231
3.068917
3.183614
3.037244
3.070424
2.964697
2.998729
3.375745
3.147065
3.230139
3.026360
3.220625
3.128226
3.029320
3.098154
3.191079
2.972267
3.218012
3.000832
3.233176
3.122175
3.286101
3.270719
3.060703
3.038451
3.204387
3.224063
3.199345
2.999240
3.230178
3.068811
3.077006
3.126578
3.026785
3.008711
2.983355
3.104048
3.153773
3.203960
3.117255
3.200807
3.327478
3.273501
3.102592
3.126966
3.128446
2.986926
3.165117
2.889865
3.067842
2.984062
3.029426
3.135885
3.350496
3.089546
3.174510
3.005308
3.264663
3.028209
3.033078
3.163558
3.179270
3.024419
3.347340
3.001184
2.892384
3.397226
3.079609
3.140799
3.093431
3.108083
3.205623
2.992380
3.005216
2.992259
3.081681
3.166371
3.120909
3.040780
3.058383
3.055175
3.000323
3.136833
3.085692
3.042570
3.028360
2.871845
3.056185
2.984926
3.204402
3.067958
3.034895
3.039628
3.012639
3.082078
2.999683
2.965304
2.954079
3.246455
3.129281
2.984400
3.159003
3.047035
3.097306
3.017010
3.060327
3.054389
3.048368
3.078988
3.116605
3.038587
3.128649
3.132954
3.211754
3.036788
3.114409
2.903787
3.142221
3.097413
3.029472
3.087953
3.212136
3.005661
2.995308
3.083809
2.991428
3.053321
3.136392
2.985088
3.208883
3.115791
2.986593
2.982094
2.961928
3.228700
3.145656
3.146200
3.063591
3.005870
3.010613
2.993238
3.085930
3.016665
2.992248
3.334127
3.042807
3.254997
3.284299
3.207254
3.060058
3.407023
3.051853
3.116902
2.860872
3.219774
3.255686
2.941959
3.036981
3.052057
2.971487
3.153957
3.049369
3.179496
3.205542
3.082519
3.103656
2.945647
3.048295
2.993656
3.236801
3.002735
2.907993
3.152047
3.011560
3.008614
3.248972
3.122811
3.105299
3.232894
3.305548
3.240546
2.955419
3.002799
2.958690
2.972243
3.007714
3.011294
3.194230
3.196266
3.057188
3.162807
3.176276
3.028390
3.032092
3.081683
3.106216
3.108439
3.204357
2.932259
2.988985
3.121729
3.031182
3.071041
3.204050
2.943914
3.166013
2.945971
3.012309
3.218779
3.179190
2.973755
3.036408
3.068675
2.987116
3.137319
3.112118
2.942715
3.174600
3.161808
3.057302
3.122933
3.016498
3.074646
3.020592
3.156470
3.233106
3.074909
2.951543
2.997210
3.183606
3.305569
3.066904
3.317854
2.872789
3.077073
2.902218
3.085518
3.195929
2.982272
3.034014
2.982649
3.104091
3.116999
3.317246
2.967286
2.985075
2.984789
3.135888
3.083617
3.265630
3.084279
3.012284
3.129527
3.135383
3.030386
3.083181
3.168363
2.987122
3.164644
2.956829
3.083538
3.081048
3.186254
3.303356
3.099572
3.054799
2.972793
2.979313
3.028151
3.099275
3.011325
2.975091
3.158423
3.041785
3.138837
3.089552
2.962883
3.052777
3.402459
3.136327
2.995760
3.317084
3.112538
3.079041
3.002613
2.993081
3.216492
3.119023
2.944316
3.045395
2.918366
3.048869
3.344565
3.195610
3.013155
2.988648
3.125758
2.955536
3.098153
3.058840
3.334497
3.069822
3.108987
3.133752
2.950236
3.171154
3.051701
3.121147
3.096518
3.061949
2.982864
3.284014
3.176126
2.968877
3.038163
3.275491
3.202646
3.134837
3.037765
3.038794
3.082717
3.170739
3.072494
3.187133
2.965731
3.138286
2.957518
3.000630
3.180750
2.986108
3.160326
2.987983
2.998069
3.101446
2.912870
3.057376
3.058519
3.344527
2.954534
3.009538
2.930920
3.354313
3.046157
3.144938
3.112114
3.273390
3.115803
3.055643
3.092330
3.019173
3.008938
3.010102
2.874848
2.960860
3.100317
3.329032
3.293462
3.045748
3.026666
3.020367
3.326565
3.129159
2.981674
2.986598
3.180383
3.221933
3.082336
3.192370
3.018168
3.063970
3.173403
3.156225
3.314083
3.110260
3.026096
3.003615
3.062228
3.123552
3.061769
3.055836
3.073965
3.475272
3.010795
3.068758
3.110545
2.919747
3.114068
3.067369
3.169580
3.162479
2.972602
3.205632
3.154501
2.965777
3.173428
3.064758
3.047560
3.061200
2.981354
3.026362
3.021094
3.276418
3.036580
2.960155
3.184982
3.085354
3.034156
3.130521
2.978059
3.045627
3.166545
2.960074
3.133518
2.962450
3.094680
2.998447
3.225799
3.052068
2.956882
3.145720
2.996809
2.974455
3.177526
3.190300
3.018022
2.945667
3.225582
3.011660
2.985413
3.227068
3.142594
3.020057
3.011550
3.343329
2.992337
2.989884
3.084480
3.055380
3.061429
3.290811
2.896902
2.953363
3.038894
3.240961
3.132917
2.985185
3.126675
3.007204
3.122789
3.058796
3.193569
3.229532
2.887755
3.019301
2.965370
3.036534
3.183886
2.975125
3.095688
3.176646
3.189870
3.078605
2.999974
3.023886
3.026966
2.999048
3.065762
3.032512
3.146194
3.019646
2.983346
3.076580
2.992102
3.443330
2.997171
2.944833
3.011233
2.990266
3.191643
3.146878
3.014128
3.160427
3.060708
3.137814
3.047669
3.061861
3.123533
2.986270
3.151742
3.142547
2.973360
3.165341
2.958888
3.040926
3.166379
3.339315
3.118963
3.240433
3.020693
2.958650
2.948779
3.030394
3.251036
2.976798
3.143138
3.097987
3.063374
3.132257
3.306896
3.062010
3.044425
2.998222
3.072801
3.101471
3.059581
3.036459
2.993071
3.027935
3.160922
3.021601
3.102096
3.005950
3.248336
2.972038
2.999939
3.068748
3.067994
3.038103
3.189877
3.105628
2.991455
3.128199
3.058589
3.030037
3.055776
2.966478
3.051288
3.166302
3.030379
2.984632
3.228655
2.944832
2.982327
3.336593
2.938935
3.056527
3.168553
3.147115
3.046589
3.013769
2.955847
3.023119
3.161250
3.059585
3.114144
3.053838
3.036430
2.970093
3.184026
3.038733
3.066820
3.275525
2.971295
3.181920
2.968637
3.042058
3.167326
3.016903
3.004881
3.248576
3.081966
3.037899
3.155640
3.035835
3.118884
3.037826
3.304850
3.216353
3.101676
3.182534
2.954741
3.074666
3.092257
3.058313
3.022822
3.187921
3.127260
3.203012
3.004038
2.974459
3.354164
3.147651
3.038380
3.288720
2.988368
3.072207
3.090861
3.277108
3.016158
3.038735
3.063070
3.039753
3.264998
3.354194
3.099553
2.929103
3.097320
3.021845
3.062562
3.217121
3.128260
2.946343
3.179777
3.073094
3.325899
3.204902
3.109881
2.985914
3.188422
3.011864
3.057009
3.036855
3.176732
3.144988
3.036982
2.968976
3.055240
3.135406
3.001996
3.129490
3.109277
3.114823
3.066077
3.009729
3.178697
3.079111
3.112613
3.042130
3.078584
3.063204
2.999320
3.177516
3.105802
3.080747
3.025131
3.398891
3.083043
2.930134
3.057485
3.054703
2.958813
3.156356
3.158750
3.198271
3.338716
3.135646
3.192807
2.964142
3.128047
3.106758
3.059783
3.038857
2.994209
2.920825
3.064276
3.034459
3.078257
3.128607
2.974978
3.077620
3.033360
3.096382
3.079654
3.199689
2.976424
3.070228
3.307329
3.019556
2.939901
3.291459
3.206936
3.022785
3.172538
3.094467
3.010289
3.010948
3.166721
3.054712
3.021381
2.785297
3.069378
3.082554
3.044907
3.117351
3.121243
3.196867
3.066100
3.045902
3.238358
2.985018
3.137313
3.081300
3.036162
3.147095
3.174508
3.182336
3.203345
2.954632
3.170603
3.217148
3.019391
2.929796
3.210038
3.172409
3.010518
3.089838
2.996099
2.980711
3.348786
3.128668
3.181809
3.059373
3.211476
2.998613
3.054006
3.114401
3.153150
2.920799
3.159956
3.016078
2.931916
3.101864
3.087871
2.995435
3.254195
3.103404
3.097005
3.128843
3.105391
3.176338
3.103067
3.018630
3.100563
3.065296
3.101485
3.094029
2.931960
3.137445
3.003957
3.084663
3.082941
3.491621
2.993598
3.059921
3.019649
2.982869
3.111326
3.061783
3.021444
3.013968
3.251955
3.120472
2.995075
3.248550
3.130355
3.054612
2.983742
3.306056
3.235547
3.032232
2.985756
3.110621
3.021426
3.074038
2.987794
3.007823
3.042177
3.171725
3.113519
3.117796
2.917771
2.969197
2.920142
3.216943
3.035724
3.038666
3.323347
3.193107
3.108857
3.027181
3.198138
2.891523
3.250298
3.243828
3.068977
3.101461
3.110611
3.119442
3.025616
3.107200
3.176801
2.918567
3.182739
3.026743
3.134019
3.112466
2.959115
3.091790
3.099102
3.117447
2.959843
2.997111
3.132286
3.090178
2.967549
3.150921
3.009728
2.957257
3.023709
3.277612
3.105649
3.099469
2.968383
3.149922
3.129455
3.231604
3.072628
2.942553
3.107660
3.290687
3.039028
3.273564
3.247470
3.114794
3.060945
3.006523
3.061166
3.004370
3.129457
2.891119
3.141555
3.208398
3.151641
2.980968
3.485508
3.002881
3.331843
3.084300
3.179502
2.837204
3.115606
3.027062
3.388200
3.026795
3.336358
3.285693
2.969799
3.002217
3.062400
2.976240
3.287861
3.166132
3.065153
3.174319
3.091387
2.927527
3.231320
2.948216
3.120891
3.077242
3.056117
3.096949
3.267877
3.089577
2.951311
3.300889
3.188965
2.981022
3.080791
3.174234
3.166968
3.007892
3.021528
3.119066
3.263300
2.809303
3.013154
3.216399
3.025866
3.023321
3.196046
3.249303
2.968667
3.432733
3.059313
2.992402
3.098368
3.144102
3.116416
3.001460
3.202794
3.004754
3.143682
3.031449
3.074922
3.363884
3.099841
2.899865
3.219831
3.198030
3.061712
3.066409
3.212075
2.923794
3.265943
3.013836
2.867802
3.236997
3.149722
3.099491
3.055607
3.209878
3.026214
3.071693
3.163532
3.114858
3.158929
2.938158
3.053432
3.090233
3.086554
3.032420
3.065524
3.152819
3.149438
3.154590
3.201330
3.287379
3.042896
3.071229
2.988786
3.226772
2.950211
2.966267
3.100417
3.043196
3.038381
3.039953
3.098279
3.051377
3.000387
3.061093
3.265622
3.003838
3.140032
3.002028
3.322179
2.985569
2.942216
3.059231
2.963816
2.977803
3.092439
2.981258
3.144908
3.068187
3.176019
3.052220
3.295492
3.131145
3.113076
3.015894
3.018892
3.082726
2.992799
3.114180
3.022202
3.106632
3.086318
2.919379
3.059422
3.313401
2.909460
2.900058
3.016986
2.969324
3.070163
3.081422
2.955682
3.349548
3.069958
3.206411
2.970487
3.029864
3.072115
3.069304
3.152234
2.995521
3.035054
3.100789
3.035253
3.295828
3.132400
3.214899
3.132065
2.961191
3.058174
2.991439
3.105196
3.041618
3.022618
3.253550
3.139892
2.888267
2.951698
2.999240
3.171417
3.078486
3.198556
2.926027
3.241663
2.953012
3.078546
2.988976
3.018184
3.078637
3.094556
3.084426
3.157074
3.221957
2.950024
3.035736
3.043499
3.051555
3.031971
2.979518
2.989357
3.193013
3.015888
3.179690
3.315559
3.161840
3.019768
3.010694
3.117966
3.129218
3.241594
2.983662
2.886967
3.168748
3.056181
3.049903
3.066686
3.081719
3.009790
3.033625
3.267753
3.056960
3.146200
3.239312
3.023165
2.968493
3.287171
2.987997
3.097963
2.852927
3.196808
3.229889
3.010570
3.096737
3.026226
3.075051
3.033930
3.103033
3.151516
2.992900
2.996949
3.117813
2.967326
3.248489
3.100194
3.133108
3.176924
2.906598
3.283246
3.035665
3.279735
3.059541
2.977842
3.120764
3.130143
2.996193
2.998234
2.946544
2.996872
3.299040
3.120817
3.024730
2.893370
3.044290
3.145271
3.252120
3.151624
2.978365
3.060491
3.120817
3.009319
3.064791
3.217962
2.993128
3.013788
3.156449
3.063284
3.000862
3.376870
3.086134
2.965992
3.009556
3.215916
3.156083
3.060408
2.959770
3.092159
3.402893
3.102739
3.153406
3.203578
3.019686
3.010894
3.103592
3.043915
3.253402
3.207566
3.130817
2.986967
2.957857
3.060147
3.079513
3.179936
3.035983
2.935822
3.014109
3.110678
3.153460
2.962223
3.295354
2.964070
3.176404
3.195400
2.974913
2.973113
2.974364
2.954434
3.233785
3.187620
2.998211
3.289935
3.038019
3.038009
3.033154
3.262479
3.133624
3.041282
3.038304
2.995608
3.010246
3.034597
2.983436
3.078173
3.099932
3.135622
3.309433
2.981846
3.014140
3.115617
3.007894
3.054026
3.204546
3.201889
2.894080
3.151503
3.009429
3.069337
2.980521
3.009286
2.998535
2.925746
3.254479
3.186866
3.182278
2.925782
2.890528
2.992549
3.058821
3.115252
3.169791
3.116655
3.129769
3.120927
3.248111
3.297802
3.208474
3.014453
3.016397
3.239528
3.011058
2.916210
2.972119
2.991891
2.895073
3.147267
3.156833
3.281948
2.961891
2.935138
3.041813
3.171814
3.160367
3.099952
3.003436
3.129393
2.959102
3.060805
3.062383
3.138856
2.964519
3.233666
2.912277
3.229457
3.072920
3.139402
3.055427
2.987799
3.208035
3.189302
2.894887
3.005030
3.092629
3.072382
3.274188
3.085908
3.128438
2.981208
3.163821
3.149748
2.936770
3.095773
3.043578
2.986977
3.010508
3.009403
3.255754
3.123669
3.172053
3.083958
3.001524
3.324067
2.994674
3.040968
3.102953
3.202751
3.092450
2.977169
3.101904
2.970476
3.361604
3.020076
3.076226
3.045261
3.117675
3.131216
3.018537
2.977217
2.969093
3.046904
3.205062
2.972953
3.118474
3.069716
3.179876
3.388556
3.146239
2.941921
3.164818
3.045349
3.062090
3.212952
3.013626
3.090994
3.139335
3.016891
3.016736
3.015579
2.995186
2.967401
2.964807
3.112204
3.014449
3.189887
3.164010
3.304546
2.896505
3.173257
2.905010
2.875254
3.204640
2.972037
2.930292
3.014162
3.164366
3.071335
3.137292
2.983245
3.087391
3.173051
3.133417
3.003281
3.234911
3.027792
3.141147
3.026563
3.149308
3.112888
3.130920
2.955141
3.201198
3.099786
2.976521
2.975508
3.013104
3.192056
3.157191
3.155868
2.911700
3.428128
3.014383
3.067915
3.099168
2.974767
3.138277
3.026593
3.092024
3.120552
3.035468
2.968805
2.945262
3.083761
2.976037
3.049849
3.051411
3.046751
3.002940
3.066520
3.237125
3.080480
3.027591
3.222103
3.044432
3.031931
3.092688
3.058171
3.234900
3.078959
3.096636
3.063754
3.050123
2.961082
3.166200
3.024607
3.273218
3.037344
3.151610
2.962719
3.070786
3.293662
3.075864
3.129788
2.958848
3.145266
3.076769
3.118789
3.094226
3.136044
3.076201
2.976614
3.175857
3.047729
2.984744
3.024766
2.977740
3.331045
3.051769
3.055518
2.913583
3.282927
3.092002
3.131036
3.061894
3.373597
3.067873
3.413946
3.047379
3.035057
2.992793
3.160411
3.350781
3.020609
3.053210
3.031357
3.035404
3.212722
3.001760
3.252794
3.000819
3.011270
3.228864
3.069059
3.138506
3.116012
3.046959
3.052530
3.103267
3.228962
3.096872
3.210364
2.984130
3.301198
3.089886
3.153489
3.125569
3.016497
3.191286
3.085083
3.053576
3.048964
3.131021
3.080994
3.145401
2.993388
3.076450
2.963264
3.162423
2.928206
3.125127
3.135282
2.975696
2.991996
3.226629
3.090614
3.216653
3.258759
3.018535
2.942997
3.117832
3.092028
3.219805
3.158832
2.963465
3.179528
3.110416
3.205226
3.259819
2.922443
3.065460
3.180121
3.352390
3.035436
3.005745
3.133271
3.195773
3.009660
2.855698
3.060848
3.158135
2.994298
3.166165
3.369613
3.152177
3.008748
3.265290
3.056836
3.170347
3.005790
3.163256
3.076978
3.033781
2.984063
3.195434
3.181192
3.154539
3.312937
2.979253
3.228984
2.936860
3.085223
3.084065
2.964735
3.014969
3.154461
3.074467
3.073889
2.897904
3.167504
2.978071
3.332448
3.135229
3.015604
2.989559
3.081350
3.060107
3.317117
2.966031
3.118935
3.137845
2.972040
2.997572
3.005876
3.183878
2.968640
3.036333
3.142326
3.216146
3.060653
3.224017
3.117518
3.099642
3.061430
3.126179
3.077327
3.006316
3.194550
3.209550
3.209051
3.086674
2.997613
3.207595
3.078968
3.108119
3.067980
3.016300
2.922451
3.362556
3.006858
3.456854
3.131713
3.042803
3.081715
2.963091
3.078632
3.114387
3.064346
3.009974
3.105950
3.248666
2.985180
3.209014
2.927599
2.958792
3.279770
3.070417
3.081644
3.107770
3.139331
3.059294
3.084316
2.917398
3.233648
3.331259
3.151949
3.067664
3.340963
3.054309
3.261687
3.086076
3.164222
2.988477
3.056262
3.283409
2.977048
2.911882
3.073308
2.969399
2.971995
3.133563
3.103284
3.046998
3.078616
3.166622
3.240579
3.154935
3.146801
3.072849
3.145516
3.113850
2.980982
3.079655
2.999201
3.035244
3.015597
3.037498
3.077336
2.968045
3.126437
3.016087
2.977408
3.380495
3.062366
3.032895
3.028307
3.106609
3.036518
3.004519
2.853832
3.108042
3.109635
2.842619
3.005178
3.126991
3.155380
3.295125
3.051716
2.944162
3.143828
3.242309
3.031275
2.889323
3.100757
3.181653
3.243824
3.125298
2.955932
2.995106
2.922583
3.238715
2.986840
3.154868
3.065816
3.147963
2.987829
3.142228
3.119297
2.903586
2.965816
3.246008
2.946564
3.283111
3.115721
2.971259
2.983687
3.065977
2.949884
3.092025
3.102151
2.989418
2.946563
3.008784
3.157838
3.166775
2.956614
3.085257
3.055972
3.159063
2.971755
3.049901
3.206319
3.056825
3.174589
3.092483
3.066145
3.217945
3.196065
2.976477
3.195365
3.094427
3.022676
2.991268
3.104179
2.998342
3.072249
3.044649
3.046658
2.970051
3.014454
3.206676
2.992004
3.439724
3.106576
3.032383
3.124345
2.998878
3.345446
3.020750
2.994849
3.025787
3.102139
3.052199
2.962176
3.165007
3.021685
3.064393
3.139511
3.007787
2.901351
3.447364
3.061871
3.032406
3.060886
3.129589
3.371692
3.089064
2.966146
3.028174
3.283296
3.049043
3.082140
2.980032
2.916260
3.156495
3.166808
3.069841
3.001888
3.167545
3.350560
3.139006
3.073969
3.006616
3.038888
3.272244
3.016731
3.022113
3.325270
3.019421
3.046311
3.043353
2.971846
2.889710
3.298212
3.128140
3.086459
3.012521
2.938723
3.079500
3.083401
3.106068
3.007606
3.076412
3.264802
2.952753
3.081629
3.069579
3.168022
3.057951
3.022576
3.174269
2.965231
3.076574
3.203430
3.141742
3.101399
3.204906
2.947558
3.092628
3.131862
2.905219
3.374326
3.053558
3.227781
3.359738
3.010731
3.105202
3.307312
3.068853
3.237454
3.025752
3.033833
2.942171
3.033296
3.145884
3.000753
3.214711
3.091514
3.066865
3.068159
2.965095
3.223753
3.102771
3.136588
3.307470
3.041400
3.044064
2.889958
3.107981
3.008158
3.055735
3.139601
3.107588
2.938695
3.006809
2.900354
3.240063
2.986998
3.194902
3.195224
3.055946
3.029686
3.015556
2.985354
3.021217
3.141124
3.121552
2.941665
2.996298
3.093192
3.112554
3.069697
3.161760
3.014232
2.967825
3.066221
2.992299
2.962365
2.986546
3.042158
3.181230
3.006126
2.973840
3.309474
2.962467
3.144572
2.949344
3.137964
2.985558
3.232678
3.006606
2.923916
3.001689
3.261041
3.157869
3.140930
3.007343
3.111015
3.053049
2.978052
3.139428
3.131067
3.244120
3.120874
3.172446
3.092855
3.212021
3.084650
2.978538
3.214542
2.959663
3.097911
3.067915
3.016926
3.146667
3.166857
3.059525
3.261722
3.024308
3.150317
2.981456
3.111336
3.098964
2.908837
2.958309
3.131129
3.009580
3.167715
2.998332
3.007783
3.065361
3.083880
3.315279
2.980471
3.380280
3.043188
3.146657
3.009644
2.959442
2.993212
3.180481
3.052215
3.066295
3.314919
3.165874
3.017161
3.231076
3.138302
3.014423
2.917795
3.072002
2.972182
3.179336
3.021490
3.185716
3.043408
3.035117
3.125423
2.965071
3.125399
3.171122
3.039591
3.042824
3.091222
3.092115
3.062720
3.136028
3.328475
2.969064
3.000399
3.013844
3.114239
3.255375
3.049640
3.014244
3.093319
3.202077
3.040317
3.219139
3.022995
3.106781
3.096848
3.048921
3.070344
3.070602
3.019171
3.201187
3.087794
3.225975
3.011081
2.822215
3.164897
3.162558
3.174259
3.096548
3.219836
3.082248
3.063794
2.990740
3.047596
3.026259
3.163458
3.094534
3.117788
3.244694
2.908657
3.126389
3.329457
2.993737
3.058985
3.145212
3.015475
3.109245
3.149605
2.925279
3.030224
3.053516
3.217309
3.122130
2.994805
3.047120
2.937841
3.056751
2.926427
2.993396
3.174035
3.150243
3.178544
3.038072
3.084696
3.117017
3.143238
3.106597
3.041549
3.088102
3.099301
3.173680
3.301600
3.208643
3.000806
3.034537
2.994521
3.134479
3.080915
2.977015
2.967024
3.114774
3.061916
2.950145
3.114509
3.013711
3.060423
3.036491
3.121977
3.013440
2.934582
3.202273
3.153578
3.113735
3.031603
3.101172
3.032880
3.056439
3.205594
3.109325
2.953022
3.182747
3.047666
2.885240
3.175530
3.002436
3.045406
3.039084
3.112171
3.140462
2.986641
3.064325
3.038876
3.022859
3.183766
3.421329
3.056890
2.988188
3.063356
3.162744
3.256781
3.281426
3.041674
3.082855
2.959294
2.973841
2.928121
3.217176
2.912297
3.198205
3.086051
3.142637
2.967319
3.016873
3.098664
3.239360
3.010623
3.002281
3.160986
3.326007
2.981979
3.044873
3.038336
3.124481
3.168658
3.135590
3.032095
3.133856
2.958565
3.269583
3.064683
3.016874
3.029320
3.076339
3.003918
3.042877
3.048682
3.302480
2.947260
2.882793
3.141045
3.136270
3.004614
3.138815
2.948745
3.487252
3.253578
2.959301
2.969898
3.121518
3.132080
3.067678
3.048031
3.007035
2.993141
2.981452
3.162386
3.190434
2.946759
3.097961
3.156952
3.053835
3.083381
2.970221
3.014633
3.164627
3.058911
2.910969
3.105233
3.316340
3.187602
3.171521
3.052803
3.032306
2.874293
3.174070
3.046680
3.407252
3.384541
2.921435
2.999729
3.108117
3.060369
3.146519
3.282185
3.113827
3.036710
2.959226
2.899648
3.105104
3.124388
3.023938
3.272286
3.098395
2.997927
2.940904
3.006873
2.988085
2.797688
3.250746
3.057991
3.212570
2.972569
3.011979
3.243005
3.137936
3.053570
3.081642
3.101825
2.980566
3.179325
3.091744
3.064658
3.033876
2.959046
3.089995
3.092206
3.035273
3.136762
2.954929
2.909941
3.105501
2.940034
3.025563
2.903228
3.327800
2.963119
2.931400
3.307107
2.975405
3.202186
3.130238
3.012176
3.094150
3.088995
3.134963
3.186973
3.027949
3.190505
3.043218
3.161738
2.940756
3.001329
3.115217
3.063594
3.036729
2.934212
2.979919
3.074339
3.104025
3.013818
3.137034
2.967848
2.958269
3.042408
3.034578
3.177389
3.172117
3.169362
2.956303
3.138283
2.976543
3.273380
3.118345
2.986618
3.169083
3.093413
2.986037
3.128596
3.201535
3.186340
3.054267
3.159978
3.404079
2.964538
2.936680
3.210199
3.047360
2.974240
3.006064
3.060170
3.136656
3.050632
2.997966
3.199345
3.150289
2.951221
3.172264
2.921918
2.932236
3.324135
3.036058
3.124539
3.060658
3.029018
3.102668
3.318190
3.117933
3.087710
3.007685
3.111465
3.046417
2.931651
3.198575
2.967908
3.003598
3.044877
3.124133
2.951904
3.111077
3.082997
2.999849
3.180655
3.211264
3.141531
2.965918
3.038397
3.287834
3.000994
3.110373
3.072657
3.126120
3.126187
2.931444
3.016071
3.107763
2.951194
3.129906
3.117461
3.117782
2.979467
3.176973
3.122719
2.923727
2.996707
3.216399
3.115395
3.018097
3.017989
3.135945
3.084636
3.095094
2.900072
3.064849
3.061371
3.266205
3.078114
3.097470
2.973755
3.127393
2.989438
3.058326
3.148191
3.030494
3.248477
3.196697
3.126272
3.082870
3.057340
3.068343
3.133608
3.021990
2.944588
3.416883
3.153182
2.995036
2.931833
2.993460
3.058922
3.094872
3.013433
3.010323
3.105202
3.168910
3.162607
3.104407
3.041357
3.193835
3.114054
3.002940
3.251618
3.021268
3.074145
3.059243
2.991797
3.158948
3.429047
3.151674
3.022943
2.946814
3.074496
2.983637
3.093389
3.327483
2.999272
2.949304
3.139446
2.967868
3.087855
3.159465
3.105623
3.023853
3.082734
3.149797
3.113867
3.087886
3.076168
3.022382
3.029519
2.962682
3.121626
3.087698
2.924406
3.280227
3.113406
2.949958
2.956077
3.137399
3.005834
3.081179
2.935406
2.852698
3.016589
3.338949
2.867737
3.214916
3.048484
3.032226
3.189080
2.998072
3.170521
3.163995
3.118131
3.299473
3.172850
3.111378
2.997650
3.060097
3.031873
2.959296
3.259112
3.039913
3.025370
3.119833
3.040069
3.107246
3.194897
3.050318
2.876449
3.083126
2.955512
3.104972
3.112563
3.012906
2.977222
3.192183
3.042876
3.214927
3.139041
3.007560
3.007666
3.048604
2.998267
3.022041
3.045826
3.028942
2.994803
3.001824
3.010721
3.135595
3.027775
3.185086
2.966069
2.997623
3.134777
3.107372
3.074562
2.966796
2.952856
3.178904
2.961313
3.388245
3.164399
3.039875
2.961978
3.085638
3.227702
3.007275
3.389720
3.098619
2.905896
3.144970
3.030550
3.037425
2.998919
3.137402
3.264022
3.154542
3.162473
3.174498
3.211685
3.212994
3.106682
3.080060
3.098277
3.037464
3.024023
3.016018
3.215432
3.080365
3.267601
3.143723
3.038229
3.097956
3.028219
3.037111
3.130416
3.101740
3.094238
3.085681
3.080354
3.151004
3.067439
3.016260
3.123083
3.170022
3.289522
3.058943
3.135009
3.155380
3.183885
2.927369
3.019749
3.297162
3.002736
3.133958
3.114097
3.023020
3.068844
3.250405
3.051066
2.961906
3.133271
3.069845
2.980781
3.097297
3.267763
3.033003
3.130619
3.051322
3.129006
2.979289
3.053725
2.971629
3.050499
3.115062
3.082003
3.047026
3.135753
3.239730
2.928987
2.951985
3.093115
3.184527
3.010992
3.045755
3.100054
3.281369
3.058824
3.193292
2.972658
3.194042
3.154806
3.213391
3.078989
3.042801
3.073781
3.183233
3.218045
3.138869
3.011224
3.229931
3.046677
2.970560
3.231321
3.193827
3.136231
3.029240
3.004463
3.063665
2.939844
3.151106
3.223069
3.046890
2.944007
3.091634
3.000969
3.173281
3.138236
3.115652
3.140267
3.160568
3.089728
3.049178
2.974370
3.198361
3.113573
3.090505
3.067929
2.994173
3.299137
3.042979
3.118151
2.989818
2.962256
3.139192
3.173731
3.049917
3.001282
3.005508
3.184970
2.998933
3.307834
3.002938
2.981138
3.253864
3.116768
3.247424
3.050264
3.135623
3.301744
3.204756
3.088881
3.026099
3.004415
3.299829
3.198254
3.068584
3.367760
2.842455
3.085346
2.917993
3.056809
2.994181
3.404754
3.112930
2.998129
3.148625
3.016579
2.976247
3.260694
3.110590
2.993323
3.085173
3.009874
3.003472
3.219631
3.271311
2.964953
3.024778
3.437463
3.064991
2.970513
3.247928
3.343275
3.176280
2.988251
2.915374
3.136517
2.905878
3.088376
3.036475
2.986717
2.994278
3.059087
3.307683
3.198042
3.115196
3.071395
3.034049
3.002267
3.192405
3.031180
3.010789
3.034022
3.106145
2.967439
3.055134
2.888076
3.348406
3.191263
3.204041
3.103615
2.997195
2.952118
3.240070
2.962016
2.866964
3.010048
2.980850
3.147153
3.197211
3.053373
2.994240
3.070666
3.384994
2.998385
3.055213
2.989513
3.047744
3.055469
3.021942
2.980335
2.946856
3.237981
3.194595
2.954393
3.036333
3.105046
2.943914
2.923382
3.085372
3.162830
3.097034
3.000848
3.118301
2.969318
3.254166
2.974345
2.971664
3.147855
3.031703
3.350939
3.197821
3.075376
2.956331
3.285798
2.884393
2.956981
3.145845
3.232964
3.068033
2.999321
3.240707
2.957440
3.124207
3.116124
3.406440
3.109668
2.944163
3.101668
3.086336
3.022279
2.987063
2.936431
3.193572
3.131141
3.191920
3.023283
3.259682
3.221737
2.987464
3.066112
3.301473
3.120654
3.071548
3.034915
3.109778
2.989646
3.028444
3.124136
3.199858
3.085904
3.170229
3.144750
2.924079
3.270914
3.112236
3.120598
3.005101
3.172798
3.058461
3.103016
3.014756
2.982008
2.970131
3.294802
3.125948
3.035286
3.109877
3.059401
3.108386
3.107913
2.916792
3.039795
3.007355
3.146746
3.041023
3.113094
3.196796
3.103417
3.051466
2.997068
3.087373
3.332879
3.161312
2.948952
2.878340
3.322276
3.078260
3.185032
3.104873
3.033044
2.987976
3.043199
3.125125
3.001977
2.993405
2.922674
3.095515
3.092392
2.978102
2.876306
3.007734
3.060163
3.177937
3.000804
3.013072
3.145282
3.149762
2.956431
3.001620
3.191636
3.113578
3.044994
3.205582
3.086541
2.956533
3.159702
2.940246
3.000450
3.102930
2.890689
3.021137
3.133218
3.055518
2.979170
3.257127
3.023646
3.100098
3.307712
3.118009
3.248669
3.014356
3.224318
3.001952
3.243356
3.114420
2.963841
2.981111
2.999351
3.038074
3.044633
3.157217
3.090269
2.941677
3.368342
3.139644
3.260165
3.099923
3.297331
3.106209
3.105477
3.220250
3.053772
3.064606
3.049007
3.045581
3.019003
3.107271
3.191577
2.948815
3.205961
3.180209
3.025682
2.975473
3.437829
3.040340
2.985329
3.258020
3.068230
3.059432
3.078534
2.969402
3.292573
2.966217
2.886905
3.095020
3.039642
3.110199
3.246251
2.919385
3.120626
2.981762
3.038576
3.080365
3.133680
2.846604
3.248766
3.077947
2.998196
3.074876
3.489364
2.973931
3.157091
3.326388
2.972760
3.017320
3.089916
2.994574
3.043631
3.093925
3.030709
3.022095
3.291770
3.242037
2.927764
3.011985
3.055682
2.998508
2.977208
3.212857
2.967372
3.062102
3.214221
3.058680
3.176111
3.063948
3.036540
3.148612
3.061499
3.009103
3.230349
3.153894
3.312719
2.872541
3.137374
2.951457
3.197203
3.035740
3.141063
2.992635
2.976835
3.086669
3.139823
3.247169
2.987184
3.194645
3.138793
3.198109
2.979467
3.269764
2.944587
3.268551
2.968513
3.007351
3.236567
3.139743
3.140231
3.057822
3.193124
3.114761
3.030361
3.172038
3.029377
2.877254
2.984152
3.217294
3.057748
3.050731
3.011860
3.153500
3.127305
2.972407
2.998706
3.221115
2.933258
3.219058
3.090132
3.138018
3.115210
3.036936
2.905942
2.977738
3.183994
3.084604
3.159189
3.221329
3.079966
2.971483
3.062363
3.074541
3.100643
3.180706
3.132147
3.191397
2.911000
3.162791
3.247459
3.162452
3.067715
2.954418
3.282128
3.015988
2.971579
3.054137
3.032134
3.102437
2.938010
3.463222
3.152252
2.888923
2.998431
3.166045
2.987509
3.161363
3.058628
3.170020
3.117852
3.006258
3.056507
3.204627
3.038430
3.155220
2.957776
2.998388
3.191939
2.949067
3.089369
3.080575
3.025847
3.401148
3.023076
3.061998
3.111963
3.013320
2.949303
3.209932
2.951126
3.053459
2.988910
3.053625
3.140199
3.332604
2.990360
3.179107
2.965049
3.002725
3.028140
3.109631
2.933416
3.080492
2.966993
3.040581
3.229279
3.325956
3.208909
3.150558
3.050634
2.975104
3.001382
3.034646
3.132693
3.047847
3.029198
3.026519
3.002177
3.015525
3.463123
2.988810
3.187583
3.100778
3.118096
2.984713
3.188631
3.150812
3.246082
3.001118
2.987913
3.043511
3.066302
3.019242
3.282821
3.146778
3.085815
3.076205
3.051103
3.088823
3.097537
3.331859
2.907634
3.099407
3.194358
2.845058
3.307593
3.105545
3.032042
3.046761
3.430494
2.994374
3.113215
3.045555
3.178287
2.991607
3.154698
3.039997
3.030128
3.106430
2.997346
3.196704
3.051510
3.051394
3.138945
3.010756
2.998985
3.066165
3.177560
3.089827
2.853415
3.227384
3.043449
2.948950
3.137354
3.006551
3.322510
3.090991
3.056942
3.008811
3.086557
3.195609
2.935904
3.064862
2.918400
3.161932
3.076332
3.154724
2.955007
3.311408
3.030043
3.163166
3.118823
3.060228
2.863777
2.971858
3.009823
3.037165
3.110693
3.243393
2.965909
3.173246
3.109975
3.052052
3.364554
3.004526
3.050710
2.883732
2.955398
3.179532
3.435048
2.884286
2.943167
3.382639
3.144121
3.106003
3.131596
3.268403
3.027806
3.282051
3.037084
3.055851
2.807991
3.012128
3.110940
3.207039
3.097231
3.039303
3.150381
3.054506
3.120792
3.070229
3.176850
3.291674
2.981643
3.111050
3.052628
3.064030
3.216528
3.099481
2.993811
3.181011
3.045461
3.191489
3.229157
3.006896
3.217489
3.109517
3.073111
3.074905
2.965573
3.078307
3.121143
3.109779
3.036477
3.127328
3.151570
3.119403
3.054917
3.001243
3.319654
2.991896
3.019722
3.194831
2.997612
3.156948
3.081544
3.100788
3.069798
3.114664
3.037618
3.360247
2.926609
2.999909
3.065723
2.952050
3.162206
2.941692
3.086365
2.958681
3.076712
3.306702
2.992617
3.190244
3.119714
3.187957
2.977034
3.001631
3.119867
3.037186
2.911212
3.099634
3.079689
3.043368
3.174610
2.932426
3.241960
3.114005
3.083457
3.123247
3.001557
2.991296
3.094121
3.246163
3.083897
3.106315
2.987541
3.029408
3.173134
3.052737
3.126497
2.966121
3.113873
3.054995
3.025463
3.160166
3.134767
2.997133
2.961167
3.135873
2.990477
3.155259
3.020302
3.157217
3.076538
3.160343
3.259060
3.085964
2.995257
3.157336
3.417806
2.953321
3.165810
3.082714
3.126625
3.097878
3.072265
3.002554
3.100889
3.044738
3.187978
3.026836
3.128545
3.011150
3.014238
3.138501
3.113954
3.005959
3.043486
3.068826
3.265799
2.982062
3.048813
3.221420
3.152947
2.895568
3.136752
3.002091
3.355841
3.031759
3.047548
3.062920
3.113469
3.078042
2.909449
2.974657
3.155014
3.078137
3.112403
3.013314
3.019824
3.212247
2.967014
3.075659
3.059659
2.942172
3.069914
3.079511
3.039099
3.109137
2.973022
3.030211
3.024970
3.050002
3.109886
3.060009
3.049702
3.407943
3.092222
3.072628
3.167005
3.024650
3.044306
2.989583
3.062427
3.153513
3.156371
3.026791
2.949941
3.101366
3.104334
3.038489
3.255361
3.084839
3.137212
3.040024
3.252041
3.086871
2.983453
2.960167
3.339633
2.900884
3.049554
3.036867
3.174656
2.948963
3.004565
3.383596
2.981642
2.961911
3.126956
3.164650
3.015002
3.006195
3.202183
3.056107
2.909064
3.084755
3.089270
2.978574
3.053594
3.009481
3.155484
3.122767
2.928362
2.951563
3.129735
2.947223
3.133467
3.144895
2.993326
2.914068
3.170516
3.223203
2.944028
3.044858
3.002022
2.950608
3.249718
3.024222
3.015756
3.010965
3.065985
3.225280
3.100861
3.093794
2.996841
3.211813
3.083225
3.004214
3.224873
3.176453
3.207446
3.002039
3.052842
2.904846
3.016463
3.305386
3.292367
3.063744
3.034620
3.047939
2.926752
2.943838
3.124665
3.086893
3.386155
3.334827
3.035678
3.176853
3.194767
2.964702
3.000254
3.195668
3.315659
3.171754
3.076672
2.952720
3.144573
3.241470
3.186804
2.984786
2.978208
3.050541
3.006321
3.185587
2.983105
3.031456
3.035271
3.020796
2.991980
3.245606
3.095954
3.101362
3.027970
2.935657
3.036955
3.285015
2.897146
3.158212
3.010894
2.983724
3.181219
2.894781
2.999790
3.220373
3.127466
2.908402
3.176217
3.155954
3.089154
3.013040
3.084330
2.933367
3.209336
3.146757
3.023528
3.079908
3.107783
2.953600
2.939350
3.137270
3.127113
2.972923
3.133556
3.163473
3.048452
3.093709
3.178533
3.042045
3.046142
2.990754
3.011347
3.021628
2.964457
3.310300
3.067573
3.077300
3.136174
2.900646
3.077999
3.024150
3.208337
2.926020
2.995042
3.042125
3.014417
3.012397
3.096793
3.124080
3.182226
3.071239
3.042239
2.993704
3.252643
2.941277
3.202252
3.063207
3.159106
3.096981
3.261110
3.060276
3.097284
3.370778
2.987826
3.081312
3.028873
3.060961
3.164110
3.162350
3.018884
2.903902
3.046801
2.994032
3.068980
3.239180
3.045001
3.183038
3.058275
3.060122
3.062154
3.056269
3.262815
2.988324
2.993458
3.123625
3.174077
3.125156
3.076942
3.023148
3.000752
3.041583
3.029247
3.257997
3.145430
2.936156
3.088316
3.133196
3.030873
3.033585
3.008260
3.037420
3.124454
3.194760
3.051657
3.175582
3.195686
3.256326
3.102974
3.111773
3.100461
3.033560
3.176870
2.962056
3.099636
3.097175
3.117168
3.154047
3.440853
3.079526
3.005420
3.162992
3.171210
3.165291
2.959426
3.140065
2.946326
3.112400
3.022827
3.085047
3.067439
3.245220
3.014066
3.084767
2.966529
3.103200
2.989980
2.965292
3.021546
3.074715
3.026149
3.217625
3.088026
3.046270
3.156687
3.003431
3.256060
3.177220
3.119204
3.075101
3.008414
3.069909
3.057980
3.189256
3.096041
3.227346
3.036851
2.865297
3.277847
3.243726
3.221437
3.072914
3.055045
2.925241
2.996516
3.090510
3.095312
3.014817
3.221356
3.058128
3.126394
3.197878
3.033080
3.356348
3.141560
3.164577
3.071394
3.070126
2.938210
3.226036
3.108187
3.107124
3.031939
3.015766
3.019574
3.124700
3.009407
2.947567
3.079306
3.156802
3.169851
3.188323
3.142121
3.162436
3.106286
3.166536
3.076637
3.086262
3.084911
3.109533
2.994427
3.059305
3.200870
3.088609
3.087364
3.057283
3.115677
3.113265
3.113121
3.053932
3.174273
3.127402
3.120475
2.982740
3.026051
3.069060
3.051380
3.137262
3.154886
3.046720
3.155040
3.178352
3.005939
3.077105
3.021584
3.103268
3.212388
3.027685
3.087925
2.924844
2.941575
3.076690
3.045902
2.965329
3.017531
2.983655
3.251716
2.990061
3.227323
3.077806
3.041009
3.000616
3.093017
3.022869
3.053894
2.995687
3.004414
3.056958
3.207913
3.037877
3.011237
2.995654
3.087686
3.328864
3.247568
2.861864
3.076982
2.986498
3.025025
3.056355
3.361492
3.054455
3.004215
2.802223
3.395464
2.930587
3.122498
3.124533
2.929596
3.065905
3.161423
3.188677
2.998552
3.010398
3.107024
3.034330
2.975445
3.011190
3.457708
3.109806
2.950066
3.075447
3.149635
2.998134
3.136206
3.014996
3.186958
3.200751
3.010581
3.090231
3.014819
3.013389
3.150603
3.117265
3.145519
3.019831
3.210873
2.887891
3.292621
3.037805
3.330368
2.986165
3.015003
3.040379
3.031349
3.143314
2.944003
3.173827
2.886005
3.155479
3.129867
3.163674
2.949765
3.056940
3.264441
3.186403
3.305121
3.033108
3.052030
3.155287
3.176928
3.268937
2.885441
3.089531
3.144189
2.908874
3.295445
3.004722
3.153066
3.044886
3.103400
2.891144
2.914125
3.168174
3.070587
3.163048
3.108888
3.138804
3.104252
3.158717
3.356392
2.945167
3.107762
3.229273
3.013677
3.115098
3.056222
2.922562
3.087084
3.142783
3.039900
3.223788
3.033949
2.999750
3.054821
3.021007
2.971400
3.258254
3.250071
3.011513
3.103342
3.067637
3.039048
2.951166
3.136169
3.234236
3.216562
3.194823
3.029467
2.936979
3.017591
3.138731
3.084932
3.135434
3.151021
3.183102
3.214010
3.016774
3.129379
3.117007
2.988952
3.219710
2.961153
3.240524
2.971314
3.007952
3.007482
3.208048
3.099699
3.015365
3.011934
3.010764
3.184204
3.056139
3.118897
3.124550
3.192321
3.075301
3.027820
3.229399
3.232803
3.111089
2.933203
3.064010
3.021493
3.114315
3.200469
2.954100
3.152705
3.222199
3.056835
3.040511
3.011843
3.105641
3.128568
3.011026
3.306262
3.177654
3.048491
3.077643
3.039424
2.954240
3.063506
3.037559
2.973311
3.001831
3.162863
3.109624
2.970271
3.063867
3.036050
3.018906
3.093199
2.945194
2.982703
2.973200
3.092294
2.985527
2.975525
3.005781
3.158782
3.095375
3.038423
3.215272
3.002204
3.211814
3.335505
2.996766
2.962138
3.087502
2.993363
3.082211
2.924768
3.094176
3.130498
2.909351
3.208536
3.214113
3.128351
3.012105
3.126194
3.242898
2.970627
3.048672
3.290397
3.019442
3.103512
3.020732
2.975634
3.097697
3.195930
3.174741
3.017870
3.064446
3.042114
2.922629
3.286349
3.134758
3.053097
3.044600
3.154914
2.994280
3.085879
3.188477
3.077577
2.983808
2.988439
3.004998
3.138709
3.339435
3.063219
3.022386
2.999460
2.940847
3.219524
3.191864
3.064009
3.103237
3.221344
3.022334
2.981961
3.010876
3.050200
3.190423
3.000025
3.045312
3.113290
3.051546
3.061947
2.980953
3.198534
3.157366
3.357433
3.105049
3.261115
3.026386
3.059039
2.919951
3.116483
3.209785
3.239302
3.026358
3.082242
3.006504
2.949546
3.067818
3.231497
3.062089
2.976700
3.111765
3.096455
3.004554
2.940922
2.947175
3.047479
3.010947
3.165344
3.085233
3.129871
3.009226
3.222427
3.032216
3.136191
3.097043
3.125611
2.983137
2.954461
3.155153
3.436024
3.245937
3.045421
3.000715
3.024202
2.949542
3.081387
2.980479
3.200290
2.985030
2.880868
3.005583
3.093043
3.000889
3.155624
2.960334
2.983438
3.424633
3.143003
2.991497
2.985386
3.056911
3.289966
2.954136
3.219880
2.975223
2.992356
3.294910
3.322221
3.382990
2.848988
3.004703
2.990617
3.225339
3.152285
3.045930
3.019948
3.024263
3.063653
2.917371
3.027091
3.335083
3.072149
3.155046
3.203015
3.148335
3.006631
3.085911
3.239676
3.106427
3.008272
2.948613
3.176587
3.089937
3.175757
3.228091
3.067190
3.155303
3.046701
3.058627
2.980526
3.094909
2.961691
2.927387
3.054453
3.045614
2.998503
3.266822
3.231244
3.308749
3.301637
3.025705
3.186176
3.063316
3.115184
3.000957
3.110426
3.071469
2.969805
3.177757
3.058675
3.024095
2.895034
3.115508
2.856494
3.183805
3.108669
3.139430
3.052075
3.046530
3.354825
3.002195
3.157033
3.146248
3.131698
3.076218
2.983379
3.107764
3.037557
3.114771
3.138693
3.008509
3.113354
3.119101
3.019589
2.972962
3.078682
3.119310
3.115299
3.082456
3.072034
3.158750
3.081082
3.087802
3.020412
2.938443
3.075907
3.260909
2.969028
3.168725
2.968763
3.142216
3.022882
3.009271
3.008933
3.030352
2.955604
3.187223
3.091814
3.046219
3.094032
2.991314
2.984180
3.213946
3.171591
3.058401
2.923069
3.183216
3.014268
2.903801
3.112096
3.061827
2.982437
3.093635
3.141869
2.988714
3.016853
3.256082
2.881174
3.074757
3.131314
3.137708
3.085591
3.029804
3.048659
2.993542
3.135338
3.036623
3.192826
3.048296
3.063051
3.221416
3.061896
3.086553
3.042809
3.095502
2.998301
2.980474
3.067668
2.946775
3.163340
3.036435
2.990533
3.322976
3.124411
2.996122
3.185452
3.058669
3.110697
2.975411
3.152329
3.081958
3.019931
3.099284
3.062872
2.928179
3.195329
3.107828
3.315178
3.048579
2.974762
3.172053
3.176961
3.048772
3.160438
3.061900
3.058755
3.058534
3.059851
3.144650
3.042293
3.068586
3.254002
2.992414
3.014579
3.278268
2.857509
3.222898
3.185610
3.069012
3.202619
3.091931
3.061349
3.022255
2.894454
3.330995
2.971261
3.069190
3.010485
3.087621
3.051781
3.099554
2.997268
3.026306
3.080635
2.988696
3.029218
3.044088
3.085305
3.018386
3.090315
3.014230
3.320179
3.008508
3.046870
3.051132
3.203499
3.151438
3.131833
2.916372
3.151853
3.057139
3.365360
3.031147
3.128047
2.955042
3.066796
3.067143
3.097990
3.273862
3.182383
3.107689
3.147134
3.047581
3.109605
3.017657
3.051298
3.088179
3.040609
3.025610
3.148877
3.334244
2.987136
3.027894
3.167886
3.255188
3.206795
3.080480
3.023247
2.962471
3.099276
3.258865
3.146774
3.079952
2.982012
3.286358
3.220725
2.989867
3.213567
2.997949
3.100943
2.915107
3.126422
3.125590
2.927049
2.989393
3.157099
3.165211
3.066450
3.156080
3.110920
3.354747
2.943263
2.978681
3.304082
3.208399
3.073551
3.126563
3.039732
3.087165
3.270261
2.984251
2.998111
3.092779
3.088801
3.207673
2.946554
3.140286
3.072721
3.094724
2.951433
3.066318
3.080224
3.153635
3.099018
3.009466
3.140559
3.176553
2.982508
2.893569
3.067895
3.144070
3.143599
3.224732
2.994765
3.000683
3.042747
3.172215
3.123327
3.088557
3.138972
3.085142
3.302203
2.973471
3.169302
3.125308
3.099335
3.292907
3.153142
3.113309
3.026492
3.075016
3.152596
2.923247
2.991459
3.087794
2.988247
3.348892
3.135375
2.962402
3.150450
3.256094
3.110490
3.079738
3.037966
3.222775
3.144571
3.328377
3.098395
3.108612
3.217470
3.082779
3.099481
3.070737
2.985334
2.813854
3.074007
3.076142
3.127529
3.019803
3.332753
3.107120
2.955743
3.248331
3.151456
3.057558
3.037933
3.176358
3.062812
3.044327
3.030017
3.017116
3.016538
3.033636
3.178660
3.241247
2.918659
3.281707
3.204962
2.976414
3.044701
3.183890
3.048032
3.271937
3.056906
3.258842
3.104901
2.996069
3.065349
3.107177
2.817855
3.124305
3.020026
3.065830
2.953322
3.314611
3.188719
3.264621
3.029044
3.152153
2.924210
2.983062
3.019873
3.032806
3.360728
2.940025
3.061651
3.272164
3.054416
2.988214
3.170574
2.914875
3.241600
2.895899
3.077829
2.927639
3.275374
2.993593
2.903898
3.060080
3.086844
2.908294
3.152640
3.119892
3.024118
3.021981
3.097641
3.206691
2.940011
3.095861
3.027632
3.137893
2.978696
2.994579
2.994688
3.059920
3.139470
3.000138
3.106130
3.110527
2.979328
3.005256
3.151311
3.086939
3.035410
3.078970
3.053472
3.197792
3.110649
3.129249
2.940484
3.004727
3.002449
3.031129
3.117253
3.034925
3.064787
3.077773
3.107310
3.059172
3.362775
3.099393
3.010400
3.151695
2.987832
3.044558
3.126799
2.972995
3.007555
3.043447
3.002449
3.241268
3.074621
3.195893
3.020949
3.235683
2.866934
3.099219
3.167232
3.014631
3.045422
3.170276
3.230027
3.007383
2.956010
3.226526
3.377816
3.194123
3.051029
3.093723
3.060631
3.077785
3.242000
3.027699
3.047081
3.019417
3.165970
3.230174
3.136467
3.020129
2.942025
3.222190
2.936691
2.940803
3.165494
3.309837
3.096488
3.100310
3.020345
2.966079
3.041867
3.099514
3.188088
3.023151
2.964246
3.184560
3.181486
3.077720
3.064218
3.071920
3.020292
2.993050
3.199098
3.095668
3.093236
3.084711
3.041702
3.154758
3.109780
3.009118
3.037944
3.022884
3.132888
3.119206
3.044035
2.957055
3.087188
3.028049
3.085964
3.252345
3.092107
2.984685
2.958821
3.012090
2.956751
3.184272
3.010105
3.094171
3.053638
3.226545
3.106443
2.994682
2.913065
3.236281
3.085117
3.120895
3.127460
2.953078
3.051605
3.164512
3.037954
2.999370
3.161434
3.001187
2.913370
2.995507
3.384691
3.075864
3.056969
3.150387
3.042886
2.999420
3.177674
3.091048
3.343237
2.906275
2.969772
3.172055
2.966818
3.029704
3.094356
3.161641
2.994155
3.157561
3.154177
3.099361
2.970010
2.868575
3.178827
2.998192
3.308475
3.268874
2.974722
3.040683
3.232547
2.949092
3.133143
3.159518
2.922720
3.335079
3.096587
3.115514
3.226857
3.200508
3.120426
3.041067
3.063520
3.199502
3.236608
3.137997
3.268706
3.094349
2.988825
3.153749
3.042655
3.200930
3.179760
3.046185
2.967499
3.137269
3.101724
3.063125
3.066216
3.016005
3.424122
3.269167
2.998359
3.136010
2.937251
3.174396
2.990748
3.179076
2.969242
3.126606
2.961565
3.097221
2.914144
3.064914
2.985427
2.995701
3.404820
3.006597
2.936338
3.037237
3.111178
3.002212
3.096785
2.959226
3.154082
3.080857
3.406584
3.155845
2.923430
3.020312
3.005244
3.292237
3.086694
3.103977
3.011896
3.036789
3.091980
3.236394
3.194489
3.038802
3.341517
3.191551
3.079811
3.024583
3.067715
3.228576
3.128315
3.038811
2.987019
3.134824
3.108606
3.134452
3.086190
3.153902
2.980539
3.069150
3.154233
3.040169
3.039410
3.054491
3.060478
3.077349
3.160209
2.952384
3.063292
2.973148
2.968936
3.047527
3.116460
3.027298
3.192938
2.929865
3.238274
3.079675
3.073647
3.140791
3.024174
3.155829
3.005856
3.028227
2.950840
2.991375
3.004444
2.969788
3.082875
2.983448
2.933302
3.100413
3.324794
3.290018
2.831765
3.022858
3.036808
2.955634
3.147867
2.926301
3.093237
3.180605
3.124577
3.090653
3.030606
2.999967
3.069084
3.012855
3.213649
3.080438
3.047371
3.046592
3.000528
3.064136
3.184749
2.808345
3.269968
3.084667
3.001677
3.063523
3.085774
2.983466
2.979527
3.236031
3.126683
3.039178
3.365519
3.393067
3.219196
3.089596
3.110950
3.033735
3.190505
2.916203
3.146579
3.026166
3.060653
3.020829
3.028029
2.991420
3.025236
3.114434
3.200204
3.074291
2.994829
3.028158
3.072240
3.274187
3.204473
3.155726
3.024806
3.126253
2.976111
3.108681
3.070849
2.958389
3.179137
2.960300
2.988800
3.008924
2.991441
2.965552
3.269430
3.202467
3.076913
3.093091
3.107099
3.163611
3.093182
3.004446
3.100759
3.189427
3.016729
3.025691
3.033451
3.070326
2.909353
2.995255
3.295514
3.061391
3.068689
3.093122
3.395286
3.029553
3.200925
3.026957
3.248266
3.020530
3.076262
3.017773
3.274132
3.065578
3.023501
2.983446
3.033432
3.025967
3.291490
3.166119
3.024024
3.076575
3.202364
3.093389
2.956707
3.186162
3.159085
3.084653
3.063468
3.007005
3.051902
3.115813
2.871999
3.233347
3.402568
3.066799
2.938576
3.027357
2.897335
3.150536
3.023347
3.234765
3.007447
3.081607
3.240939
3.069151
3.045776
3.092144
3.139612
3.024945
3.153218
3.215756
3.062039
3.097171
3.123575
2.981011
3.040754
2.964761
3.178829
3.101302
3.035937
3.315131
3.087333
3.025197
3.153286
3.060549
3.065428
3.015020
2.982176
3.136558
3.144024
2.976131
3.100182
3.208528
3.301905
2.894323
3.051991
3.130537
3.004553
3.276321
3.151659
3.124430
3.010786
3.026422
3.153733
3.069898
3.059515
3.309716
3.064955
3.039854
3.067807
3.158758
3.172860
3.029999
3.108620
3.036989
3.019332
3.095954
3.141086
3.153850
3.098269
2.936740
3.065111
3.097586
2.995289
3.294806
3.123280
3.224635
3.026519
2.988577
3.049262
3.091921
2.953652
3.427618
2.933675
3.087014
2.978201
3.047948
3.004782
3.123446
3.149807
3.152346
3.285799
3.127951
3.245394
3.051275
3.248940
3.016675
3.156177
3.215362
3.088516
2.925965
2.987556
3.002709
3.067932
2.911623
3.097934
3.235490
3.031706
3.129746
3.289601
3.125477
3.164113
3.246384
3.068054
3.040036
3.170944
3.041375
3.060587
3.242997
3.053343
2.950513
3.334867
3.012070
3.050265
3.073403
3.115557
3.060031
3.120448
3.112600
3.024110
3.117601
3.098823
3.239726
3.084091
3.062176
3.023770
3.149050
3.059585
3.107037
3.211753
3.029859
3.083213
3.124479
3.074755
3.018652
2.956437
3.156728
3.090292
3.078193
3.128562
2.976658
3.059280
3.041876
2.920558
3.038662
3.304171
3.281462
2.953712
3.378120
3.266304
3.011873
2.852570
3.240471
3.195342
3.042465
3.167159
3.272034
2.915754
3.108834
3.099373
3.174585
3.035098
3.038960
3.088558
3.046612
3.077886
2.964280
3.022662
3.084710
3.138573
2.953558
3.057473
3.045125
3.166052
2.994531
3.160317
3.105437
3.092762
3.025449
3.041051
3.027132
2.927273
2.937208
3.387466
2.958693
2.990694
2.893361
3.249549
3.060181
3.158962
3.016423
3.078266
3.060379
2.963351
3.370467
3.035106
3.080110
3.087900
3.078007
2.931518
3.113021
2.959729
3.088509
3.029631
2.990119
2.974884
2.986557
3.122526
2.940722
3.197932
2.915865
3.270900
3.079669
3.114760
3.051754
3.250308
3.135920
3.185992
3.015516
3.097578
3.035527
3.259762
3.227151
3.171063
3.067510
3.110735
3.117227
3.189604
2.997957
3.166456
3.420676
3.100047
3.055752
3.227564
3.120180
2.970659
3.182297
3.001878
3.110555
3.319230
3.079045
3.332363
3.060839
3.042432
3.002352
3.113024
3.028294
3.041750
2.962467
2.996480
3.158269
3.115824
3.057846
3.052232
3.018277
3.198672
3.079347
3.075281
3.031900
3.253012
2.992098
3.018885
3.042948
2.983590
3.150907
3.053678
3.269811
3.239326
3.022375
3.285471
3.195617
3.132289
3.206548
2.971720
3.029755
3.029597
3.151247
3.019951
3.246537
3.052512
3.227004
3.066446
3.030869
3.135792
3.073104
3.028444
3.245680
2.975151
2.951105
3.003522
3.251669
3.193535
3.047775
3.204783
3.147959
2.989966
3.189398
3.202818
3.007228
3.058460
3.334131
3.071363
2.963573
2.936454
2.913884
2.935447
3.103253
3.036286
3.056822
3.119956
3.193195
2.977815
3.133656
3.382710
2.972955
3.029754
3.115940
3.141692
3.005390
3.121260
3.024226
3.102767
3.004465
3.048274
3.074905
3.076602
3.025990
2.979283
3.199446
3.088834
3.038306
3.013334
2.986049
3.167275
3.190915
2.971863
2.901849
3.048069
3.212748
3.125791
3.154775
3.049914
3.038589
3.056840
3.017264
2.919645
3.350341
3.083969
3.003122
3.006578
3.080550
3.118360
2.988392
3.208413
3.039703
3.003003
2.998364
3.181366
2.897977
3.127236
3.057048
3.186795
3.133630
3.045439
3.305914
2.981098
3.213811
3.029664
3.220306
3.064416
2.992665
3.152656
3.011986
3.250869
3.202702
3.001555
3.219065
3.047777
2.986033
2.997680
3.190212
3.227163
3.159511
3.249314
3.160508
2.937577
3.054491
3.000056
3.166730
3.079555
3.162654
3.051322
2.978008
2.977318
3.104453
2.995010
3.218180
2.996202
3.040781
3.073862
3.119608
3.080779
2.950964
3.168508
2.949088
3.144668
3.109843
3.122793
2.866211
3.250679
3.128557
3.136221
3.030643
3.021123
3.180709
3.118606
2.954748
3.347538
2.974330
3.090543
2.937197
3.050529
3.044101
3.119065
3.083721
3.083996
3.072312
3.103217
3.047905
2.969138
3.102979
2.973282
2.977847
3.150780
3.148426
3.028953
3.311806
3.225733
2.959587
3.054594
2.941326
3.075673
2.942941
3.115207
3.057495
3.068300
3.021925
3.278009
3.066775
3.068484
3.225067
3.046865
3.224704
3.076664
3.017746
3.280799
3.079048
3.307850
3.083808
2.962147
3.390020
3.083391
3.093563
3.179834
2.958618
2.994689
2.991563
3.006562
3.049633
3.386799
3.054209
3.153849
2.977845
3.099173
3.230025
3.061601
3.126920
3.141139
3.000304
2.995150
3.110726
3.004493
3.038364
3.008768
3.040686
3.018601
3.021864
3.045107
3.054030
3.079544
3.033982
3.081813
3.209351
2.988056
3.360464
3.066407
3.015242
3.186653
3.026115
3.047331
2.972179
3.199234
3.201012
3.194193
3.139569
2.921492
3.241380
2.974335
3.214106
2.992353
3.055782
3.181443
3.018713
3.408971
3.217516
3.002386
3.148164
3.057820
3.074315
3.089172
3.045543
3.045156
3.079946
3.044510
3.075087
3.156824
3.134118
3.011754
3.086038
2.891550
3.093192
3.102061
3.179762
3.019006
3.183557
3.072293
3.021035
3.232867
3.075998
3.079429
2.963966
3.398707
3.242138
3.204942
2.953046
3.081586
2.977010
3.116102
3.091381
3.035492
3.192106
3.048183
3.231777
3.070154
3.136485
3.113115
3.429946
3.038184
3.146872
3.144956
3.069580
3.078175
2.911645
3.089840
3.014599
3.138553
3.086101
3.102284
3.014104
3.131016
3.158134
3.014075
3.055377
3.087477
3.025500
3.091090
2.966173
3.124200
3.109874
3.042303
3.053190
3.013006
3.206020
3.099063
3.246428
3.025943
3.157022
2.938969
3.120122
3.138251
3.031677
3.020511
3.081698
3.050220
3.009050
2.967473
2.972185
2.992163
2.851886
3.274452
2.986182
2.994589
3.018352
3.195552
3.042871
3.158987
3.133711
3.180761
3.254871
3.299777
3.191330
2.954130
3.053172
3.222152
2.981366
3.014575
3.171619
3.224739
3.091659
3.259357
3.076280
3.148871
2.960768
2.958656
3.149771
3.177530
3.194601
3.263164
3.050462
2.900373
3.175482
2.955232
3.248421
3.141315
3.003412
3.099120
2.999298
3.269147
3.093211
2.937089
2.997386
3.088377
3.133825
3.096939
3.163636
3.089560
3.114006
3.002550
3.125686
3.141094
3.065213
3.035293
3.106870
3.019069
3.074528
3.012452
3.115516
3.115090
3.123669
2.982260
3.101565
2.991597
3.050315
3.304684
3.103693
2.994184
3.081243
3.006932
3.068017
3.046647
3.012790
3.157213
3.129024
2.972438
3.111828
3.126506
3.081280
3.106914
3.349911
3.271016
2.989674
2.988607
3.002110
3.033236
3.002958
3.190326
2.984076
2.976963
3.286036
3.085570
3.171696
3.058270
3.146568
3.126675
3.036835
3.031396
2.939068
2.999433
3.063507
2.987061
3.081909
2.919906
3.074770
2.961394
3.088810
3.099985
3.075372
2.957885
3.077931
3.175274
3.127374
3.237197
3.085208
2.913668
2.990786
3.008985
3.037524
3.106497
2.993949
3.259159
3.072547
3.233197
2.991678
3.157218
3.355931
3.272613
2.971243
3.189821
2.906893
3.035009
3.288636
3.066503
3.050630
3.183973
2.998293
2.879374
3.173492
3.373398
3.097211
3.150944
3.119385
3.051798
3.082531
2.913302
2.951017
3.146396
3.148333
3.040913
3.028107
3.326101
2.987684
3.168489
3.077669
3.044657
3.231530
3.017365
3.204360
2.959331
3.149462
2.985933
2.988392
3.130832
3.195942
2.970074
3.038524
3.143618
3.127852
3.114208
3.041479
2.906534
3.041045
3.100008
3.030495
3.037287
2.972081
3.258351
2.977060
3.084558
3.324106
2.955023
3.548824
3.161907
3.028494
3.044260
3.022052
3.055138
3.024638
3.038537
3.182548
3.154426
3.180522
3.283141
3.107754
3.038383
3.097641
3.060040
3.296324
3.206265
2.960004
2.985491
3.087531
3.082157
3.210584
2.966843
3.049969
2.974583
3.113378
3.041714
3.119894
3.146317
3.010004
2.929237
3.169959
2.850486
3.072806
3.297249
3.068204
3.024204
2.986918
3.130736
2.970999
3.114436
3.074048
3.023607
3.174136
3.272043
2.955656
3.036473
3.236079
3.082734
3.199832
3.046604
3.013831
3.072157
3.040410
3.011749
3.132975
2.999990
2.966272
3.242741
3.093333
3.001303
3.345414
3.289254
3.014001
3.013516
3.365288
3.207426
2.943516
3.019016
3.167822
3.248867
3.145215
3.193779
3.116606
3.173037
3.361203
3.328019
3.072444
3.139037
2.920817
2.958366
3.123777
3.015449
3.010924
3.027142
3.162683
3.077134
3.008587
3.372130
2.987038
3.018932
3.043969
3.008113
2.958364
3.205580
3.082536
2.994267
3.068185
3.016449
3.174867
3.031812
3.020596
2.843520
3.105340
3.000934
3.224273
2.955265
3.141365
2.999695
3.082938
3.021860
3.508353
2.995413
3.020628
3.129404
3.025645
3.296556
3.270257
3.157868
2.996106
3.298218
2.975543
3.001153
3.056391
2.966865
3.172499
3.051793
3.115319
3.283708
2.986373
3.057671
3.063947
3.294566
3.040572
3.130974
2.893623
3.250710
3.043246
2.864776
3.156773
3.026314
3.106345
2.940982
3.051308
3.229154
3.213364
3.046021
3.115014
3.041927
3.081086
3.199370
3.201421
3.221216
3.066170
3.410126
3.027265
3.157500
3.188882
3.126565
2.992011
3.078661
2.972746
3.227531
2.964855
3.062412
3.072819
3.184646
3.020177
3.060503
2.944490
3.159899
2.979592
3.189319
3.170311
3.118207
3.126397
3.005966
3.220094
3.143667
3.071097
3.074643
3.099351
2.996287
2.981945
3.091610
3.324532
2.966904
3.276698
3.021517
3.146850
2.967475
3.206107
3.204418
3.112126
2.920215
3.022744
2.996001
3.346829
3.242772
3.165294
3.460412
3.156115
3.285059
3.188860
2.952381
3.340723
2.864082
3.030114
3.172733
3.142038
2.957290
3.028582
2.958816
3.036823
3.029292
3.089790
3.180562
3.067660
2.969516
2.938258
3.078761
3.129360
3.022138
3.044714
3.348270
3.073492
3.048337
3.120770
3.070655
3.411193
2.962236
3.187931
3.040113
3.035076
3.162296
2.988882
3.186118
3.040459
3.201272
3.246948
3.220485
3.019464
3.077342
3.130458
3.183103
3.058858
3.229459
3.190817
3.149877
3.051559
3.133484
3.056604
3.138670
3.030430
3.055320
3.140034
3.442564
3.139566
3.076104
2.998708
3.194860
3.109604
3.179140
3.173796
2.994567
2.943565
2.950727
3.017489
2.934337
3.006327
3.223093
3.162928
3.087348
3.133196
3.196174
3.330953
3.175077
2.979057
3.062803
3.140279
3.085455
3.130944
3.145182
3.076867
2.948151
3.162900
3.172978
3.098198
2.986865
2.987034
3.100522
3.107613
2.977816
3.060958
2.971190
3.164992
3.044693
3.090346
2.954244
3.020010
2.952631
3.123243
3.040924
3.106412
3.028991
3.177100
3.255142
3.099619
3.046392
3.119510
3.033100
3.073493
3.067818
3.178864
3.116895
3.153569
3.053382
3.063491
2.994153
2.980571
2.959779
3.118195
3.094933
3.027858
3.160251
2.900437
3.026372
2.983271
3.023146
3.147444
2.897723
3.040710
3.190866
3.082756
2.997890
3.156858
3.118534
3.258102
2.993792
2.927254
3.042973
2.838146
2.986332
3.270599
2.965005
3.048061
3.278300
3.015900
3.249590
3.146728
3.147062
3.109211
3.094285
3.009804
3.162882
2.984135
3.090570
3.126557
3.152818
3.265433
3.105925
2.914095
3.140025
3.166797
3.000164
3.012526
3.089080
3.223084
3.060780
2.966956
3.179014
3.091385
3.075057
3.124122
2.978311
3.092950
3.219792
3.158440
3.105492
3.018088
3.207498
2.966050
3.013769
3.023372
3.190688
3.025069
2.996353
3.302495
2.932443
2.960506
2.966880
3.263613
3.006696
3.284701
3.298517
2.990946
3.311497
3.038453
2.990885
3.102079
2.991385
3.110531
3.092245
3.158888
3.216567
3.189711
3.051134
3.366972
3.089539
3.003630
2.992219
3.010110
3.090566
3.117316
2.997397
3.199028
3.166397
2.994240
3.042385
2.966662
3.054459
2.825522
3.083983
3.218638
3.032022
3.088775
3.275455
3.112198
3.258254
3.109826
3.021863
3.024076
3.059395
3.042508
3.003869
3.162954
3.025829
3.200152
3.211375
3.102691
3.113853
3.210329
3.217642
2.990104
3.120890
3.108147
3.027244
2.980270
3.007134
3.149779
3.026333
3.084525
2.953464
3.222451
2.921274
2.956443
3.206067
2.903990
3.071911
3.063066
3.066887
2.930628
2.975671
3.164959
3.059436
3.123729
2.918792
2.966230
3.056945
3.271822
3.262083
3.008350
3.132894
3.035150
2.994837
3.089628
3.006683
3.010499
3.227686
3.081839
2.999230
3.170772
3.087554
3.178742
3.022932
3.003889
3.020630
3.030422
2.993216
3.181206
3.130440
2.956690
3.240891
3.073545
3.150932
3.116468
3.100238
3.065676
3.042018
3.040672
3.052064
3.171153
3.012976
3.065593
3.169751
3.166059
3.010783
2.959522
2.979807
3.012109
3.085859
3.191668
3.129799
3.155130
3.004570
3.108776
2.993131
3.296476
2.960733
3.004045
3.087375
3.285608
2.986799
3.105664
2.912506
3.253726
3.116334
2.956106
3.119805
2.971792
2.855813
3.070562
3.098196
3.048304
3.303827
3.007373
3.205926
3.161511
3.168973
3.319690
3.085203
3.108147
3.245613
3.027198
3.131236
3.032765
3.254106
3.042053
2.998861
3.179764
3.012907
3.137102
3.144712
3.015812
3.146068
3.159418
2.966451
3.118904
3.014001
3.067237
2.980597
2.970986
3.112361
3.040186
3.135321
3.037224
3.120407
3.090221
3.021094
2.960917
3.381350
3.108345
3.215759
3.003568
3.024812
2.955532
3.113328
3.030777
3.160837
3.068667
3.174722
3.052633
2.936059
3.144240
2.991320
3.020053
3.021667
3.266030
3.116391
3.179846
3.048212
3.048185
3.045482
2.964993
3.129340
2.957829
3.130004
3.073957
3.273496
3.014653
3.112827
3.139726
3.075207
3.207469
3.019435
3.021970
3.033396
3.015164
3.063189
3.115866
3.126329
3.045586
3.018147
3.007955
3.056471
3.057702
3.206229
3.277249
3.054605
3.023189
3.106499
3.029409
3.033684
3.104883
2.973578
3.099511
3.102141
3.087846
3.040790
3.118966
3.006758
3.042322
3.127867
3.296357
3.190836
3.099142
3.235572
3.045252
3.092514
3.000185
2.988776
3.088176
2.969563
2.963491
3.078315
3.020948
3.153022
3.034459
3.192692
2.994345
3.118858
2.926676
2.961164
3.346345
3.007566
3.054444
3.111714
3.237130
3.028712
3.356805
2.940295
3.131206
3.131136
3.000777
3.071836
3.267285
3.265334
3.044722
3.177574
2.901178
3.266017
3.059928
3.163203
3.151110
2.936353
3.183118
3.227697
3.044409
3.050792
3.089148
2.987659
3.103965
3.004575
3.195094
3.042185
2.948927
3.098976
2.972405
3.144165
3.240092
3.215081
3.054759
3.072883
3.165869
3.024619
2.973188
3.092847
3.015834
3.050205
2.940204
3.117397
2.952453
3.038363
3.028828
3.329961
3.097675
3.273624
3.013560
3.218670
2.955555
3.095674
3.104281
2.990883
3.079922
3.061616
3.141932
3.007189
3.253426
3.002278
3.207850
3.038827
3.004145
2.959289
3.167397
3.256099
3.021118
3.125967
3.200438
3.275912
2.978667
3.022871
3.011344
3.169664
3.191966
3.051671
3.020966
3.202138
2.945138
3.079252
3.214282
3.170074
3.012518
3.012604
2.936348
3.073810
2.963455
3.302504
2.994403
3.160388
3.121262
3.172829
3.142435
3.032569
3.063475
2.999729
3.067883
3.239496
3.086066
3.131910
2.839843
3.131557
3.127142
3.008108
3.105795
3.032623
3.302106
2.976239
2.996659
3.050030
3.168206
3.028255
3.170526
3.075135
3.138167
2.989158
2.984391
3.141294
3.092950
3.122958
2.972255
3.105779
3.127624
3.019385
3.313468
2.979835
3.044891
2.922097
3.185007
3.094699
3.033182
2.953281
3.034782
3.172685
3.098290
3.080616
3.071377
3.122176
3.109355
3.233577
2.938608
2.890783
3.336780
3.053312
3.043666
3.106251
3.456712
2.995976
3.207744
3.028019
3.368457
3.226830
3.135568
3.204448
3.254691
3.194141
3.084255
2.899328
3.183322
3.057769
2.991192
3.023218
3.327495
3.018571
3.080457
2.980567
3.002353
3.264739
3.127109
3.063907
2.975947
2.993322
3.007462
3.069982
3.126451
3.101063
2.888219
3.011121
3.132799
3.005016
3.167894
3.213092
2.980961
3.130887
2.950306
3.277772
3.007799
3.097975
3.039867
2.985311
2.986572
3.240088
3.059790
2.982523
2.909087
3.006682
3.307098
3.138947
3.021709
2.886958
3.109288
2.902553
3.153999
3.227693
2.845209
3.002266
3.036530
3.077511
3.165816
2.957315
2.994937
3.021385
3.102679
3.186540
3.070912
3.098348
3.234834
2.986027
3.061277
3.076487
3.003642
3.058916
3.139511
3.049575
3.103559
3.114477
3.282463
3.026122
3.024846
3.274713
3.039954
3.328946
3.220512
3.253525
2.937586
3.010468
2.893294
3.031929
3.114611
3.093647
3.052561
2.950102
2.944810
3.008016
3.082603
3.203371
3.126829
2.988016
2.954181
2.991531
3.195474
3.122370
3.325324
3.010141
3.023750
2.912380
3.065275
3.330181
3.076897
2.993305
3.035987
3.250323
3.225971
3.043124
3.146882
2.996185
3.225173
3.034132
2.965530
3.055293
3.136577
3.188366
3.082564
3.071874
3.067099
3.133894
3.201057
3.075492
3.056574
3.019104
3.369857
3.118278
3.249876
2.928306
3.092043
2.967275
3.067162
3.006836
3.042732
3.152511
3.183278
3.116389
3.074563
3.124166
3.309370
3.144371
3.092835
3.040951
3.123385
3.100890
3.187637
2.927151
3.142930
3.131278
3.087773
3.235046
3.093607
3.234358
3.060676
3.206540
2.954166
3.100325
3.058998
2.984775
3.129220
3.095460
3.204893
3.068054
3.125936
3.097959
3.275314
2.969673
3.169474
2.988538
3.117125
3.132733
3.077441
3.031343
3.041397
3.206018
3.015537
3.084360
3.071377
3.037400
3.193405
3.110161
2.896831
3.041075
3.065989
3.158654
3.047579
3.122839
3.020234
2.985454
3.160791
3.342936
3.187241
3.171593
3.061178
2.969865
3.080041
3.016002
3.024155
2.849237
3.226931
2.984552
3.075609
3.147573
3.104292
3.153842
3.131120
3.042065
3.081376
3.054416
3.294690
3.062985
3.175811
3.034753
3.076847
3.097813
3.113854
3.304726
3.070788
3.118664
3.208868
2.954930
3.142909
3.093544
3.349824
2.918075
3.087805
3.152925
3.047831
3.194253
2.968932
2.963665
3.456635
2.911023
3.124674
3.112210
2.921340
3.076227
3.142500
3.031447
3.137948
3.043496
2.998309
3.188740
3.067901
3.005646
3.101027
3.046756
2.963909
3.258039
3.169093
3.130485
3.058599
3.077869
3.210646
2.997855
3.446526
2.938897
3.037183
2.984399
3.008226
3.089149
3.130717
3.109482
2.892540
3.140473
3.044959
3.125458
3.167063
3.029443
3.365851
3.014017
3.132126
2.868809
3.007659
3.033352
3.108416
3.030567
3.182727
3.158965
3.108419
3.159674
2.988972
3.053571
3.032930
3.286426
3.014875
3.084632
3.311243
3.121530
3.241925
2.935739
3.045877
3.124469
3.214648
3.160128
3.139645
3.026506
3.149238
3.014356
3.031901
3.126517
3.022586
3.174456
3.040599
3.119253
3.027178
3.299443
3.023472
3.065550
3.058459
2.862202
3.124018
3.019954
2.917078
3.316132
3.112264
3.193769
3.088328
3.297158
3.214581
3.094398
3.149278
2.988772
3.016683
3.185287
3.018215
2.994690
2.917485
3.049458
3.252396
2.998713
3.198856
2.965282
2.960244
3.283023
3.160258
2.923794
2.975373
3.287577
3.155948
3.122802
3.004488
3.182300
3.303607
3.070831
3.068340
2.904550
3.081163
3.067623
3.052955
3.137552
2.932025
3.000752
3.067505
2.992525
2.996307
2.926022
3.065111
3.255171
3.022297
3.060791
3.142981
2.980186
3.123375
3.103834
3.088660
3.095237
3.127032
3.123685
3.089344
2.986637
2.964925
3.074964
3.223065
3.078697
3.098020
2.969329
3.063223
3.026743
3.272047
3.137546
3.337783
2.965092
3.126461
3.019586
2.978974
3.233330
3.014166
3.008221
3.282561
2.885926
3.032040
3.023869
3.109876
3.251059
3.276137
3.012282
3.101885
3.242451
2.962497
3.051268
2.969522
3.056294
3.026049
3.123632
3.031768
3.007582
3.275783
3.209834
2.928306
3.360948
3.175653
3.340464
3.059172
3.175680
3.222739
2.989633
2.930449
2.943820
3.153784
2.977119
3.001310
3.080470
3.156972
3.223957
3.079898
3.160613
2.970782
3.041174
3.244742
2.988648
2.969036
3.096221
3.241895
3.002355
3.047132
3.163079
3.032659
3.070450
3.198921
3.173101
3.039717
3.082478
3.108571
2.872192
3.171491
3.183976
3.216283
3.031540
3.022090
3.507095
3.065377
3.155391
3.133911
3.046366
2.952318
3.049692
3.202913
3.101593
3.000609
3.241953
3.106073
3.006269
3.304842
3.373106
3.053328
2.956686
3.007637
3.049075
2.953650
2.957637
3.032693
3.131929
2.997305
3.105819
3.133537
2.959794
3.044673
3.282194
2.907057
3.108586
3.025570
3.029098
3.036694
2.976998
3.066974
3.078897
3.015317
2.969894
3.080020
3.082092
3.040522
2.973498
3.255897
3.029091
3.077084
3.087978
3.285931
3.238351
3.101400
3.135221
2.985727
3.017909
3.088257
3.316159
3.125594
3.054671
3.058727
3.028323
3.119587
2.964416
3.017424
3.239322
3.103797
2.962832
3.217421
3.087031
2.990619
3.256007
2.994364
3.059583
2.990793
3.042664
3.000361
3.051115
2.927541
3.183112
2.963255
3.129583
3.116896
3.143628
2.932655
3.300177
3.203738
2.973124
3.046522
3.022114
3.024290
3.072292
2.951412
3.006443
3.021284
3.315871
3.218088
3.113002
3.007627
2.831806
3.152702
2.914193
3.047220
3.016280
3.118986
3.193316
2.944208
3.006036
3.075096
3.003582
3.222403
2.990901
3.233817
3.275141
3.128469
3.212951
3.009672
2.935557
3.065292
3.231648
3.111795
3.167616
3.054755
3.098164
3.060849
3.169640
2.980292
3.369937
3.384568
3.278284
3.222768
3.062999
2.924130
3.145841
3.193899
3.227370
3.074275
3.112204
3.146901
3.016272
2.928174
3.168046
3.041174
3.111542
2.989606
3.011565
3.080976
2.999633
3.232755
3.128115
3.083987
3.054605
2.996336
3.144827
3.059779
3.067965
3.060573
3.261150
3.042370
3.150534
2.995585
3.071246
3.200086
3.269396
2.896664
2.981764
3.040418
3.196137
3.307880
2.992465
3.048153
3.057996
3.242840
2.931846
2.972756
3.013320
3.327457
3.152628
3.049854
3.085219
3.255413
3.018231
3.217397
3.126010
3.088198
3.002361
3.113376
2.994185
3.127528
2.986782
2.994493
3.215079
3.165626
2.984567
3.148205
3.032669
3.009997
3.143953
3.143514
2.974105
2.976561
3.118998
2.946894
3.151198
3.016148
3.160976
3.124203
3.158468
3.078784
3.071753
3.046412
2.993438
2.943441
3.178140
3.322478
3.004280
3.125394
3.113996
3.093851
3.290314
3.186912
3.051734
2.927732
3.157186
3.123343
2.924419
3.128773
2.940883
2.922385
3.492715
2.970231
3.270009
3.051266
3.349347
2.991541
3.088963
3.133858
2.981137
3.383479
3.274495
3.087886
3.097156
3.276149
3.222770
3.014287
3.076228
3.047065
3.041253
3.169789
3.136997
2.952496
2.988959
2.951421
3.254993
3.043413
2.980236
3.145184
3.116411
3.015230
3.033983
3.005041
3.200175
3.172200
3.017664
2.983873
3.107265
2.915653
3.000667
3.183529
3.079521
3.205231
3.322955
3.006153
3.113227
3.141062
3.083655
3.089110
3.195035
3.097990
3.165501
2.875924
3.093293
3.126852
3.154814
2.944565
3.090993
3.355007
3.165770
3.022343
3.250533
3.053143
2.990960
2.966248
3.107567
3.070345
3.180712
3.043523
3.002820
3.136956
3.084086
3.062457
2.965141
3.119477
3.189963
3.050993
3.012972
3.104453
3.121821
2.993600
3.170137
3.099898
2.962416
3.221493
3.062588
3.023285
3.147685
3.431369
2.925780
3.083731
3.188741
3.186859
3.169614
3.055865
2.988320
2.993783
3.179589
3.143757
3.080995
3.167687
3.107549
2.830765
3.136142
3.122026
3.102669
3.002538
3.205267
3.252726
2.999969
3.125635
2.995373
3.112381
3.168605
3.306023
3.006723
3.250540
3.116887
3.154940
3.251619
3.054954
2.981565
3.040865
2.941059
3.295454
3.024966
3.047861
2.992962
3.003174
3.085600
3.233567
3.115049
3.240126
2.906473
2.928499
3.024922
3.143058
3.103200
3.052464
3.235223
3.004217
3.205421
3.084982
2.886053
3.025326
3.057412
3.003189
2.956751
2.993165
3.094158
3.240944
2.892961
2.996433
3.133811
3.156026
3.160463
3.030994
3.070085
3.077422
3.051633
3.309020
3.176845
2.945772
3.168029
2.987286
3.213025
2.968122
2.964844
3.332866
3.139349
2.995258
3.061339
2.947008
3.177802
3.017224
3.124844
3.106897
3.280546
3.041269
3.149822
2.991863
2.998386
2.940770
3.060065
3.095258
3.050178
2.939558
3.056279
3.094290
3.047007
3.041171
3.049374
3.003711
2.988371
3.029055
2.931463
2.942795
3.177083
3.115585
3.205014
2.998082
3.106119
3.075881
3.288428
3.219886
3.198183
3.130744
3.184876
3.173583
2.882936
2.940983
3.211385
3.078562
3.077154
3.005951
3.098588
3.238625
3.039431
3.045774
2.995933
3.224534
3.255203
3.254621
3.029518
3.111705
3.029862
3.291939
2.961036
3.016952
3.163210
2.995715
3.118902
3.065690
3.179338
3.323608
3.065275
3.147738
2.984849
3.178108
3.485063
2.927819
3.040627
3.409777
2.937880
2.966740
3.094627
3.167829
3.059251
2.945676
3.060649
3.127008
2.961373
3.177106
3.058028
3.006742
3.043151
3.031859
3.067601
3.117416
3.037192
3.040062
3.039453
3.279467
3.048847
3.145343
3.015656
3.030057
3.064180
3.210822
3.087366
3.213899
3.143676
3.242054
3.289433
2.989292
3.050741
3.057558
3.115489
3.077581
3.034227
2.997013
3.053481
3.288324
3.095961
3.206412
3.026426
3.006241
2.983584
3.064430
3.203188
2.949314
3.160277
2.939291
3.085059
2.991027
3.000103
3.219976
3.153178
3.233368
3.041863
3.029445
3.193164
2.916570
3.052499
3.201902
3.013550
3.015559
2.979217
3.030722
2.990758
2.950867
3.134039
3.146896
3.032219
3.052998
3.139953
3.120536
2.991659
3.014040
3.163417
3.121817
3.130045
3.103997
3.209062
2.968096
3.111891
2.961812
3.185326
3.042519
2.938047
2.981190
2.785104
3.245388
3.091669
3.128518
3.031964
3.057057
3.214785
3.234463
3.082688
3.011763
3.039515
2.989946
3.085029
3.100194
3.168923
3.075779
2.995490
3.294214
3.151299
3.109632
3.018985
3.053345
3.001526
3.216379
3.143168
2.988842
2.990390
3.076440
2.951299
3.286396
2.979728
3.098016
3.113367
3.087595
3.149914
2.990179
3.073701
3.198361
3.250087
2.914917
3.116346
3.273786
2.812670
3.134431
3.184679
2.931219
3.148568
3.148052
3.104749
3.139284
3.215608
3.100971
3.089662
3.210825
3.062766
3.116794
3.231418
3.031375
3.061906
3.118211
2.926971
3.080070
3.097449
3.114706
3.022075
2.917607
2.980822
3.230808
2.914852
3.027125
3.096457
3.043282
3.129070
3.031013
3.186726
2.919536
3.151748
3.213955
2.967267
3.004811
3.164161
3.087890
3.104121
2.965495
3.221770
2.932882
2.966474
3.060506
3.336706
3.036261
3.052294
3.085819
2.928906
3.204324
3.282792
3.112936
3.044512
3.052102
2.912896
3.057109
3.009729
3.373917
3.077458
3.242394
2.915584
3.022156
3.203869
3.145805
3.291819
3.006670
3.167364
2.976262
2.989160
3.050809
3.003696
3.169702
3.083528
3.043792
3.143906
3.067114
3.132306
3.292009
2.976304
3.052933
3.312679
3.052796
3.111379
2.993634
3.078726
3.054250
3.026541
3.347877
2.931689
3.050961
2.998772
3.188632
3.064290
3.145800
3.151090
3.015266
3.183702
3.249201
3.105902
3.082073
3.014575
3.065668
3.229626
3.059369
2.999742
3.009295
2.969569
3.066508
3.129343
3.323027
2.891199
3.202587
3.053795
3.027890
3.000413
2.891821
3.156511
3.042451
3.011461
2.967712
3.305004
3.003387
3.321166
3.099320
3.008743
3.007923
3.102801
3.234416
3.042971
3.045086
2.991485
3.032758
3.123571
3.070250
2.990563
3.104347
2.941308
2.989486
3.052388
3.069469
3.059467
3.213871
3.246561
2.999551
2.940930
3.083684
3.282549
3.114107
2.904505
3.231528
3.095518
3.134844
2.895204
3.137721
3.064571
3.212174
2.963420
3.033873
3.131399
3.253470
2.949355
3.015212
3.228756
3.046032
3.094426
3.063214
2.953099
3.064115
3.176790
3.135744
3.055675
2.953399
3.320232
3.123059
3.166865
3.002217
3.038791
3.036401
3.412743
3.053843
2.958956
3.137718
3.037979
3.191368
3.102355
2.975745
3.006630
3.136191
3.231961
2.931459
3.065484
2.945025
2.978938
3.060322
2.926401
3.186732
3.286167
3.221524
3.072059
3.031511
3.096044
3.111352
3.041813
3.063963
3.049504
3.050257
2.941564
3.075789
3.295629
3.141874
2.948716
3.281675
3.056961
3.016310
3.433840
2.987874
2.991048
3.115536
2.944392
3.087517
3.054492
3.003129
3.220076
3.058109
3.240993
3.089179
2.978948
3.041570
2.974365
3.156109
3.346577
2.888334
3.206632
3.137048
3.020894
2.980951
3.091696
3.056724
3.293800
3.123331
3.059298
3.014791
3.133237
3.173299
3.164832
3.088408
3.142640
2.965516
3.064021
3.116477
3.137822
3.030266
3.166482
3.064487
3.099538
2.974497
3.091867
3.038038
3.251741
3.118913
3.232945
3.093147
3.205580
3.046419
3.084644
2.902450
3.124273
3.093596
3.325266
3.066522
3.091050
3.062755
3.073696
3.029555
3.002349
3.022553
3.056819
3.178373
2.964599
3.153477
2.996020
2.965175
3.066467
3.037225
3.177660
3.054099
3.270245
3.055765
2.958297
2.962415
2.993095
3.019215
2.941198
3.239443
2.979781
3.124730
3.051991
3.033204
3.003587
2.992711
3.157163
2.885736
3.045282
3.232209
3.090963
3.062475
3.134419
3.078452
3.196371
2.988936
3.367115
3.129709
2.927020
2.936048
3.159840
3.062635
3.126580
2.998142
3.073578
3.215536
3.050120
3.100321
3.249330
2.924989
2.983691
3.129718
3.027059
2.886541
3.243562
3.016682
3.031477
3.082896
3.051270
3.146822
2.969802
3.247681
3.314973
3.112856
2.938499
3.062472
3.217983
3.018027
3.087136
2.969685
3.011478
2.927608
3.127799
3.062734
3.199191
3.010881
3.204206
3.015058
3.104187
3.087616
2.994022
3.159566
3.048330
2.998290
3.028148
3.293178
3.004155
3.247404
3.232921
3.014413
3.324626
3.074246
3.120452
3.035518
3.067000
3.050357
3.057434
3.067151
3.101437
3.101390
3.158806
3.088331
2.959479
3.156238
3.046503
2.965171
3.059097
3.050476
2.963965
3.055793
2.980357
2.947766
3.010728
3.080045
3.019274
3.168068
3.207352
3.118426
3.084063
3.073905
3.055790
3.064211
3.011324
3.227762
3.022042
2.999321
3.081756
2.971798
3.004822
3.047721
3.039763
3.054479
2.986554
3.022395
3.082946
3.186103
3.096525
3.239275
3.040040
3.226392
3.001054
3.150846
3.046690
3.017334
3.121315
3.039135
3.020739
3.061881
2.908484
3.242199
3.001161
3.054277
3.138200
3.162053
2.968975
3.075924
3.329843
2.993659
3.097382
3.088765
3.315819
3.160326
3.090089
2.994653
3.186542
3.062584
3.086064
3.069852
3.159505
3.084953
3.119683
3.029461
3.003232
2.996642
3.077223
3.190804
3.057621
3.261435
3.268475
3.065627
3.126847
3.149147
2.975149
3.020412
3.124347
3.062249
3.197275
2.948336
3.012087
3.082113
3.073123
3.048481
3.062177
3.135890
3.131116
2.941833
3.074209
3.119329
3.043615
3.087338
3.220104
3.066592
3.138232
2.988744
3.210321
3.050736
2.945978
2.947987
3.077359
3.132844
3.220856
3.055444
3.291567
3.103973
3.007168
3.004118
2.960156
3.087546
3.020422
3.085012
3.110709
3.137357
3.197184
3.021536
3.098523
3.010793
2.895318
3.010596
3.139972
3.062529
3.124077
3.063064
3.044458
3.067556
3.162917
3.038743
2.996909
3.283357
3.150857
3.115693
3.052384
3.074229
3.126385
3.005687
3.101640
3.115724
3.101498
3.050486
2.966046
3.088128
3.046044
3.074646
3.007577
3.041746
3.123186
3.139980
3.079132
3.184759
3.144965
3.082581
3.000824
3.317634
3.235541
3.179717
3.105095
2.957408
3.189214
3.171798
3.066655
3.073270
2.993833
3.123922
3.025448
3.039542
3.066409
3.048853
3.023293
2.946175
3.230340
3.114329
2.965654
3.202507
3.012674
3.120370
2.962226
3.206942
3.013731
2.978485
3.139128
3.057016
3.308421
3.015373
3.328344
2.918290
3.092291
3.155146
3.195840
2.932693
3.184760
3.074901
2.926169
3.038132
3.085114
3.243142
3.296155
2.934380
2.977403
3.081215
3.439510
2.935322
3.180631
3.127112
3.088233
3.226795
3.086805
3.049795
3.104255
2.896052
3.069108
3.320566
3.186625
3.065052
3.170131
2.948020
3.013756
3.023102
2.965806
3.028812
3.185034
3.090195
3.015999
3.033411
3.006803
3.180747
3.014192
3.005900
3.137696
3.049886
3.093348
3.167435
3.259199
2.957107
3.116637
3.218893
2.969013
3.009828
3.151554
3.191078
3.058115
3.064468
3.002298
3.010271
2.987839
3.088445
3.014672
3.250590
3.249683
3.013798
3.104503
3.016498
3.052837
3.060595
3.154826
2.984949
3.071490
2.941217
3.098053
3.159697
2.935192
3.192075
2.840750
3.257338
3.078607
2.911366
3.060120
2.938155
3.094058
3.247078
3.031139
3.328452
2.975781
3.169789
3.057951
3.026217
3.079533
3.030157
3.102849
2.957781
3.118338
3.099788
3.129797
3.142137
3.157668
3.071289
3.204342
2.983775
3.084075
2.980185
3.177908
3.082223
3.212555
3.014499
3.057153
2.977031
3.246832
3.059296
3.228040
3.018235
2.974009
2.995429
3.146674
3.190303
3.349851
2.963954
3.117080
3.016793
3.039332
2.948738
3.300913
3.031606
3.039363
3.157918
3.058004
3.206895
3.039428
3.187761
3.122507
3.092668
3.155053
3.055542
3.041547
3.254182
3.138799
3.130035
3.030637
3.244110
3.173514
3.211939
2.952623
3.031588
2.950978
3.259676
3.009332
3.069363
3.061139
3.280699
3.134564
3.085103
3.053570
3.124531
3.017333
3.118105
3.130809
3.030805
3.035838
3.119206
3.225898
3.194222
2.979830
2.996871
3.193391
2.994374
3.078922
3.213846
3.222120
2.977939
3.070404
3.256517
2.944751
3.135501
3.126711
3.183892
3.095773
3.043862
3.188335
3.156371
3.065931
3.271336
2.978966
3.236734
3.238783
3.267271
3.204269
3.001214
3.116725
3.051109
2.980703
3.208916
3.197554
3.155336
3.001321
3.028293
2.900769
3.124259
3.077694
3.258095
3.076635
2.942172
2.992642
3.009109
2.922182
2.886671
3.119915
3.179830
2.952059
3.171052
3.176199
3.187663
3.106953
3.136602
2.971051
3.249529
3.262853
2.968469
3.177001
2.979809
3.358708
2.970249
3.160224
3.206726
3.004749
3.147089
2.896837
3.027114
3.086840
3.084550
3.295112
3.013982
3.209670
3.120490
3.035792
3.029863
3.030003
2.986866
3.124557
2.886961
3.248225
3.258171
2.988724
3.031506
3.260291
3.015472
3.144079
3.220511
3.044963
2.937684
3.138195
3.238057
3.120490
2.965586
3.137603
3.006316
3.271066
3.008525
3.041222
3.194395
3.195863
2.978794
2.984591
3.357252
3.075833
3.194627
3.058954
3.067267
3.037606
2.957369
2.994035
3.038610
3.121313
3.353598
3.061185
2.959996
3.094871
3.003662
3.037208
2.989738
3.148776
3.214343
3.264504
3.197903
2.949207
2.930841
3.130373
3.217824
3.078735
3.169654
3.112101
3.001743
3.066520
3.118348
3.030256
3.086413
3.216461
3.197163
3.162018
3.107299
3.192861
3.331377
2.963983
2.999325
3.070833
3.086698
2.932552
3.093831
2.967530
3.080887
3.047503
3.182554
3.081986
3.160954
2.954527
2.956950
3.103744
3.101662
3.030149
3.037583
3.215389
3.020131
3.020920
3.063548
3.128043
3.192707
3.075588
3.099563
3.074786
3.084584
3.045157
3.195887
3.233413
3.033740
3.170914
2.902874
3.287441
3.082108
3.116490
3.137377
3.279791
3.003515
3.016607
3.194925
3.282604
3.126658
3.103233
3.030747
3.018697
3.257071
3.135528
3.003024
3.115684
3.003300
3.203432
2.969843
3.042463
3.163930
3.173512
2.948298
3.025041
3.226150
3.001678
3.155193
3.126324
3.014350
3.028122
3.016382
2.997839
3.201918
3.011694
2.939758
3.145522
3.248631
2.935639
3.287781
2.990268
3.049373
3.273986
2.970581
3.073650
3.016933
2.999162
2.963223
3.088789
3.112413
3.039839
3.140807
3.221180
3.079649
3.039632
2.947171
3.175847
2.962231
3.001695
3.139457
3.039169
3.105369
2.959189
3.218545
3.103102
3.084324
3.144226
3.330906
3.187867
3.109154
3.125306
2.860304
3.019681
3.055535
3.068499
2.938051
3.035892
3.188320
3.076121
3.200293
3.021165
3.019952
3.064561
3.015904
2.993184
3.105798
2.927477
3.143313
3.242168
3.282136
3.085069
3.000443
3.092439
3.285119
3.093144
3.086845
3.143371
3.199155
3.004511
2.888945
2.974241
3.022990
3.050560
3.157202
3.005463
3.132936
3.124760
3.239807
3.076019
3.148704
3.109514
2.970195
3.074251
3.134956
2.975737
2.982119
2.985998
3.298044
3.182068
3.137788
3.204738
3.215756
2.933581
3.226474
3.212973
3.066655
3.299407
3.014906
2.998304
3.051489
3.068039
3.380087
3.090087
3.004882
2.965477
3.322555
3.170849
3.060576
3.064747
3.200363
3.143720
3.102864
3.069922
3.161599
3.137680
3.053262
3.067123
3.254508
3.008696
2.999728
3.035091
2.926593
3.032277
3.146162
3.069809
3.062718
3.161218
3.118022
3.113501
3.095580
3.030595
3.225784
3.011403
2.908964
3.005729
3.064224
3.394079
2.970630
3.073653
3.388952
3.008090
3.109092
3.200588
2.879406
3.169367
3.195903
3.021295
3.045043
3.112644
3.216954
3.007956
3.434189
2.886361
3.028176
3.062177
3.071209
3.306779
3.017285
3.157284
2.968921
2.911746
3.291511
2.930591
2.969933
3.117355
3.176205
3.060829
3.154287
3.123599
3.051589
3.029593
3.174100
3.190547
3.044843
3.190972
2.977927
3.033207
3.009273
3.069577
3.186172
2.994398
3.056907
3.021608
3.147338
2.962300
3.095987
2.991896
3.099309
2.978106
2.970227
2.958962
3.047285
3.080113
3.318316
3.047980
2.971739
2.988433
3.011785
3.092026
2.980534
3.198390
2.981190
3.034632
3.071086
3.054023
3.101058
3.009859
3.190424
2.987915
3.077730
3.110355
3.040316
3.054965
2.915311
3.024386
2.984521
3.031404
3.077906
2.980485
3.061310
3.034092
3.076641
3.083942
3.108623
3.023076
3.229406
2.959959
2.915595
3.034719
3.200489
2.988632
3.020402
3.247434
3.199313
3.048082
3.078709
3.142578
3.073252
2.984086
2.929598
3.270905
3.163873
2.952166
3.133995
3.076425
3.173927
3.237900
2.958407
3.272554
3.146724
3.158940
3.056000
2.994874
3.316951
3.346822
2.990799
3.048842
3.135222
2.989415
3.018073
3.142444
2.971144
3.070144
3.140698
3.237389
3.024871
2.937318
3.059990
2.958581
2.958680
3.175435
2.996473
3.055280
3.090653
2.988117
3.213593
3.041424
3.138702
3.050500
3.028418
3.029512
3.091183
3.095182
2.959604
3.146732
3.038306
3.079112
2.971257
3.038114
3.109679
2.959645
3.163497
2.983359
2.962223
3.101752
3.031389
3.180009
3.165881
3.090802
3.060113
3.143253
3.031362
3.111202
2.972882
3.101582
2.981631
3.209343
2.924577
3.039795
3.312365
3.143131
3.070525
3.005364
3.285662
3.242354
3.207671
2.883217
2.959412
3.037495
3.038751
2.999804
3.217936
3.188011
3.103407
2.962300
3.069295
2.971307
3.040515
3.165672
3.305278
3.075442
3.072434
3.147839
3.119891
3.049219
2.962784
3.105241
3.100501
3.046135
2.911875
2.870737
3.314421
3.174854
3.072081
3.099816
3.124886
3.128067
3.541957
3.109315
3.067044
3.142184
2.996013
3.097670
3.144427
3.045166
3.277759
3.041343
3.122657
3.078218
2.978820
3.348669
3.298076
3.060933
3.093903
2.989668
2.963408
3.009798
3.117479
3.053877
3.250306
2.907668
3.119500
3.023191
3.178789
2.951281
3.035963
3.172593
3.048523
3.209021
3.098649
3.040930
3.026180
3.163861
3.078861
3.027249
3.022615
3.026967
3.120930
3.030797
3.299422
2.977177
3.011005
3.080597
3.037435
3.107369
3.092388
3.028960
3.099857
3.174914
3.099403
2.994535
2.979140
3.039394
3.127766
2.970804
3.059311
3.193546
3.070689
3.147354
3.308630
3.398902
3.120916
2.927094
2.984040
3.165478
3.317789
3.052671
3.155479
3.250193
3.260979
3.167302
2.934834
3.045570
3.029258
3.268781
3.223405
3.004365
2.986876
3.021992
2.965954
2.946741
3.273590
3.031034
3.129713
3.085494
2.993650
2.981060
3.140970
3.333555
3.001441
3.241988
3.002566
2.925629
3.141678
2.924947
3.042392
3.117264
3.007426
3.222427
2.990961
3.182157
3.108969
3.161437
3.042624
3.090720
3.195631
2.954671
2.934637
3.061954
3.151457
3.099441
2.943897
3.202493
2.953228
3.092804
3.018018
3.025437
3.158466
3.049288
3.137295
2.966923
3.127147
3.002419
3.244623
3.181673
3.095716
3.127532
2.920006
3.108674
3.068053
3.089702
3.057039
3.210148
3.139552
2.945231
3.201446
2.998505
3.014504
3.052497
2.994671
3.095529
2.987574
3.116147
2.945308
3.107675
2.916221
3.243871
3.137698
3.046601
3.111067
3.233241
3.013982
3.207773
2.991154
3.023353
3.090492
3.015143
2.928848
3.427998
3.146479
3.248543
3.080127
3.089906
3.303099
3.101894
3.238666
2.868548
2.993467
3.044092
3.172709
3.053916
3.133049
2.967652
3.113342
3.031206
3.056520
2.923254
2.967793
2.973950
3.062179
3.122504
3.065921
3.432645
3.136578
3.149554
3.008711
3.090333
3.005669
2.968821
3.058799
3.069575
2.978527
3.129130
3.209537
3.193145
3.040058
2.785389
3.160219
3.099622
3.041841
3.155495
3.149319
3.105937
3.197542
2.936296
3.123110
3.198100
3.040399
2.912773
3.426906
3.155140
3.061918
2.935216
3.124792
3.119793
3.068956
3.015556
2.993956
3.163014
3.051134
2.889631
2.979836
2.961218
2.924295
2.978268
3.104212
3.100746
3.113582
3.054535
3.069226
3.121995
3.213067
3.042483
3.019244
3.189138
3.223981
3.154420
3.112146
3.135484
3.146356
2.946375
3.056104
3.084118
3.132115
3.161584
3.065898
3.081305
3.158329
3.103438
3.229311
3.004743
3.177639
3.222181
3.013477
2.955270
2.992519
3.017027
3.145269
3.017249
3.095244
2.995112
3.229504
2.945506
3.086895
3.026532
3.173882
2.991479
3.319238
2.994502
3.120335
3.074052
3.409291
2.901737
3.056111
2.961454
3.160946
3.150508
2.947337
3.058895
2.964890
3.220061
3.108906
2.966606
3.041937
2.930056
3.192243
3.071869
3.490301
3.173366
3.199347
3.104097
2.961147
2.976454
3.205739
3.193106
3.262320
2.970639
3.014971
3.044341
3.089803
3.052834
3.092219
3.103466
3.044533
3.089566
3.271385
2.984461
3.149627
3.138744
3.081249
2.978360
3.167212
3.034072
3.218132
3.043884
3.071066
3.004337
3.060308
3.044447
2.938402
2.993352
3.127118
3.018478
2.996830
3.241817
3.390284
3.271801
2.995692
3.024734
3.171641
3.044090
3.243070
3.035480
3.013759
3.145535
2.925634
3.005879
3.024220
3.023209
3.077494
2.968322
3.221390
3.127740
3.077197
3.245016
2.921820
2.978103
3.090586
3.047630
2.960095
2.860619
3.409601
2.957655
2.990427
3.105487
3.256124
3.020839
3.097984
3.141836
3.051977
3.053671
3.053046
3.374995
3.290375
3.050296
3.167385
3.246345
2.984679
3.174980
2.964791
3.061390
3.198719
3.067894
3.081160
2.955604
3.016956
3.190116
3.036495
3.143496
3.178288
3.059579
3.061235
2.927151
3.059804
2.950226
2.927484
3.180725
3.096275
3.008532
3.266870
3.102354
2.943382
3.031840
3.159468
3.090689
2.982968
2.966624
3.229249
2.941707
3.319652
3.010761
3.102487
3.107300
3.006325
3.223937
3.042925
3.131645
3.096167
3.095707
3.095847
3.104658
3.208000
3.052383
3.044524
3.317256
2.995030
3.178567
3.144823
3.271425
2.989891
3.005987
2.892474
3.087097
3.159416
3.148368
3.108773
2.985768
3.250938
3.279717
3.145110
3.087481
3.099077
2.949651
3.108683
3.118757
3.020450
3.292385
3.082763
3.134333
3.032226
2.992685
3.019301
3.156246
3.145493
3.142010
3.033795
3.112695
3.325816
3.037710
2.986317
3.216563
3.284530
3.117844
3.074286
3.167674
3.010185
2.957695
3.057034
3.218103
2.993494
3.033884
3.135776
3.368420
3.239365
2.907396
3.145464
2.986308
2.947871
2.897702
2.992086
3.272313
3.155386
3.150569
3.214145
3.098999
3.027677
3.022981
3.117840
3.064035
3.105277
3.089966
3.144791
3.060468
3.118870
3.017861
3.261457
2.887914
3.020736
3.202424
3.107782
3.241859
3.126172
3.172923
3.315055
3.151548
2.871827
3.332469
3.032230
3.226495
3.093416
3.049935
3.124525
3.124400
3.094412
3.022696
3.194304
2.921495
3.243122
3.274668
3.130831
3.037024
2.960611
3.025818
2.976084
3.103285
3.080222
3.111522
2.914059
3.360125
3.087996
3.016106
3.085746
3.146645
2.972479
3.097879
2.997335
3.040228
3.051218
3.097074
3.192099
2.960988
3.021631
3.091718
3.231204
3.101592
3.006866
3.142814
3.072874
3.141293
3.063372
3.052920
3.097736
3.187259
3.202887
2.955947
3.309336
3.100157
3.029339
3.046692
3.097530
3.097895
3.053733
3.186915
2.964754
3.121113
3.016810
3.317852
3.066917
2.944260
2.973016
2.952355
3.221034
3.143968
3.149963
3.081975
3.069966
3.022960
3.253903
3.105242
3.000891
2.902941
3.075059
2.988610
3.069510
3.070136
3.177753
3.197280
3.074741
3.388109
3.143802
3.076677
3.010849
3.269178
2.996716
3.298813
3.026033
3.337116
2.801012
3.180416
3.206482
3.345927
3.073252
3.108656
3.239485
3.188363
3.067539
3.206897
3.058705
3.021554
3.046859
3.185777
3.188658
2.960264
2.909687
3.172783
2.977620
3.230195
3.062507
2.894638
2.996570
3.128158
3.149190
2.988297
3.043969
2.904530
2.993246
3.291593
3.092036
3.179950
3.072701
2.979881
3.045395
3.073914
3.003163
3.170233
3.050871
2.979888
3.089944
3.025124
3.073739
3.136315
2.955095
3.201554
3.291729
2.982184
3.074955
2.980647
3.210795
2.933460
3.072716
2.948946
3.261527
3.122176
3.098697
3.015741
3.139024
2.994459
3.041895
3.187996
3.207500
3.236444
3.093435
3.084707
2.989915
2.984740
3.071680
2.938078
3.028912
2.985253
3.137059
2.916880
2.988584
3.055542
3.184306
3.073537
3.105271
2.995603
3.152873
3.141454
3.096795
3.204240
2.911892
3.223795
3.142667
3.001040
3.191560
2.991881
2.985656
3.051795
3.191433
2.955586
3.328929
2.980069
3.115390
3.112520
3.067463
3.013741
2.906574
3.074552
3.208241
3.167473
3.024245
3.280231
3.015386
3.165388
3.004711
3.322599
3.055435
3.013006
2.986603
3.052534
3.001799
