# Si-Si bond lengths (Angstrom)
# Total count: 10800
3.194781
2.994506
3.012282
3.050187
3.121078
3.015304
2.955402
3.013004
3.042102
3.101609
3.050992
3.085765
2.981916
3.247190
3.076008
3.052947
3.113564
3.016501
3.079501
3.058827
3.103643
3.237263
3.113819
2.940409
3.058949
2.994503
3.017437
3.168376
3.083993
3.046697
3.011382
3.001289
3.115426
3.127127
3.035750
3.060163
3.060060
3.056662
3.181896
2.989994
3.111172
3.006050
3.016069
2.998499
2.947460
3.130175
3.121191
3.074471
3.030278
3.068023
3.152602
2.986221
3.063346
3.298696
3.034951
2.995574
3.014884
3.159725
3.058942
3.078051
3.295983
3.003363
3.031731
3.129719
3.101368
3.029127
3.052043
3.131450
2.921596
3.163096
3.108023
3.208142
3.108918
3.037736
3.154286
3.071051
3.017371
2.962227
3.073617
3.089013
3.024554
3.140009
3.060856
3.013814
3.044724
3.086246
3.034398
3.065205
3.048237
3.066301
3.092260
3.127649
3.063336
3.199290
3.030666
3.040499
3.031402
3.005692
3.054570
3.125238
3.056958
3.155694
3.022420
3.045761
3.072838
3.013755
3.122706
3.079161
3.141916
3.039533
3.054157
3.112520
3.079696
3.167746
3.166263
3.024820
3.072913
2.996564
3.109401
3.003018
3.193396
3.261501
3.068847
3.019729
3.170582
3.065404
3.066654
2.941919
3.305329
3.041616
3.026363
3.055199
2.982540
3.071958
3.165107
3.120653
3.082394
3.116032
3.036456
3.008233
3.169360
3.177154
2.898155
3.083546
3.003639
3.282428
3.021293
3.120506
2.979073
3.155681
3.092811
3.324729
3.029557
3.038937
3.003442
3.083913
3.177109
3.160040
3.058614
3.119348
3.036699
3.040631
3.049650
3.035665
3.045830
3.059105
3.130444
3.162214
3.053945
3.163980
3.101769
3.090729
3.147141
3.150619
3.019416
3.142684
3.015343
3.023691
3.070371
3.055840
3.103742
2.923091
3.110304
3.148554
3.019940
3.125121
3.054469
2.970864
3.092313
3.043823
3.094437
3.088659
3.038301
3.095464
3.140459
3.036667
3.247726
3.095732
3.118682
3.020438
3.010854
3.090606
3.154346
3.075009
3.032983
3.147579
3.067415
3.184452
3.084943
3.060166
2.980225
3.298072
3.002705
3.233590
3.170274
3.102369
2.978865
3.085601
3.029017
3.029541
3.146838
2.947381
3.021851
2.974606
3.055339
3.286855
2.997415
3.119789
3.085783
3.143184
3.123438
3.094206
3.171638
3.028449
3.237850
3.093225
2.996400
3.041624
3.072651
3.006173
2.962398
3.058152
3.160321
3.041898
3.022142
2.982863
3.133892
2.987582
3.118025
3.081918
3.164675
3.129541
2.982703
3.131248
3.039394
3.184682
3.202131
3.073258
3.047741
3.071564
3.063803
3.150486
3.004721
3.009702
3.162864
3.101443
3.019031
3.255418
3.026699
3.096544
3.143558
3.055624
3.108782
3.004670
2.966120
3.133790
3.098783
3.242814
3.053783
3.103654
2.988042
3.182949
3.074451
3.248622
3.032941
3.069394
2.924631
3.066832
2.990148
3.101730
3.136776
3.228363
3.021048
2.931316
3.028355
2.979066
3.128981
3.215448
3.112743
3.134549
3.131318
3.046118
3.020922
3.146879
3.296234
2.987291
3.003083
3.118154
3.175764
3.019080
3.139547
3.079572
3.148610
3.039802
2.977143
3.111857
3.062052
3.027177
3.166759
2.984988
3.084597
3.034256
3.114280
3.084818
3.106058
3.012585
3.009594
3.222226
3.153396
2.999792
3.127356
3.198109
3.127492
3.069693
3.119621
3.247565
2.929068
2.976248
3.057677
3.096413
2.996646
3.032348
3.076521
3.012408
3.014730
3.091563
3.068756
3.100370
3.203858
3.153933
3.172841
3.034128
3.046215
3.083928
2.963018
2.943429
3.201671
3.146764
3.104221
3.135146
3.034071
2.982585
3.150342
3.099823
3.140834
3.043935
3.040144
2.903820
3.055560
3.135222
3.165262
3.037676
2.990225
3.025579
3.077487
3.158868
3.132621
3.011615
3.122230
2.948209
3.088208
3.109005
2.979090
3.058832
3.105015
3.108494
3.042193
3.007264
2.998263
2.987205
3.081493
3.092376
3.120558
3.032715
3.092893
3.160109
3.086369
3.013967
3.130222
2.954162
3.041698
3.058901
2.980196
3.012491
3.128891
3.224175
3.135605
3.020974
3.031062
3.059106
3.032620
3.002288
3.061510
3.216124
3.088569
3.001615
3.148863
3.091607
2.966314
3.205032
2.985817
3.119631
3.047792
2.994402
3.136050
3.124643
3.026689
3.070757
3.100817
3.075355
2.995272
3.092008
3.048055
3.081457
3.186478
3.096598
3.057223
3.226532
3.007953
3.027129
3.047495
3.057001
3.088878
3.201263
3.099650
3.007437
3.043955
3.208436
3.114775
3.116952
3.018261
3.176844
3.063895
3.030532
3.178867
3.233061
3.010004
3.000072
3.150035
2.917951
3.175138
3.052396
3.054207
3.143652
3.034737
3.096235
3.136814
3.000031
3.122579
3.033500
3.167904
3.230936
3.160917
2.993290
3.135666
3.030215
3.007628
3.022175
3.084699
3.061936
3.141689
3.123334
3.039823
3.213586
3.071089
2.982475
3.097901
2.995098
3.013028
3.069192
3.286352
3.021948
3.129336
2.973672
3.131711
3.069383
3.082879
3.032622
2.974763
2.965764
3.029026
3.075353
3.120498
3.115949
2.953702
2.988865
3.066599
3.042220
3.175323
3.051309
2.990811
3.070853
2.988919
3.217758
2.991570
3.141256
2.988153
3.025924
3.228131
3.041732
3.039835
3.036971
3.044254
2.984311
2.899624
3.017373
3.112070
3.135642
3.110227
3.132406
3.285962
3.004472
3.061347
3.124804
3.086761
3.027953
3.006513
3.113958
3.072985
2.961397
3.042205
3.077474
3.028641
3.081561
2.956560
3.184977
3.066162
3.182138
3.014479
3.122798
3.131249
3.122690
3.004928
3.074334
3.064225
2.983611
3.108250
3.031098
3.081040
3.163392
3.193094
2.982827
3.115454
3.052861
3.075129
3.194845
3.054831
3.139141
3.025240
3.108936
3.059851
3.132527
3.024097
2.982944
3.009324
3.083890
3.036983
3.044126
3.133516
2.947957
3.076933
2.966816
3.067790
3.023501
3.025760
3.183248
3.016264
3.051309
3.041764
3.084961
3.053205
3.002361
3.251345
2.997128
3.031431
3.080442
3.166615
3.126773
3.048429
2.966709
3.112332
3.033362
3.004337
3.097745
2.982492
3.170871
3.129213
3.112534
3.023188
3.208777
3.162837
3.261573
3.015165
3.106587
3.160179
3.114314
3.147270
3.198063
3.129351
3.122636
3.118137
2.933692
2.998311
3.215804
2.992924
3.266535
3.057791
3.076689
3.128742
2.988933
2.971307
3.024906
3.059221
3.036839
3.131197
3.048642
3.317894
3.095986
3.011468
2.930778
3.122127
2.981003
3.157931
3.033630
3.102052
3.045288
3.022997
3.076280
3.096760
2.952937
3.061854
3.039638
3.030441
2.975447
3.116143
3.111845
3.095666
3.051022
3.046518
3.066209
3.179016
3.008565
3.039208
3.145707
2.961740
3.108666
2.983487
3.144507
3.052949
2.993237
3.132227
2.962842
3.145263
3.019733
3.044727
3.075998
3.156644
2.961981
3.053569
2.926258
3.230373
3.059487
3.046718
3.059431
2.996736
3.141533
3.014323
3.117502
3.184600
3.069071
3.084480
3.015162
2.982060
3.194189
3.088654
3.022636
3.072376
3.125032
3.119706
3.055832
3.089300
3.213560
2.980048
3.003372
2.967860
3.092955
3.125165
3.060734
2.961899
3.220740
3.069158
2.978489
3.161242
3.232767
3.070133
3.142105
3.190557
3.091434
3.015901
3.157879
3.165801
3.111687
3.122036
3.160745
3.036573
3.098277
2.957880
3.209657
3.088309
3.076863
3.137143
3.022008
3.119923
3.085114
3.067662
3.123933
3.010649
3.027131
2.977163
2.962806
3.089753
3.130387
3.059881
3.039105
3.095461
3.043353
2.980774
3.046474
2.981747
3.059706
3.143192
3.088778
2.885828
3.156313
3.053786
3.125025
3.041456
3.034019
3.238943
3.004474
3.096165
3.132308
2.959261
3.130469
3.030173
3.032845
3.030156
2.942314
3.194897
3.097040
3.078772
3.036017
3.140407
3.035039
3.010135
3.095001
3.199253
3.012163
3.077111
3.087210
3.016531
3.169634
2.975249
3.096713
3.069944
3.079801
3.030290
3.042278
3.160993
3.118694
3.041678
3.065615
3.119163
3.045874
3.231080
3.080735
3.153447
3.059786
3.154100
2.983471
3.019413
2.995538
3.087082
3.115937
3.043552
3.036228
3.326638
3.084131
3.214191
3.077440
3.017501
3.180780
3.079443
2.994164
3.129559
2.966285
3.009859
3.139122
3.076295
3.035282
3.163818
2.972813
3.015544
3.029925
3.201922
3.028159
3.068748
3.039052
3.219381
3.032921
3.049740
3.083526
3.205269
2.979701
3.110462
3.031620
2.976160
3.072813
3.201082
3.064026
3.035211
3.124625
3.031587
2.987834
3.130115
3.171615
3.097539
3.011213
2.961768
3.179164
2.993643
2.986416
3.005125
2.984550
3.045372
3.115216
3.013557
3.021775
3.019873
3.043070
3.036754
3.106131
3.106700
3.168748
3.187791
3.053052
3.206281
3.007175
3.080946
3.075977
3.182225
3.261747
3.166770
3.131731
3.023901
2.934208
3.037621
3.005172
3.221712
3.092936
3.019620
3.020198
2.984334
3.005395
3.036895
3.053269
3.131916
2.986681
3.028205
2.963277
3.174876
3.046640
3.081665
3.412636
3.113397
3.119523
3.166666
3.055599
3.026908
3.075479
3.053253
3.078581
3.144869
3.087810
3.080171
3.107454
3.050848
2.990689
3.052173
2.976196
3.008186
3.130742
3.090639
3.033407
3.179400
3.078086
3.097172
3.115533
3.131943
3.188439
3.000544
3.054662
3.079055
3.155510
3.131303
3.011407
2.963155
3.193038
2.985730
3.089141
3.061075
3.083589
3.078364
2.969311
3.034056
3.156806
3.114526
3.183877
3.276926
3.017708
3.045593
3.013351
3.234252
3.080704
3.024968
2.997273
3.109376
3.124604
3.049173
3.125617
3.158085
3.064615
3.105479
3.055915
3.054153
3.038883
3.023589
3.054225
3.058034
3.083999
2.992107
2.959251
3.065772
3.005403
3.098294
3.017523
3.134453
3.066191
3.045746
2.930641
3.126295
3.183037
3.016390
2.964591
3.063451
3.167002
3.190141
3.077690
3.210392
3.060099
3.055222
3.062939
2.999937
2.993951
3.164522
3.038592
3.024332
3.028236
3.052818
3.195279
3.168951
2.985672
3.145898
3.080631
3.014436
3.047558
3.041621
3.045661
3.056770
3.087445
3.113208
2.973045
3.063297
3.101895
3.032992
3.052857
3.033495
3.032115
3.215149
3.055309
3.102583
3.023509
3.122069
3.049424
2.998966
2.991062
3.188323
3.016490
3.257496
3.025374
3.163785
2.990777
3.226437
3.014790
3.035750
3.208568
3.117351
3.087522
3.045053
3.021191
3.070887
3.051734
3.004197
2.987412
3.098902
3.128434
2.994087
3.061448
3.131956
3.037381
3.257787
3.050298
2.967293
3.069247
3.251560
3.125597
3.084996
3.065646
3.040095
3.055751
3.051895
3.063431
3.224175
3.029839
3.069208
3.007651
3.086562
3.013664
3.105155
3.086673
3.035324
3.056518
3.004982
3.259560
3.221136
3.188649
3.035687
3.031652
2.999290
3.073451
2.973211
3.022159
3.032763
3.107282
3.090212
3.082497
3.227269
3.085741
3.048031
2.963615
3.149690
3.034005
3.153632
3.105928
3.074813
3.147887
3.071909
3.121349
3.104015
2.971880
3.170635
3.155182
3.037149
3.039613
3.054435
3.069328
3.047821
2.981342
3.101525
3.021200
2.990746
3.053991
3.285592
3.180144
3.024400
3.007423
3.037419
3.060035
2.999584
3.153902
3.211155
3.054931
3.022011
3.066381
3.051781
3.069697
3.222774
2.955556
3.079230
3.100544
3.255768
3.110532
2.938843
3.153067
2.993493
3.069066
3.191392
3.036709
3.072725
3.107921
3.221375
3.017202
3.010754
3.060803
3.234554
3.105816
3.055542
3.107841
2.973150
2.977560
3.181340
3.089461
3.219869
3.069610
3.064301
2.995637
3.023055
3.154923
3.178526
2.988686
3.090269
3.018475
3.112877
3.022076
3.019755
3.053944
3.105738
3.084371
3.014917
3.083359
3.042616
3.051635
3.178347
3.144246
3.022090
3.004838
3.042525
3.043076
2.996481
3.098911
3.127452
3.005751
3.091716
3.006728
3.130408
3.129213
3.035192
3.099446
3.218904
3.075057
3.033888
3.026566
3.178164
3.112807
3.092204
3.059023
3.108009
3.139501
3.002435
3.018737
3.058072
3.079645
3.044398
2.965124
3.079902
3.040172
3.035220
3.067223
3.243692
3.011549
3.053223
3.177434
3.113704
3.188242
3.120334
3.017800
3.036834
3.086638
3.138271
3.086871
3.104278
3.229696
3.078015
3.071416
3.023150
3.159104
3.043368
3.131660
3.118093
3.162083
3.218408
3.002355
3.074432
3.086237
2.981089
2.974631
2.951957
3.132579
2.992103
3.034876
3.053847
3.039095
3.176450
3.049444
3.233096
3.015480
3.114908
2.911250
3.145461
3.101135
3.154276
2.974639
3.159836
3.110709
3.061821
3.016369
3.195183
3.185147
3.169960
3.135143
3.070063
3.097371
3.074782
3.017595
3.040287
3.248549
3.104513
3.091805
3.211203
3.084512
2.958495
3.103420
3.056510
3.064152
3.208242
3.126765
3.035219
3.051844
3.127525
3.070234
3.170725
3.099340
3.102968
3.017117
3.010945
3.092125
3.123711
3.036300
3.022505
3.156703
3.063268
3.081327
3.107213
2.948245
3.178074
3.133201
3.007815
3.047816
3.033054
3.160196
3.174619
3.066298
3.138022
3.142351
3.125658
3.016586
3.051266
3.314981
2.993096
2.978826
2.987152
3.027099
3.028440
3.158416
3.133847
3.100028
3.064871
3.117664
3.224197
3.093529
3.085659
2.983328
3.046742
3.098348
3.026864
3.116775
3.037178
3.005524
3.132042
3.087019
2.959869
3.151293
2.992915
3.018376
3.044529
2.991589
3.096625
3.058572
3.006354
3.095028
3.408135
3.036043
3.038356
3.101591
2.998694
2.972169
3.049854
3.062837
3.089132
3.189298
3.029943
3.055590
3.136807
3.014063
3.181078
3.064616
3.090939
2.965172
3.069724
3.333365
3.302718
3.133924
3.030555
3.159180
3.001312
2.988475
3.014939
3.232949
2.958882
3.219009
3.070640
3.135180
3.075646
3.148956
2.992672
2.997989
2.957202
3.033101
3.086429
3.117404
2.945265
3.141128
3.106184
3.059799
3.087595
2.963022
3.097796
3.247811
3.130835
3.034338
3.007918
3.117644
3.015539
3.043850
3.068020
3.247522
2.997148
3.109231
3.150831
3.042931
3.022228
3.095848
2.986587
3.099301
3.031380
3.040918
3.091361
2.968584
3.079918
3.092482
3.091185
2.989808
3.138970
3.162734
2.996273
3.038924
3.169196
3.032131
3.026586
2.984138
3.084335
3.083310
3.058212
3.116141
3.061365
3.034135
2.948349
2.936312
3.037802
3.161196
2.992940
3.140880
3.062071
3.115002
3.044550
3.064334
3.047732
3.093746
3.077642
3.095479
3.036690
3.059906
3.091579
3.014401
3.007891
3.018320
2.988889
3.266921
2.990269
3.041900
3.047900
3.401201
3.200120
3.038590
3.045101
3.064054
3.209887
3.053962
2.997282
3.041678
3.047384
3.063932
3.062797
3.054093
2.959672
3.016978
3.191139
3.076580
3.081454
3.004099
3.100808
3.055373
3.008889
3.059423
3.105069
2.967760
2.978856
2.995563
3.014786
3.093412
3.164227
3.040465
2.924184
3.056959
3.007857
3.302328
3.011307
3.107396
3.004332
3.035379
2.992903
3.023636
3.032708
3.151164
3.014293
3.089217
3.034723
3.122763
3.089942
3.079086
3.036910
3.064582
3.216097
3.062288
2.973131
2.971316
3.021777
3.075183
3.211138
3.037514
3.010870
3.020788
3.059771
3.036452
3.144741
3.058803
3.203538
3.045587
3.002570
3.051103
3.090396
3.147889
3.075598
2.931539
3.379318
3.041542
3.196575
3.073929
3.110072
3.155907
3.064250
2.984478
3.102971
3.017962
3.095703
3.080654
3.103657
3.058927
3.006627
3.149716
2.998738
3.111756
3.177048
2.993778
3.009273
2.974436
3.067833
3.183307
3.077949
3.038032
3.001378
3.172388
3.199147
2.916587
3.053275
3.011521
3.264205
3.018034
3.098282
3.016960
3.057063
3.067304
3.049213
3.039828
2.991826
2.982888
3.184979
3.023146
3.028172
3.020411
3.133249
3.066366
3.055628
3.002656
3.043744
3.169787
3.098113
3.015412
3.072827
3.085766
3.116056
2.973906
3.004545
3.258346
3.008651
3.000103
2.973597
3.168549
3.138369
3.110754
3.161189
2.999697
2.936651
3.190827
3.054861
3.020783
3.223099
3.017248
3.157458
3.092621
3.201909
3.086471
2.982682
2.991397
3.095659
3.232021
3.083709
3.105988
3.089680
3.091917
3.164995
3.004486
3.103640
3.003711
2.932063
3.180312
3.122981
2.955266
3.093107
3.190852
3.080695
3.041522
3.125313
3.145621
3.060191
3.104765
3.220361
3.111765
3.053925
2.986920
3.033537
3.104824
3.169456
3.050191
3.093187
2.966213
3.169320
3.244509
3.137483
3.023587
3.054665
3.032137
3.016633
3.278199
3.013023
3.005709
3.042870
3.194228
3.095968
3.129028
3.245100
2.980541
2.971826
2.956347
3.143422
3.117647
3.035452
2.968184
3.200909
3.353006
3.140919
3.052977
2.991899
3.267214
3.017770
3.128406
3.132772
3.005356
3.114783
3.069248
3.039460
3.199853
3.000792
3.077419
3.016254
3.250297
3.073599
3.031293
3.062654
3.025549
3.186773
3.117454
3.269431
3.074038
3.050874
3.167788
3.059642
3.025833
3.049884
3.228265
3.141329
3.018798
3.122148
3.202229
3.223600
3.118918
3.070960
3.011070
3.284754
3.088196
3.089588
3.005476
3.076654
3.054069
3.124325
3.079627
3.040227
3.075434
3.066385
3.066680
3.103115
2.965150
2.999632
3.122361
2.986020
3.170683
3.013954
3.064991
3.126352
3.149918
3.103923
3.074388
3.050133
3.175368
2.922474
3.100173
3.003214
3.235878
3.003669
3.068055
3.092825
2.940212
2.976214
3.253247
3.021539
3.289103
3.039265
3.122768
3.067357
3.148707
3.033388
3.137780
3.050366
3.009268
3.043242
3.123628
3.064227
3.135444
3.031777
3.113274
3.073671
2.931882
2.984506
3.199905
3.095165
3.070725
3.044939
2.966251
3.103261
3.006837
3.051359
3.016464
2.963909
3.173428
3.001549
3.234577
3.049625
3.085223
2.964009
3.120566
3.008736
3.053003
3.030202
3.024630
3.079477
2.956502
2.984105
3.012380
3.027197
3.164018
3.018166
3.193263
3.110015
2.971321
3.026716
3.177050
3.037840
3.033269
3.078792
3.102348
3.017838
3.056535
2.978249
3.054560
3.180319
3.135087
3.019598
3.052804
3.143417
2.983584
3.040066
2.999312
3.162366
3.058842
3.157241
3.146022
2.955309
3.060641
3.105258
3.088424
3.040100
3.145110
3.117617
3.014727
3.049799
3.030267
3.190008
2.955955
3.136124
3.094043
2.981897
3.326784
3.185629
3.043728
3.187275
3.190925
3.107939
3.119719
2.990031
3.047267
3.123895
3.046164
2.970601
3.033470
2.987817
3.055468
3.186959
3.058771
3.117106
3.048523
3.052912
3.083461
3.056906
3.052069
3.035594
3.090330
3.087306
2.977345
3.111784
2.976197
3.121011
3.091342
3.078655
3.014512
3.052520
3.244396
3.087155
3.056964
3.097852
3.037261
3.119957
3.103366
3.060437
3.015481
3.194424
2.975571
3.071934
3.069750
3.190524
3.143384
3.072138
3.117772
3.034990
3.065097
3.154202
3.218647
3.032861
3.010798
3.272679
3.065890
2.997919
3.152377
3.094700
3.113291
3.014630
2.965773
3.013529
3.152917
3.035576
3.069730
3.147158
3.060896
3.078585
3.065195
3.060723
3.136711
3.128923
3.060073
3.147546
3.093984
2.910468
3.197182
3.102533
3.073920
3.042487
2.990604
3.061051
3.064506
3.007640
3.066128
3.026491
3.015960
3.219847
3.204384
3.096647
3.144409
3.059157
3.154713
3.174746
3.059552
3.053662
3.041616
3.003680
3.121540
3.074669
3.078476
3.100926
3.012401
3.014037
3.044860
3.148515
3.185617
3.042284
3.116115
3.122381
3.108477
3.178613
3.065955
3.044266
3.020144
3.114969
3.000736
3.056983
2.958006
3.094534
3.197773
3.120877
3.054079
2.991443
2.993951
3.125491
3.053921
3.057886
3.155929
3.165511
3.100595
2.975232
3.127903
2.935807
3.063882
3.102463
3.022082
3.179473
3.089112
3.060546
3.102945
3.216906
3.101988
3.059147
3.055295
3.021694
2.897515
3.014279
3.049751
3.030591
3.223019
3.069722
2.958396
3.110817
3.153812
3.164142
3.182626
3.080882
2.973777
3.035549
3.069033
3.116448
3.010491
3.047360
3.084626
3.110285
3.058598
3.098134
3.118970
3.093768
3.058488
3.155185
3.075964
3.162307
3.110775
3.081548
3.002440
2.996426
3.174839
3.176212
3.015225
3.169179
3.006859
3.033494
3.006854
3.000376
3.160114
3.088166
3.262140
3.013828
3.068382
3.163590
3.054367
3.129700
3.128492
3.018362
3.114080
3.204600
3.130050
3.094367
3.102357
3.086498
3.072582
3.109676
3.075147
3.095649
3.063489
3.080360
3.125405
3.030335
3.132164
3.017156
3.166335
3.023679
2.998158
2.992644
3.081412
2.989547
3.047365
3.114264
3.260930
2.960968
2.954834
3.179955
3.236823
3.102315
3.133323
3.331250
3.132314
3.001312
2.989311
3.113909
3.080168
3.066078
3.212547
3.126485
3.098764
2.980450
3.142342
3.042896
3.081744
3.144378
3.052461
3.214372
3.127900
3.055913
3.073150
2.977321
3.100930
3.154052
3.222189
3.050278
3.041333
3.215947
3.032528
3.141876
2.902376
3.156148
3.047435
3.035652
3.005683
3.192912
3.036237
3.066125
3.019652
2.975384
3.057674
3.018177
3.120232
3.145757
3.002022
3.032644
3.139357
3.020818
3.063585
3.219990
3.066382
3.086974
3.215282
3.163639
3.067451
2.987090
3.101033
3.050683
3.195080
3.103749
3.010157
3.166485
2.975468
2.942870
3.050422
3.023667
3.031605
3.010483
3.093265
3.035388
3.129078
3.145023
3.030368
3.129384
3.081089
3.137575
3.197407
2.960947
3.139784
3.048877
3.082382
3.095041
3.100973
2.979071
3.044863
3.066425
3.024194
3.060924
3.026616
3.031389
3.177164
3.113637
3.159972
3.063362
3.057161
3.253279
2.959576
3.002473
3.011004
3.220875
3.043115
3.029043
3.040797
3.058460
3.075609
3.135691
3.143882
2.976878
3.008661
2.999218
3.056990
3.039220
2.969023
3.067963
3.066935
3.210013
3.053152
3.071406
3.037071
3.013598
3.057530
3.105815
3.190805
3.020746
3.077058
3.049361
3.058879
2.986285
3.173629
3.064018
3.033654
3.013585
3.082231
3.016186
3.290947
3.107600
3.153951
3.104474
3.004201
3.050350
3.068944
3.046959
3.057477
3.081825
3.104923
3.091822
3.055811
3.012950
2.997180
3.032578
2.995630
3.007700
3.207536
2.988510
2.992921
3.134438
3.030127
3.094095
3.108646
3.131638
3.175006
3.009474
3.036258
3.076589
3.102140
3.099545
3.115961
2.912935
3.152036
3.105572
3.012994
3.037067
3.047798
2.954811
2.995773
2.996346
3.076214
3.140819
3.050684
3.063362
3.116801
3.250114
3.085333
3.149455
3.010005
3.029030
2.947552
3.104321
3.006260
3.206715
3.191407
3.187555
3.116031
3.122348
3.319386
3.023967
3.012376
3.011355
3.052598
2.988829
3.101187
2.990300
3.002168
3.158704
3.047989
3.053683
3.043281
3.064311
3.099899
3.022861
3.106216
3.181099
3.141856
3.160332
3.050749
3.048202
3.127455
3.009402
3.041925
3.076279
3.090782
3.043966
3.016449
3.043863
3.077998
3.025919
3.018490
3.102104
3.028931
2.921584
3.278367
3.020571
3.049119
3.179107
3.000084
3.025658
3.257539
3.124467
3.074799
3.018199
3.089942
3.234030
3.045134
3.006306
3.018177
3.167345
3.205339
3.144388
3.053232
3.037227
3.101251
3.058234
3.005825
3.031836
3.168041
3.105294
2.960918
3.048731
3.004351
2.989404
3.174900
3.079164
2.959186
3.119658
3.037794
3.033789
3.090436
3.215802
3.118940
3.058616
3.139688
3.122699
2.993322
3.022837
3.071605
3.073631
3.157352
2.961442
3.120584
3.183125
3.119725
3.084643
3.143627
2.957657
3.006330
3.057465
3.192418
3.021785
3.126714
3.059607
3.195467
3.094698
2.972013
3.084698
3.060618
3.025448
3.119591
3.054588
3.153791
3.013757
3.128892
3.144053
3.040154
3.049668
3.039850
3.065457
3.163589
3.090200
3.068084
3.127568
3.089011
3.071361
3.188237
3.166676
3.055641
3.050737
3.084101
3.081500
3.187755
2.984974
2.954947
3.200674
3.059142
3.040583
3.080032
3.183691
3.141031
3.106335
3.111434
2.981011
3.100475
3.124187
3.062553
3.105706
3.140213
3.070935
3.074814
3.081971
3.018611
2.985793
3.109592
3.179074
3.083880
3.025948
3.074412
3.036716
3.216376
3.196220
3.162295
3.008912
3.045614
3.057482
3.138310
3.091501
3.138025
3.151837
3.098519
2.891584
2.954553
3.112058
3.145642
2.997073
3.212347
3.033117
3.090809
3.120637
3.025216
3.155240
3.051665
3.123513
2.960732
3.158450
3.019024
2.967328
3.025272
3.074127
3.095194
2.993895
3.201531
3.110768
3.053481
3.074829
3.005986
3.302691
3.082668
3.018785
3.208873
3.007333
2.954618
3.095237
3.084047
3.102400
2.976054
3.099232
3.163870
2.931938
3.051491
3.084835
3.077885
3.056543
3.131385
2.999324
3.188130
3.004023
2.972505
3.049944
3.123525
3.152509
3.153815
3.063478
3.086125
3.117545
3.047482
3.050008
2.963081
3.238765
3.093725
3.133984
3.040972
3.024699
3.149911
3.038100
3.025896
3.205737
3.032789
3.039579
3.114938
2.981391
3.074193
3.158572
3.018178
3.171671
2.994996
3.032661
3.017005
3.013974
3.143584
2.980070
3.207265
3.081865
3.205003
3.069546
3.063843
3.124837
3.071937
3.268699
3.011211
3.072064
3.082744
3.078698
3.190592
3.056135
3.026581
3.042018
3.011075
3.048731
3.175224
3.124654
2.971717
3.061127
3.186575
3.048454
3.119504
3.020746
3.058339
3.184109
3.096373
3.076266
3.087447
3.078242
2.987109
2.990990
3.152631
3.121740
3.060008
3.107946
3.054500
3.057794
3.027577
3.087621
3.168427
2.923198
2.988347
3.034588
2.957515
3.123140
3.155032
3.119995
3.090261
3.134803
2.999319
3.063724
3.109682
3.020491
3.029447
3.187628
3.089012
3.115646
3.162038
3.029019
2.994212
3.224355
3.074080
3.075623
3.015369
3.108698
3.063160
3.172589
3.033527
2.980144
3.009827
3.219432
2.947396
3.018128
2.987538
3.111215
3.060609
3.129359
2.983248
3.172569
3.137303
3.110535
3.059618
3.113864
3.063734
3.017238
3.048530
3.229794
3.117565
2.963735
3.046319
3.259355
3.178259
3.050888
3.135042
3.034832
3.195985
3.064098
3.041773
3.034204
3.096449
3.081282
3.035153
3.043789
3.093591
3.028110
3.027013
3.035376
3.021932
3.110758
3.113229
3.056480
3.043051
3.019014
3.154045
3.156155
3.052173
3.152595
2.961385
3.114586
2.989714
3.178665
3.152495
3.061376
3.242814
2.977744
3.037957
3.150700
3.040371
3.164950
3.022366
3.056400
3.146067
3.019982
3.130651
3.343942
3.085838
3.113829
2.983213
2.952749
3.215898
3.031475
3.069169
3.167570
2.998612
3.209444
3.109867
3.045483
3.095443
3.039442
3.107504
3.005590
3.061886
2.956485
3.012103
3.060142
3.158289
2.937131
2.973623
2.933155
3.098652
2.988025
3.037495
3.110665
3.125175
2.965410
3.151500
3.036673
3.228553
3.049889
3.056666
3.169258
3.010999
3.091289
3.113514
3.041181
3.133899
3.030930
3.102910
3.079134
3.041406
3.062061
3.116920
3.067518
3.104344
3.096502
3.050506
3.024344
3.007646
3.077966
3.038987
3.030773
3.003451
3.188966
2.988017
3.113982
3.030550
3.002404
3.243082
3.046421
3.091510
3.075893
3.201312
3.124534
3.025525
3.087731
3.235473
3.144614
3.018241
3.156451
3.188850
3.079729
3.170670
3.016840
2.912828
3.011423
3.038171
3.019271
3.180794
3.147700
3.188337
3.047568
3.111353
3.059279
3.082308
3.149850
3.093176
3.148651
3.057218
3.070572
3.146167
2.961812
3.056477
3.096375
3.213008
2.987193
3.098754
3.059454
3.020319
3.014885
3.056096
3.097830
3.023071
3.186824
2.979301
3.276866
3.043215
3.177311
3.021844
2.950275
3.063417
3.222852
3.164059
3.108251
3.001822
3.024364
3.119850
3.068651
3.027268
3.023610
3.016977
3.073932
3.037008
3.066589
3.092642
3.042329
3.153052
3.064792
3.001028
3.167030
3.058464
2.970702
3.233623
3.215488
3.070549
3.027572
3.031891
3.016739
3.111451
3.045209
3.142120
3.099165
3.032526
3.021247
3.039689
2.978093
3.060000
3.374194
3.149640
3.254407
3.189323
3.072712
3.140401
2.990387
3.077740
3.035294
3.106815
3.033308
3.117730
3.103643
3.115718
3.061229
3.146467
2.952725
3.040986
3.044659
2.953291
3.060282
3.073974
3.218297
3.071836
3.161190
3.016433
3.177345
3.128672
3.025435
3.067398
3.015769
3.049872
3.117882
3.158739
3.082484
3.104370
3.042849
2.979621
3.034945
3.013977
3.105753
2.948454
2.992438
3.190439
3.049399
3.178380
3.065333
3.131588
2.987620
3.060801
2.973418
2.961233
3.029048
3.112769
3.119655
3.128746
3.199070
2.969054
3.168558
3.051507
3.056144
3.099351
3.180262
3.077885
3.088352
3.078753
3.137293
3.066107
3.026600
2.999769
3.090594
3.086985
3.034591
3.075030
3.080774
2.927514
3.075420
3.018690
3.014774
2.958148
3.073776
3.025098
3.161112
3.033027
3.111101
3.183893
3.152182
3.056033
3.062252
3.154821
3.076686
3.056741
3.177128
3.179499
3.138439
3.194445
3.040902
2.997935
3.014593
3.028812
3.069905
3.139867
2.915226
3.270394
3.199290
2.996246
2.971179
3.022532
3.057092
3.095725
3.145000
3.001790
3.038403
3.116963
3.288654
3.074256
2.990249
3.189004
2.978637
3.055781
3.160980
3.150921
3.068976
3.015744
3.274165
3.146150
3.065068
2.995214
3.074081
3.111851
3.021729
2.954290
2.989019
3.123613
3.058123
3.150843
2.977204
3.029672
3.023905
3.083655
3.081282
3.128893
3.169439
3.036836
3.123827
3.078145
3.119791
3.037715
3.118283
3.208330
3.065362
3.038456
3.045567
3.089264
3.072821
3.112161
3.286579
3.088534
3.058290
3.085397
3.060465
3.016288
3.085607
3.120633
2.978608
3.054284
3.263338
3.225884
3.191419
3.235208
2.934804
2.940933
3.101691
3.077448
3.060053
3.061292
3.090544
3.073028
3.049755
3.142877
3.097276
3.028949
3.014711
2.998946
3.237406
3.271163
3.072916
3.032969
3.169959
3.059444
3.055775
3.107987
3.039424
3.041843
3.088248
3.101141
3.095856
3.016686
3.123938
3.022512
3.167452
3.003013
3.015373
3.046719
3.032901
2.967474
3.204576
3.023691
3.032901
3.032966
3.028055
3.059321
3.089751
3.218386
3.029214
3.130094
3.151482
3.281728
2.980504
3.029766
3.005458
2.985109
3.089896
3.068117
3.034898
3.151051
3.176898
3.094857
2.985948
3.004170
3.103654
3.207573
3.176627
3.002814
3.036752
3.042468
3.116321
3.033210
3.093987
2.977806
3.089509
3.043029
3.049391
2.987600
3.111952
3.169139
3.036400
2.961535
2.923262
3.011272
3.310193
3.027555
3.234595
3.083951
3.074438
3.105126
3.137668
3.028779
3.163350
3.086350
3.101024
2.987940
3.188177
3.045780
3.098176
3.008382
3.173319
3.049335
3.021610
3.045950
3.056000
3.155769
3.029238
2.969597
3.019372
3.098396
2.990446
3.032525
3.215749
3.146302
2.882306
3.216947
3.100719
3.124806
3.059843
3.163518
3.071174
3.077032
3.075215
3.202111
3.081747
3.036677
3.092561
3.104613
3.130016
2.980605
3.031840
3.092647
3.047575
3.180844
3.036881
3.052257
3.256873
3.136386
3.016321
3.041660
3.025003
3.002089
3.085015
3.024742
3.286665
2.988961
3.126399
3.079413
3.063479
3.072117
3.150553
3.076353
3.010032
3.078326
2.997307
3.004119
3.112274
3.081319
3.064166
3.082516
3.047925
3.105275
3.033969
3.115218
3.093824
3.287147
3.007250
3.000259
2.989082
2.986681
3.184364
3.255879
2.962318
3.027861
3.148355
3.026845
3.063890
3.168180
3.042468
3.148277
3.243692
3.178478
3.154231
2.993856
3.086130
3.024225
3.129401
3.184333
3.005841
3.030477
3.016949
3.128519
2.955807
3.157655
2.973658
3.123937
3.103186
3.058250
3.109205
3.041017
3.247177
3.077596
2.929205
3.098074
3.087297
3.069732
3.096535
3.030416
3.080144
3.074365
3.144878
3.035517
3.112138
3.026541
3.012877
3.083116
3.027213
3.192530
3.129147
3.097528
3.085517
3.041848
3.007566
3.069334
3.111740
3.003900
3.178939
3.051018
3.108289
3.061192
2.974834
2.967686
3.016353
3.193870
3.026303
3.106720
3.015055
3.104130
3.070409
3.086632
3.042897
3.133274
3.234647
3.127541
3.009147
3.074131
3.049339
3.150455
3.033279
3.168122
2.992018
2.969360
3.024003
3.151935
3.013038
3.079619
3.210930
2.984200
3.118484
3.179596
2.993143
3.190267
3.209308
2.998227
3.106198
2.963085
2.987797
3.148813
2.986252
3.260445
3.070818
3.000965
3.050513
3.042762
3.084502
3.052749
3.016357
3.019112
3.227001
3.169291
3.112089
3.023076
3.094211
3.006907
2.999605
3.099722
3.188778
3.150927
3.125729
3.041898
3.076705
3.012281
3.109422
3.083489
3.048021
2.974371
3.115037
3.210648
3.121060
3.027531
3.090132
3.073983
3.054989
3.113216
3.079341
3.036118
3.170299
3.021529
3.092125
3.034580
3.038646
3.077048
3.121881
3.058436
3.138788
3.162960
3.084998
3.079126
2.959315
3.011270
3.074913
3.263050
3.241598
3.164841
2.994353
3.053486
3.093628
3.058580
3.167060
3.209930
3.107105
3.021998
3.124867
3.103908
3.118018
3.134719
3.053001
3.120010
2.980340
3.130298
3.051032
3.113288
3.084931
2.980928
3.042696
3.144589
3.169456
3.176404
2.995616
3.073994
3.098810
2.955296
2.990717
3.140275
3.122282
3.040331
2.973426
3.025852
3.094156
3.137395
3.080864
3.215891
3.004577
3.137973
2.956974
2.975843
3.010904
3.124018
3.069121
3.141508
3.098377
2.951816
3.040930
3.177972
3.298829
3.074786
3.036841
3.053368
3.108811
3.087439
3.015889
2.985105
3.055730
2.960486
3.158297
3.050586
2.940051
3.096427
3.083209
3.227021
3.173845
3.083234
2.983526
3.088541
3.049823
3.156663
3.094888
3.008317
2.979198
3.050200
3.174392
3.105765
2.995687
3.053338
3.068728
3.007792
3.042704
3.095546
3.012798
3.061292
3.023795
2.972881
3.137293
3.253718
3.099189
2.970283
3.153782
3.058516
3.105512
3.141505
3.074156
3.135247
2.994017
2.998156
3.110191
3.198468
2.987930
3.008507
3.121767
3.093341
2.992483
3.201527
3.115086
3.105066
3.048032
3.282342
3.063185
2.994067
3.033061
2.994219
3.234612
3.074981
3.023679
3.022786
3.089881
3.152187
3.062317
3.012402
3.111122
3.185658
3.051356
3.109966
3.103096
3.035466
2.996101
3.177546
3.008641
2.944029
3.131958
3.208480
3.080599
3.105461
3.130158
3.160627
3.018802
3.033117
2.999657
3.083428
3.135373
3.008066
3.172116
3.078225
3.058593
3.062190
3.024314
2.941428
3.013002
3.169127
3.122475
3.034922
3.119197
3.154889
3.071584
3.108832
2.992252
3.264260
2.975497
2.995898
3.166337
3.163427
3.226562
3.067204
3.018476
3.121119
3.028570
3.037448
3.019292
3.130067
3.090536
3.032196
3.079625
2.998949
3.077985
2.974744
3.126677
3.229148
3.110633
3.312118
3.023973
3.037077
3.010934
3.036564
3.061672
3.038417
3.094214
3.020219
2.910510
3.090267
3.154159
3.195766
2.945864
2.947865
3.127995
3.091192
3.086402
3.149895
3.063958
3.057018
3.083652
3.026860
3.083165
3.091692
3.039545
3.063561
3.176170
3.051894
3.150364
2.934378
3.038950
2.992726
3.167294
3.074089
3.103829
3.020502
2.997800
3.196410
3.079932
3.095479
3.029460
3.242066
3.011733
2.995899
3.030068
3.109479
3.049955
3.003422
3.044138
3.038581
3.079746
3.063275
3.054272
3.103663
3.115226
3.045131
3.185338
2.966996
2.951323
3.171553
3.144784
3.115524
3.079024
3.160559
3.085488
3.145226
3.062395
3.114331
3.074608
3.101678
3.060672
3.066356
3.100810
3.094273
3.040277
3.117136
3.140457
3.145539
3.160700
2.935609
2.999208
3.099259
3.001840
3.335678
2.961518
3.100415
3.222157
2.963927
3.138712
3.022927
3.095116
3.363082
3.008322
3.004054
3.155403
3.036781
3.157905
3.068884
2.937385
3.021666
3.028653
2.974930
3.130646
3.211709
2.985531
3.168445
2.982577
3.335838
2.998404
3.106343
3.038520
3.048094
3.175748
3.041145
3.032208
3.112031
3.175411
3.093101
2.975359
3.251058
3.035956
3.095060
2.994712
3.228636
2.963475
3.023616
3.037537
3.055310
3.058826
3.023605
3.120849
2.962890
3.019738
3.077388
3.082770
3.124424
2.982064
3.023724
3.042951
3.022185
3.096214
3.060400
3.001765
3.174740
3.043909
3.020735
3.110424
3.039350
3.048229
3.007493
3.176420
3.039745
2.972120
3.031140
3.209356
3.191499
3.161239
3.128716
2.952023
2.995971
3.232725
3.098929
3.189587
3.117029
3.056484
3.154613
3.126512
2.890576
3.089232
3.132529
3.087285
3.092574
3.018770
3.024849
3.026432
3.160002
3.050136
3.148573
3.109297
3.162449
3.084928
3.006955
2.988685
2.995861
3.239809
3.110330
3.124279
3.096913
3.111240
3.143021
3.033546
2.968070
3.115455
3.015417
3.044187
3.010474
3.143495
3.123313
3.050811
3.177291
2.980573
2.991679
3.171586
3.046066
3.109565
3.017333
3.048211
2.982231
3.054562
3.077531
3.156415
3.071864
3.119632
3.159433
2.958124
3.246847
3.119569
2.972601
3.208055
3.179511
3.052207
3.047973
2.976864
3.184847
3.104686
3.058862
3.056254
3.070733
3.134417
3.063493
3.021438
3.077202
3.112301
3.080343
2.988615
3.115231
3.069636
2.995507
3.069192
3.026274
3.060490
3.090911
3.145726
3.097050
3.105671
3.178684
3.030300
3.106581
3.135028
3.136579
3.074146
3.099182
3.027803
3.046454
3.116997
3.027650
3.190194
3.049980
3.091796
3.121798
3.123503
3.011794
3.093137
3.084727
3.001672
3.077934
3.082149
3.120323
3.061692
3.023886
2.991070
3.027850
3.167431
3.076345
3.123684
3.054290
3.043645
2.973454
3.143668
3.061614
3.042340
3.152120
3.043592
3.072722
2.945314
2.980955
3.336603
3.135524
2.969820
3.062948
3.115432
2.974429
2.985727
3.122128
3.146008
3.067202
3.030959
3.054599
3.025845
3.051536
3.169556
3.048383
3.167934
3.004468
2.976114
3.044387
3.152761
3.010019
3.039152
3.099385
3.111420
2.978387
3.067418
3.111785
3.006540
3.058318
3.149752
3.230893
3.032399
3.184190
3.115510
3.125505
3.037382
3.075645
3.018080
2.985981
3.001266
3.044991
2.995987
3.064243
3.053046
3.054776
2.984408
3.188052
3.082248
3.082870
3.084983
3.029686
3.035033
2.969160
3.028745
3.173208
3.068335
3.057578
3.129173
2.986962
3.054629
3.199572
3.091532
3.002821
3.194226
3.001514
3.157078
3.043614
3.120249
3.125110
3.096681
3.037248
3.111247
3.045331
3.037879
3.133081
3.026889
3.159081
3.139714
3.117396
3.106428
3.053510
3.289280
3.078166
3.086050
2.992888
2.986402
3.167826
2.950580
3.048140
3.103283
3.049367
3.089427
2.973254
3.050484
2.997181
3.016858
2.990382
3.066567
3.040287
3.036659
2.980229
2.988865
3.213467
3.141732
3.122463
3.160790
3.088151
2.985792
3.111266
3.060061
3.081664
3.019361
3.059193
3.121918
2.991182
3.005813
3.060665
2.950978
3.107774
3.052809
3.110222
3.156418
3.235999
2.978593
3.136998
3.096871
2.987372
3.029423
3.047855
3.071904
3.060073
3.134919
3.081569
3.125914
3.121525
3.075504
3.116736
3.095647
3.069547
3.065058
3.015332
3.080868
3.063484
3.121869
3.000446
3.150577
3.132842
3.121011
3.145570
3.020001
3.048583
3.067196
3.071999
3.055110
3.098583
3.264719
2.998895
3.112616
3.200451
3.170564
3.249164
3.057568
3.104291
3.073079
3.105292
3.147983
2.997933
3.134469
3.003762
3.156231
3.096197
3.005342
3.059259
3.075074
3.132472
3.028183
3.033506
3.047522
3.250886
2.991357
2.976450
3.056535
3.074393
3.122077
3.091390
3.162533
3.054789
3.026287
3.048350
3.259720
3.011605
3.000843
3.144076
3.088047
3.103622
2.966746
3.191375
2.983520
3.085367
3.029381
3.232107
3.100531
3.004554
3.122782
3.096745
3.022380
3.069724
3.091188
3.088716
3.021854
3.092275
3.031170
3.209317
3.050264
3.124303
3.045599
2.993213
3.003820
3.195161
3.006494
3.207553
3.002061
3.032256
3.045571
3.025049
3.143692
3.092325
3.138583
3.132008
3.168584
3.063067
3.128120
3.039105
3.170330
3.063950
3.059018
3.011842
3.018940
3.189939
3.050922
3.053364
3.135565
3.033570
3.175250
3.006262
3.118355
3.138964
3.163882
2.969123
3.167821
2.918049
3.243791
3.048043
2.999771
3.025234
2.883129
3.041586
3.131698
3.131915
3.087404
3.047252
3.152521
3.083302
3.125255
3.062619
3.049798
3.053592
3.240545
3.081797
3.100583
3.078364
3.027832
3.083260
3.059507
3.078685
3.082144
3.059436
3.080010
3.288347
3.004628
3.140401
3.202592
2.991979
3.044410
3.024350
3.014814
3.007022
3.027568
3.087248
3.144376
3.075035
3.023744
3.063175
3.073212
3.043393
3.075335
3.004917
2.968805
3.024493
3.201972
3.184888
3.205978
3.082049
3.013043
3.009998
3.224034
3.058419
3.061028
3.225586
3.180470
3.022081
3.065209
3.024602
2.932540
3.257454
3.199750
3.082364
3.191212
3.147244
3.045528
3.121706
3.144837
3.054743
3.062621
3.002828
3.079321
3.177067
3.046499
3.215617
3.022706
3.086258
3.011501
3.107803
3.119735
3.139945
3.060907
3.121531
3.053600
3.027778
3.192677
3.076719
3.099141
3.105333
3.081635
3.104180
3.059277
3.059194
3.039611
3.030642
3.151372
3.077812
3.112384
3.102098
3.050709
3.111972
3.074557
3.021279
3.038594
3.071419
3.191351
3.138143
3.053537
3.069371
3.098345
3.197369
3.149865
3.138193
3.117941
3.105460
3.065878
3.033896
3.110509
3.058799
3.097372
3.007956
3.075348
3.120798
3.042768
3.034837
3.091547
3.092929
3.074018
3.165992
2.952269
3.283248
2.993047
3.136918
3.073879
3.107710
3.153066
3.094701
2.974094
3.042802
3.221766
3.157575
3.105631
2.997232
3.067500
2.998752
3.094249
3.122407
3.045124
3.234785
2.977363
3.050439
3.027216
3.259352
3.070068
3.129859
3.017854
3.157786
3.060542
3.054422
3.008928
3.068558
3.023175
3.163768
3.061103
2.997179
3.105325
3.148835
3.069896
3.124109
3.018090
3.050103
3.094811
2.978628
2.963013
3.023675
3.205315
3.266782
3.011500
3.066754
3.026359
3.130202
3.002651
3.138999
3.024267
3.109621
3.173216
3.008688
3.007930
3.120916
2.972968
2.968244
3.154460
3.173145
2.972181
3.102689
3.085010
3.231082
2.981161
3.093869
3.085211
3.071733
3.054482
2.971398
3.086535
2.962128
3.109219
3.091347
3.118285
2.975065
3.023524
3.027302
3.171449
2.998448
3.176911
3.105475
3.100695
3.039828
3.008719
3.128147
3.069815
3.013785
3.236151
3.025668
3.119777
3.064712
3.032640
3.027228
3.056270
2.951166
3.083012
2.969085
3.205673
2.946246
3.055124
3.167177
3.080744
3.054029
3.085252
3.012190
3.059913
3.147903
3.006860
3.020786
3.109007
2.983106
3.111724
3.017247
2.979906
3.056771
2.930040
3.092162
3.171009
3.111355
3.027181
3.018231
3.017044
3.077275
3.092332
2.992106
3.169381
2.965947
3.263570
3.056556
3.096890
3.017948
3.008455
3.198756
3.212208
3.082868
2.947126
3.164370
3.114983
3.051096
3.225211
3.098630
3.023241
3.286647
2.972624
3.039194
3.116862
3.206217
2.963768
2.987321
3.134129
3.001538
3.020647
3.070246
2.953513
3.102171
3.163468
3.172320
3.054872
3.087910
3.138924
3.045064
2.897458
2.944561
3.177297
2.975271
3.116449
3.143762
3.110401
3.057036
3.015730
3.035450
3.056705
3.057669
3.010652
2.966859
3.100473
3.027512
3.096614
3.039553
2.989849
3.021812
3.020678
3.164662
3.043111
3.132460
3.127749
3.011791
3.022720
3.022927
3.048489
3.058710
3.065253
3.029005
3.101675
3.147655
3.080612
3.029925
3.069222
3.023077
3.266258
2.983138
3.108053
3.069944
3.018748
3.100957
3.105986
3.022190
3.056908
3.222568
2.957732
3.071960
3.137564
3.054435
3.103849
3.071769
3.287784
3.062596
3.071054
3.010212
3.062619
3.034539
2.971673
3.178618
3.105043
3.088910
3.251256
3.044965
3.127399
2.999482
3.019576
3.120371
3.073278
3.017288
3.070161
3.024901
3.187073
3.017229
3.079456
3.271709
3.057955
3.158828
3.236079
3.034322
3.074957
3.050693
3.041862
3.144784
3.033001
3.004944
3.072673
2.992199
3.020877
3.136429
3.233559
3.072086
3.024629
3.090154
3.030354
3.011850
3.111339
3.132132
3.003876
3.028156
3.083017
3.142283
3.116635
3.042277
2.953201
3.015346
2.928080
2.976640
3.051744
3.049407
2.961765
3.068527
3.030423
3.068212
3.096052
3.012352
3.015239
3.030737
3.105731
3.162246
3.033178
3.082712
3.039676
3.058465
2.988650
3.199142
3.004943
2.934339
3.043038
3.102578
3.068194
3.036540
3.048768
3.105586
3.065432
3.018041
3.061392
3.107449
3.036941
3.025572
3.117940
2.962432
3.187352
3.024420
3.238074
3.101920
3.112482
3.037619
3.216915
3.104971
3.121922
3.073966
3.115613
2.935707
3.189448
3.145338
2.996301
3.233707
3.103200
2.960300
3.089896
3.041387
2.963062
3.128136
3.096811
3.038497
3.098584
3.271081
3.078412
3.105293
3.165559
3.167597
3.042879
3.068435
3.084949
3.272075
2.976234
3.249867
3.117954
3.052685
3.069467
3.102737
3.110009
2.986293
3.066838
3.011434
3.088723
3.076573
3.064902
3.015066
3.225114
3.045957
3.066117
3.084409
3.157249
3.065907
3.000058
3.095373
3.080762
3.039131
3.085558
3.075235
2.996506
3.163697
3.027929
3.041611
3.198902
3.126442
3.039563
3.313405
3.094609
3.005425
3.080559
2.949596
3.137474
3.012270
3.028339
3.247790
3.020346
3.130960
3.084793
3.119234
3.143780
3.135861
3.093689
3.004221
3.136918
3.074362
3.004416
3.112488
3.203739
3.044692
3.094594
3.151231
3.025893
3.063539
3.065351
3.139912
3.103296
3.175950
3.050525
3.185686
3.035792
3.350621
3.084647
3.038623
3.025490
3.178345
3.178781
2.959940
3.078385
3.048092
3.229778
3.316026
3.095532
3.041465
3.022462
3.034745
3.071434
3.159120
3.095536
3.106689
3.102989
3.002029
3.000400
3.065128
3.065703
3.109369
2.947218
3.101703
3.105923
3.242703
3.134846
3.126826
2.993320
3.112613
3.127582
2.993388
3.049424
3.019340
3.054859
3.064346
3.114208
3.052693
3.023646
3.018992
3.034521
3.017398
3.120680
3.059454
3.045529
3.149970
3.111705
3.193345
3.021688
3.050616
3.021571
3.246068
3.217883
3.004025
3.100406
3.140423
3.086548
3.125022
3.220899
2.975963
3.005992
3.009799
3.028215
3.113666
3.163460
3.156568
3.003663
2.915601
3.150876
2.948394
3.160739
3.091415
3.287684
3.083920
3.040444
2.971507
3.268738
2.967949
3.009651
3.023177
3.165066
3.065462
3.174688
3.042866
3.001299
3.014726
3.081781
3.061417
3.107875
2.964246
3.194669
3.145586
3.034805
3.118890
3.050879
3.087928
2.996916
3.043810
3.094259
3.041643
3.040725
3.109402
3.044644
3.151772
3.076828
3.070271
3.001539
3.051914
3.048173
3.064494
3.047341
3.092694
3.064078
3.110235
3.088852
2.967096
3.001257
3.109624
3.112435
3.059519
3.214322
3.040661
3.134889
3.073563
3.001579
3.184551
2.994441
2.936735
3.028039
3.119011
3.082927
3.162540
3.023397
2.985916
3.015098
3.058443
2.917969
3.081104
3.158568
3.072625
2.953395
3.137167
2.910300
3.054493
3.032715
3.189725
3.124804
2.974592
3.182701
3.081458
3.108602
2.996272
3.127204
3.185946
3.172536
3.020232
3.118654
2.982939
3.199820
3.166327
3.000526
3.207229
3.065971
3.046638
3.040278
3.155897
3.206905
3.093521
3.121590
3.149628
3.104890
3.087534
3.029108
3.093719
3.123381
3.118477
3.162499
2.990430
3.005944
3.008863
3.210509
3.008158
3.066055
3.035712
3.084603
3.042805
2.956261
3.025556
3.149316
3.039666
3.028894
3.158681
3.198101
3.000667
3.101939
3.067780
3.009164
3.008595
3.089222
3.058199
3.087291
3.082687
3.134862
3.071422
3.159223
3.062266
3.055059
3.016482
3.030501
3.145077
3.104396
3.126687
3.098632
3.096488
3.152199
3.096712
3.169510
3.114916
3.062317
3.070450
2.979012
3.073508
3.089430
3.177187
3.162599
3.056107
3.031494
3.062129
3.105802
3.057569
3.041224
3.002706
3.086044
3.057412
3.152476
2.954777
3.218345
3.019188
3.082591
2.959208
3.170548
3.068184
3.039732
3.061251
3.073794
3.016109
3.126608
3.068128
3.024826
3.047412
3.177527
3.115426
3.287836
3.040450
3.138939
3.052731
3.211820
3.026293
3.017422
3.049267
3.130146
2.956458
3.134456
3.109411
3.009987
3.153496
2.982028
2.993140
3.007228
3.145682
3.056198
3.132442
3.228911
3.062086
2.957393
3.112058
3.113017
3.033537
3.061600
3.212520
3.243640
3.060815
3.076640
3.068474
3.085815
3.026211
3.073329
3.153929
3.058281
3.064891
2.990233
3.062057
3.045255
3.059803
3.058316
2.954184
2.975267
3.191310
3.093317
3.037318
3.035195
3.006372
3.153797
2.982802
3.076095
3.055885
3.188456
3.071999
3.130063
3.055801
2.978444
3.030369
3.054092
3.158921
2.929644
3.056756
3.152668
3.089622
3.129904
3.032972
3.086610
3.193837
3.014369
3.186472
3.011711
3.182823
3.020649
3.199640
3.008745
3.074727
3.060710
2.990428
3.112473
3.131347
3.057578
2.973276
3.123224
3.033588
3.120278
3.193333
3.131061
3.065936
3.098428
3.052751
3.077459
3.112481
3.088773
3.046187
3.032776
3.091574
3.039965
2.994135
3.233558
2.939678
3.035473
3.069203
3.137496
3.051761
3.031649
3.103756
3.098427
3.111419
3.123035
3.062020
3.083674
3.084985
3.051469
3.109541
3.005058
3.045529
3.145982
3.141147
3.001224
3.076755
3.127574
2.998609
3.243228
3.065836
3.011420
2.976068
3.041616
2.983722
3.111097
3.129570
3.121961
2.979196
3.173399
3.103918
3.215744
2.976818
3.120730
3.070445
3.099485
3.107642
3.016160
3.220649
3.068759
3.037233
3.107714
3.182922
3.049542
3.133365
3.044144
3.120911
3.201281
3.034093
3.026740
3.175189
3.099791
3.185902
3.069964
3.014378
2.986825
3.063887
3.046937
3.054145
3.090968
3.172229
3.116416
3.011008
3.045463
3.036122
3.059578
3.113314
3.102499
3.051156
3.095350
3.152650
3.052679
3.017907
2.891674
3.020422
3.052948
3.055579
3.023238
3.172671
3.004446
3.157821
3.000827
2.977550
3.059665
3.095486
3.017411
3.024493
3.003025
3.112193
3.034954
3.027026
3.067108
2.994113
3.083002
2.985674
2.970256
3.012005
3.111472
3.113851
3.055852
3.116473
2.997795
3.095597
3.012618
2.986927
3.051944
3.075721
3.068124
3.093650
3.137357
3.135351
2.962571
3.117774
3.100769
3.115471
3.074339
3.076338
3.098476
3.087966
2.940670
3.000649
3.027532
3.088585
3.080327
3.126108
3.054908
3.011177
3.186961
3.147248
3.007234
3.092789
3.111366
3.017489
3.116373
3.054929
3.216427
3.068137
3.159839
3.098888
3.244381
3.147017
2.966118
3.035981
2.960605
3.096094
3.143167
3.037999
2.979829
3.087294
3.209815
3.085634
3.070193
3.241997
3.025124
3.100434
3.017906
3.062369
3.060151
3.180777
3.153570
3.214222
3.042126
2.981977
3.073157
3.136249
2.925704
3.022691
3.212747
3.057549
2.985703
3.039669
3.109050
3.033871
3.173536
3.007773
3.024059
3.199564
3.074132
2.948108
3.123737
3.111508
2.972857
2.981571
3.187451
3.129839
3.002916
3.067480
3.129993
3.073291
3.050301
3.129814
3.149930
3.120064
3.073080
3.081585
3.069979
3.093914
2.989023
3.135309
3.080852
3.022469
3.056320
3.084574
3.011278
3.134673
3.000741
3.274859
3.115528
3.240223
3.084787
2.994617
3.136087
2.956038
3.171095
3.000102
2.979289
3.002564
2.978802
3.237686
3.118072
3.060599
3.034074
3.060787
3.084994
3.241205
3.005696
3.160263
3.063924
3.030970
3.264349
3.054706
3.092924
3.130423
3.029526
3.072879
3.237800
3.071044
3.016082
3.096901
3.182986
3.077328
3.050582
3.074795
3.126754
3.067528
3.114847
3.108120
3.054082
3.066876
3.040898
2.955706
3.049785
3.063558
3.008745
3.013031
3.190228
2.963362
3.101523
3.088857
3.116905
3.172824
3.019151
3.060702
3.005931
3.022449
3.101446
3.227632
2.975463
3.238235
2.913330
3.054496
2.939579
3.006339
3.059161
3.161779
2.990641
3.115047
2.995636
3.136888
3.046267
3.143411
3.128937
3.065608
3.147816
3.054882
3.090349
3.024481
3.012389
3.030680
3.116225
3.083638
2.987208
3.069110
3.099413
3.151339
3.195929
3.145691
3.094371
3.060955
3.015321
3.077894
2.957857
3.020920
3.219299
3.098180
2.963956
2.979365
3.114414
3.096661
3.070670
3.021494
3.041403
3.155500
3.256626
3.039907
3.150558
3.029172
3.102902
2.961737
2.983991
3.249702
3.044683
3.149369
3.208442
2.951804
3.032484
3.189063
3.118210
3.161085
3.129015
2.962209
3.052678
3.133569
3.001645
3.091717
3.134151
3.125148
3.000269
3.044316
3.100750
3.121463
3.111201
3.045020
2.962076
3.039855
3.105315
3.065299
3.094608
3.048862
3.098963
3.087732
3.039199
3.132934
2.989341
3.102400
3.142715
3.143347
3.048749
2.961409
3.118507
2.986756
3.116678
3.001798
3.104532
3.008362
3.068680
3.108268
2.949634
3.115110
3.119691
3.030392
3.021971
3.176420
3.075736
2.900641
3.110489
3.140894
2.996620
3.040745
3.215820
2.891096
3.154417
3.094915
3.014626
3.011146
3.082777
3.094728
3.059579
3.083748
3.004461
3.122340
3.053989
3.200555
2.928248
3.198768
3.158467
3.128592
3.020148
3.121038
3.009563
3.243457
3.058989
2.973746
3.070022
3.104624
3.029137
3.129662
3.075566
3.068812
2.974991
3.000437
3.093859
3.141289
3.019420
3.067657
3.183637
3.069289
3.053664
3.070939
3.093853
3.180189
3.015842
3.088504
3.198362
2.998173
3.259419
3.061740
3.170288
3.249201
3.082283
3.092319
2.985316
2.938177
3.196575
3.137409
3.023895
2.958141
3.015422
2.948768
3.052285
3.065595
3.431621
2.985175
3.006149
3.068534
3.006952
3.151901
3.092717
3.068995
3.158269
3.219272
3.053669
3.020743
3.088123
3.021390
3.044618
3.048438
3.064848
3.085396
3.009903
3.023415
2.937022
3.182812
3.040349
3.058087
3.149594
3.045241
2.964353
3.169121
3.175447
2.987411
3.092572
3.041233
3.183051
3.016065
3.056515
2.952162
3.139047
3.068407
3.059488
3.082111
3.225279
3.043913
3.236149
3.167471
3.069969
2.967028
3.104250
3.109566
3.037256
3.135819
3.032201
3.080410
2.984951
3.136674
3.009740
2.998690
2.997941
3.098509
3.091849
3.128994
3.050543
3.130765
3.048262
3.078397
3.216397
3.086275
3.119051
3.072730
3.067006
2.985866
3.161220
3.007619
3.090154
3.050362
3.022373
3.076610
3.071491
3.049943
3.176947
3.070923
3.023254
3.120335
2.946195
3.261974
3.143603
3.185516
3.064852
3.026024
2.908944
3.182575
3.065456
3.198843
3.253735
3.189277
3.096545
2.965873
2.963693
3.041998
3.091872
3.028177
3.155237
2.964324
3.014516
3.169175
3.060351
3.144367
3.075034
3.018725
3.119940
3.061518
3.161055
3.051660
3.004203
2.996928
3.224336
3.093557
3.316739
2.988486
3.127282
2.949516
3.276182
3.041810
3.002449
3.003971
3.085996
2.976429
3.165896
3.093469
3.102588
3.191122
3.035020
3.008587
3.182463
3.269271
3.078386
3.119368
3.034686
3.008062
3.152556
3.042837
3.019412
3.072658
3.111602
3.099520
3.044001
2.983148
3.098347
3.116692
3.005561
3.034985
3.178352
3.003212
3.060651
3.073572
3.259753
3.084342
2.994576
3.074150
3.152243
3.022840
3.035988
3.177248
3.132941
2.992164
3.028513
2.995838
3.092223
3.080507
3.037765
3.136327
3.042440
3.149994
3.149362
3.017623
3.105681
3.063658
3.148744
3.120383
3.048300
3.035835
2.995404
3.017350
3.180095
3.114716
3.130714
3.007699
3.105315
3.034486
3.116910
3.034508
2.942874
2.993637
3.027568
3.052995
3.196529
3.105272
3.000336
3.069197
2.969112
3.094167
3.100650
3.136619
3.088774
3.069599
3.144827
3.020572
2.981341
3.129316
2.988341
3.072626
3.124145
2.984550
3.127390
3.159312
3.152815
3.033156
2.922342
3.238440
3.079271
3.082477
3.140481
3.026325
3.133632
3.096149
3.017591
2.952722
3.027950
3.059465
3.091741
3.157191
3.126897
3.178743
2.988113
2.936437
3.006948
3.098069
3.051019
3.063283
3.192703
2.916865
3.211827
2.992646
3.132010
3.037406
3.088363
3.130726
3.020618
3.211834
3.009637
3.132559
3.032483
3.126861
2.982748
3.051150
2.960783
3.210582
3.083568
3.013530
3.031822
3.235572
3.028457
3.009612
2.944419
3.352398
3.103511
3.188335
3.025969
3.060124
3.111523
2.992527
3.081790
3.074840
3.116716
3.030895
3.238054
3.115486
3.204163
3.017822
3.141519
3.013641
3.042186
3.051018
3.124270
2.998857
3.143640
2.963062
3.284739
3.136354
3.166083
3.001136
3.228552
3.101021
3.155059
3.044463
3.058758
3.143153
3.122592
3.132100
3.115711
3.140486
3.017698
3.093249
3.176764
3.034267
3.028366
3.102371
3.109819
3.019057
3.082353
3.002144
3.181113
3.025040
2.982591
3.023271
3.158521
2.983693
3.192215
3.031137
3.197806
3.135770
3.183734
3.007932
3.157524
3.072590
3.127281
3.160376
3.018839
3.074719
3.069524
3.115616
3.070662
3.019468
3.120452
3.130213
3.064781
3.114450
3.064616
3.141063
3.230571
2.984330
3.087582
3.037549
3.150506
3.018127
3.126098
3.045025
3.089878
3.085241
3.049205
3.100305
3.050720
3.274626
3.028682
2.989365
3.007872
3.130528
3.004640
2.980605
2.998973
3.069728
3.053060
3.004842
3.180940
3.176104
3.011957
3.202163
3.106478
3.126972
3.038642
3.054403
2.982099
3.177132
3.005824
3.083764
3.018322
3.183459
3.113826
3.130496
3.187365
2.992037
3.024825
3.046821
3.034103
3.103755
2.935227
3.012492
3.000099
3.206577
3.026874
3.108912
3.161957
2.992211
3.064836
3.045784
3.001482
3.090505
3.093770
2.956893
3.101299
3.197617
3.060347
3.072167
3.055300
3.144906
3.086942
3.113157
3.048071
3.061493
3.010522
3.106145
3.052570
3.116304
3.151110
3.069627
3.024021
2.992279
3.072993
2.987929
2.935140
3.215783
3.046147
3.134378
3.071470
3.119971
3.102641
3.136440
2.979017
3.005791
3.171519
3.009490
3.179129
3.045857
3.104610
3.066996
3.080295
3.047164
2.961814
2.982230
3.032394
3.239005
3.069291
3.138990
3.001687
3.134453
3.006204
3.270831
3.078052
3.110827
3.153462
3.106317
3.182117
3.001990
3.161358
3.129802
2.963693
3.228124
3.038590
3.024115
3.004008
3.013200
3.026297
3.091511
3.039263
3.094494
3.131557
3.093100
3.205493
3.182641
3.037714
3.102851
2.959479
3.072259
2.980516
3.020015
3.003162
3.042080
3.204591
2.978372
3.197336
3.089887
2.947242
3.168813
3.149122
3.133589
3.181796
3.096862
3.176269
3.025728
2.995357
3.147044
2.990249
3.126689
3.165208
3.105332
2.973831
3.087992
3.079598
3.258601
3.109651
2.992662
2.993430
3.072812
3.008167
3.024917
2.972870
3.189330
2.993495
3.166548
3.096612
3.119661
3.063765
3.008373
3.087557
3.115190
3.211568
3.018996
3.126853
3.095100
3.046036
3.150077
3.087866
3.091214
3.083842
3.088193
3.008777
3.054731
3.062488
2.960131
3.082845
3.060338
3.059946
3.123755
3.223951
3.051037
3.167469
3.023867
2.944559
3.141975
3.043994
3.150250
3.166103
3.002829
3.123939
3.068143
3.037886
3.045031
2.997054
3.096583
3.195045
3.174569
2.925887
3.086166
3.014206
3.013002
3.073246
3.098150
3.011691
3.074516
3.050173
3.056289
3.103381
3.016538
3.016069
3.029111
3.160499
3.177278
3.027051
3.099189
3.174877
3.038785
3.084700
3.035586
3.187048
3.081413
3.148632
3.109369
3.152303
3.024084
3.104375
3.143575
3.160806
3.103898
3.136286
2.994227
3.218453
3.044018
3.152426
3.178935
3.168057
2.948510
3.020178
3.024047
3.012661
3.007112
3.085135
3.001655
3.034547
3.067197
3.075883
3.052668
3.061018
3.037781
3.108439
3.145751
2.954134
3.227511
2.966068
3.221053
3.158342
3.044321
2.981228
3.028732
2.958090
3.011273
2.989907
3.147840
3.002064
3.145650
3.032226
2.987329
3.270948
3.050260
3.158062
3.014599
3.102991
3.126866
3.176133
2.973806
3.084476
3.177840
3.007237
3.145681
2.996902
3.141113
3.156639
3.005155
3.168226
2.939384
3.120234
3.116915
3.025239
2.998739
3.076600
3.002664
3.078145
3.208443
3.034071
3.210887
3.049976
3.131140
3.009558
3.094522
3.102749
3.144733
3.095870
3.190013
3.117039
3.115136
3.080054
2.986650
3.072645
3.223358
3.156832
2.984797
3.089507
3.306350
3.158164
3.081009
3.063623
3.043133
3.124882
3.101072
2.956722
3.148029
3.073299
3.035340
3.080131
3.099670
3.114535
3.114312
2.983071
3.008408
3.099820
3.033547
2.974176
3.162389
3.090255
3.032443
3.081217
3.023020
3.027426
3.111125
3.117818
3.124779
3.088492
3.050963
3.128567
3.038406
3.022406
3.098921
2.999664
3.032449
3.027192
3.193738
3.136646
3.107846
2.926035
3.147394
3.081419
2.931820
3.063910
3.112023
3.031215
3.038466
3.110103
3.201081
3.067500
3.012590
3.028931
3.154850
2.997978
3.075154
3.012083
3.067780
3.036693
3.022622
3.112651
3.184461
3.142467
3.041680
3.059182
3.002728
2.978495
3.095725
3.101873
3.107264
3.066333
3.154413
2.963891
3.195060
3.103289
3.073631
3.042737
3.027658
3.035736
3.027741
3.214440
3.043509
3.083080
3.051332
3.137860
3.089606
3.162693
3.018277
3.171371
3.000759
3.087208
2.980524
3.143803
3.082783
3.001153
2.976952
3.282460
3.132134
3.081697
3.081554
3.120182
3.066240
2.987162
3.036443
2.984309
3.083430
3.175789
2.997809
3.055448
3.069084
3.076572
3.107877
3.032320
3.121648
3.184010
3.015320
3.084660
3.116583
3.008633
3.161484
3.088838
3.120904
2.991046
3.105446
3.133923
3.139382
3.087059
3.191362
3.038111
2.999776
3.129758
2.990012
3.136749
3.076911
3.151112
3.006543
3.062748
3.159967
3.034790
2.997617
3.011051
2.915463
3.128001
2.983361
3.320049
2.988651
3.062782
3.160832
3.038546
3.081331
3.238566
3.083783
3.047572
3.068027
2.993529
3.333217
3.116875
3.041232
3.045792
3.075869
3.139343
3.012736
3.194318
3.246489
3.184617
2.998774
3.061721
3.038200
3.115334
3.002726
3.110702
3.119099
3.045573
3.082009
3.241196
2.947996
2.963165
3.102543
3.027421
3.035438
3.032618
3.135811
3.016385
3.034498
2.966327
3.054344
3.064166
3.160521
3.095247
3.184861
2.972840
3.017494
3.232723
3.027507
3.030564
3.163240
3.105565
3.079614
3.184045
2.951504
3.046584
3.153088
3.148013
3.079827
2.992974
2.985037
3.141413
3.057377
3.029085
2.989092
3.037430
2.965083
3.092379
2.980518
3.000297
3.061263
3.160610
3.043216
3.156663
3.033480
3.047530
3.046870
3.058231
3.161829
3.072945
3.016071
3.109545
3.293861
3.104008
2.977887
3.187733
3.002616
3.007224
3.106621
2.996038
3.076855
2.999536
2.964036
2.935467
2.965432
3.243663
3.106959
3.246904
3.045742
3.093596
3.021619
3.239766
3.157355
3.004884
3.158946
3.040459
3.025565
3.183080
3.145955
3.207480
3.169651
3.016231
3.024923
2.990393
3.085249
3.030948
3.012541
3.062653
3.104663
3.086283
3.010306
3.065813
3.214015
3.149405
2.990249
2.986884
3.014427
2.993554
3.072547
3.013126
3.018893
2.949723
3.041986
3.092086
3.114314
3.124048
2.970845
3.066816
3.092253
2.998976
3.095618
3.040545
3.053068
2.982854
3.163930
3.181728
3.121385
3.102160
2.995904
3.119227
3.152587
3.081143
3.078311
3.069926
3.147731
3.030580
3.101117
3.193752
3.075409
3.182503
2.968933
3.045845
3.081014
3.066618
3.030037
3.058564
3.158459
3.201249
3.020217
3.185020
3.124054
3.037417
3.056729
3.060109
3.089176
3.112247
3.133958
3.056579
3.085927
3.080864
3.051027
3.094157
2.961502
3.232278
3.126480
3.165062
3.237210
3.052471
3.036830
3.051136
3.013263
3.150001
3.271208
3.047836
2.987804
3.075191
3.269021
3.002944
3.076713
2.978423
3.063656
3.012629
3.170827
3.140715
3.203996
2.991465
3.036001
3.054262
3.018806
3.066489
3.208812
3.084548
3.069959
2.970731
3.096316
3.056524
3.171812
2.926949
3.135494
3.128063
3.074433
3.107801
3.192558
3.077214
3.111999
3.095235
3.070085
3.161878
3.119097
2.901405
3.119549
3.079719
3.231238
3.006459
3.160565
3.174830
3.020629
3.031125
3.016897
3.192174
3.170460
3.120159
3.170324
3.074683
3.136833
3.041939
2.920153
3.171575
3.215359
3.007262
3.026056
3.063985
3.068638
3.055036
3.010474
2.976180
3.163362
3.203202
3.103146
3.065251
3.171090
3.080659
3.048341
3.065866
3.090356
3.067159
2.934732
3.066093
3.167520
3.083134
3.044398
3.094951
3.226199
3.141113
3.039640
3.080696
3.049871
3.043290
2.989514
3.124562
3.045814
3.009496
3.217105
3.190661
3.101241
3.105203
3.026002
3.076106
3.102624
3.083231
3.112495
3.017109
3.160101
3.100308
3.069282
3.070145
3.208034
3.023627
3.039686
3.084465
3.014068
3.080262
3.234731
3.057885
3.103927
3.035059
3.056833
3.097829
3.036891
3.038368
3.018924
2.968351
3.168606
3.138489
2.963360
3.112449
3.019604
3.130343
3.030331
3.139533
3.030234
3.045630
3.015440
3.144065
3.036149
3.062898
3.064556
3.104396
3.169310
3.170024
3.070023
3.022930
3.075043
3.096623
3.078657
3.016015
3.065356
2.963141
3.051610
3.197455
3.075029
3.036921
3.033222
3.048137
3.018080
3.057469
2.972724
3.141911
3.172151
3.049926
3.068441
3.112360
3.117838
3.166636
3.086486
3.064364
2.980179
3.075407
3.187345
2.988568
3.031673
3.049106
3.028448
3.110873
3.072578
3.174415
3.028820
3.043896
3.033188
2.987472
3.016409
3.143433
3.015694
3.030617
2.993858
3.100098
3.134017
3.099182
3.092371
3.190235
3.022051
3.141056
3.010040
3.196291
3.146494
3.202534
3.079366
3.112177
3.086214
3.149216
3.063416
3.107997
2.970302
3.216405
3.172202
3.199209
3.009246
3.342320
3.123403
2.972824
3.030442
3.088042
3.159335
3.013709
3.024115
2.999852
3.059764
2.997455
3.039169
3.099004
3.053412
3.058041
3.173380
3.030222
3.084332
3.048213
3.091947
3.150696
3.062308
3.010578
3.024193
3.177822
3.060826
3.112967
2.958047
3.006851
3.110250
3.222169
2.975811
3.120945
3.007892
2.978915
3.233651
2.917836
2.960514
3.179175
3.076921
3.058041
3.176933
3.037969
3.124020
3.032069
3.024458
3.070287
3.153522
3.063139
3.033307
3.076467
3.071524
3.101471
2.978149
3.247391
2.948982
3.091715
3.069612
3.240645
3.055862
3.289348
3.139992
3.054890
3.003522
3.087226
2.972324
3.116192
3.162011
3.033894
3.064085
3.053306
3.031078
3.044283
3.105266
3.128790
3.014151
3.144037
2.954521
3.107435
2.925253
3.046387
3.266569
3.095982
3.154846
3.066250
3.125485
3.093446
3.072011
3.041305
3.032862
3.001366
3.142528
2.988175
3.174635
3.087286
3.050463
3.073681
3.014495
3.016902
3.137689
3.030578
3.011703
3.110208
3.070462
3.060522
3.081894
2.949310
3.008762
3.070917
3.180775
3.119588
3.063991
3.081656
3.051116
3.054020
3.051640
2.957950
2.990217
3.025637
3.058025
3.094160
3.238241
3.081808
3.022898
3.152425
3.089566
3.053738
3.019061
3.098928
3.161973
2.968410
3.043949
3.090312
3.017402
3.179923
2.960142
3.236165
3.148275
3.107097
3.044160
3.000930
3.199703
2.984650
3.034447
3.008350
2.962769
3.061900
3.087868
3.224234
2.934185
3.033593
2.999970
3.231615
3.234512
3.047341
3.083867
3.173273
3.032820
3.157071
3.147261
3.011347
3.099153
3.192073
3.015089
3.022815
3.137385
3.027797
3.076113
3.066910
2.985773
3.026172
3.160652
3.101065
3.006731
3.005119
3.210535
3.069430
3.038437
2.948455
3.159177
2.986543
2.923382
3.013053
3.174372
3.015993
3.097755
3.279386
3.077675
3.162866
3.219888
3.201321
3.170250
3.039931
3.133293
3.124696
3.138947
3.009332
3.033649
3.052990
3.086101
3.056334
3.045167
3.266348
2.938036
3.039096
3.075417
3.138756
3.112524
3.003621
3.174093
3.007053
3.067313
3.045123
3.116574
3.009542
3.230295
3.102824
3.105338
3.006786
3.049432
2.992621
3.140816
3.018228
3.110301
3.074143
3.061641
3.052674
3.245455
3.093355
3.150806
3.110496
3.019750
3.051905
3.074690
3.004969
3.075896
3.129505
3.195529
3.064713
2.960585
2.987001
3.037784
3.030462
3.019633
3.024001
3.045163
3.167707
3.127659
2.931220
3.052912
3.112378
3.101685
3.402323
3.023640
3.023182
3.168539
2.994338
3.104200
3.055540
3.035533
2.996840
3.112535
3.040131
3.031047
3.202588
3.050940
2.936756
3.089729
3.228001
3.033241
3.081161
3.034913
3.097267
2.980753
3.071621
3.111652
3.098202
2.951314
3.121431
3.083888
3.010640
3.107446
3.283128
3.099949
3.117279
2.966571
3.064954
3.038903
3.218887
2.952112
3.077347
3.296823
3.133468
3.147173
3.048258
3.105351
3.091530
3.064702
3.076232
3.132755
2.992535
3.221666
3.103379
3.066944
3.029163
3.044178
3.011277
3.142471
3.094292
3.029352
2.981124
3.074991
3.103195
3.142357
3.007504
2.996437
3.164175
2.977273
3.238650
3.005259
3.098604
3.188173
3.198593
2.988410
3.048088
3.085997
3.084582
3.026369
3.059471
3.027570
3.137202
3.105606
3.035018
3.094318
3.161270
3.150409
3.021403
2.983068
3.125195
3.024336
3.086163
3.102816
3.030100
3.013917
3.237961
3.103001
3.114091
3.017154
2.873212
3.020365
3.022576
3.056177
3.175545
3.316610
2.962803
3.162572
3.108158
3.035180
3.047756
3.122172
3.107483
3.002272
3.138483
3.019773
2.930803
3.205248
3.127899
3.093951
3.121514
3.056270
3.124759
3.034914
2.962753
3.179356
3.016075
3.038675
3.107863
3.067805
3.040222
3.104799
3.136755
2.997483
2.975464
3.233146
3.120243
3.193242
3.124435
3.013260
3.052171
3.059651
2.991864
3.218636
3.032555
3.138345
3.209051
2.992841
3.066055
3.113297
3.209777
3.071899
3.336334
3.083895
3.003711
3.093761
2.957989
3.248552
3.111799
3.123061
3.052106
3.048310
3.055250
3.242183
3.017149
3.024440
3.254222
3.079613
2.975486
2.946399
3.010560
3.073630
3.001304
3.193073
3.035800
2.974784
3.104826
3.081667
3.042127
3.042094
3.027942
3.215820
3.066505
2.987867
3.076671
3.013329
3.033228
3.176691
3.057563
3.174587
3.078539
3.034337
3.199594
3.056258
3.135959
3.101181
3.142605
3.259498
3.026039
3.196247
3.027094
3.174272
3.002293
3.155797
3.013191
3.120423
3.101726
3.076604
3.019554
3.136034
3.038999
3.001240
3.017687
3.155297
3.152842
3.016787
3.000824
3.017137
3.099596
2.953333
3.217132
3.066074
3.074305
3.210165
2.991056
3.287250
3.028416
3.029686
3.060772
3.023997
3.009062
2.988175
2.983608
3.070134
3.049888
3.089228
3.155628
3.042940
2.991252
3.061670
3.035828
3.060672
3.029002
3.079120
3.120614
3.094318
2.984515
3.081934
3.132730
3.165079
3.184233
3.101493
3.040398
3.151336
3.075986
3.127889
3.108356
3.139546
3.187484
3.002269
3.210681
3.031351
3.113675
2.996424
3.223361
3.150631
3.132731
3.009540
3.011574
3.037826
3.111687
2.960324
3.008081
3.027736
3.153047
3.000483
2.938167
3.093899
3.048896
3.020138
3.118919
3.098324
3.069295
3.111570
3.123812
3.051840
3.132749
3.035803
3.045379
3.123005
3.049846
3.121657
3.063410
3.105029
2.974381
2.980509
3.145357
3.047465
3.099046
3.054711
3.038000
3.016097
3.152419
3.072731
3.007503
3.036289
3.140573
3.076284
3.093092
3.013362
3.104875
3.147886
3.099801
3.021479
3.077663
3.080296
3.054822
3.066975
3.135484
3.057971
3.092587
3.051088
3.026390
3.076370
3.065131
3.096154
3.061574
3.071635
3.161886
3.149634
3.025358
3.099459
3.197891
3.213342
3.089126
3.042331
3.070214
3.052996
2.986599
3.093195
3.149659
3.060515
3.063242
3.105062
3.112241
3.096054
3.035316
2.988771
3.181528
3.081173
3.000773
3.010041
3.074633
3.076199
3.092702
3.037660
3.112618
3.133380
3.027646
3.040861
3.082694
3.033027
3.093505
3.092960
3.000357
3.022907
3.049755
3.057363
3.031779
3.102459
2.966395
3.079721
3.033337
3.144645
2.977528
3.016180
3.071216
3.109194
3.082926
3.125458
3.062806
3.098071
3.134414
3.094912
3.057255
3.014009
2.988910
3.126445
3.119937
3.044868
3.032824
3.027041
3.132235
3.091025
3.092623
3.038892
3.097979
2.982662
3.008818
3.002932
3.144609
3.136527
3.135617
3.025037
3.004380
3.055136
3.097422
3.044491
3.026484
3.108671
3.047286
2.945435
3.000621
3.156423
3.004737
3.025771
3.003100
3.067265
3.060007
3.192368
3.161826
2.950080
3.142650
3.325696
3.054745
3.103769
3.045887
3.003994
3.298215
3.034822
3.013718
3.142292
3.055253
3.089928
3.133562
3.011374
3.215882
3.109665
3.022182
3.032010
3.056087
3.059332
3.086862
3.073671
3.053349
3.064397
3.137358
3.151405
3.094687
3.158472
3.045046
3.080523
3.129259
3.023169
3.049987
3.092544
3.121866
3.146443
3.051495
3.152483
3.061053
3.132651
2.996846
3.081010
3.163593
3.077607
3.013635
3.202686
2.984261
3.031148
3.058378
3.126480
3.019869
3.185557
3.116788
3.130944
3.153195
3.136243
3.038428
3.040030
3.066750
3.011735
2.994876
3.045269
3.108825
3.092135
3.075330
3.030576
3.061743
3.139485
2.942765
3.279438
3.089409
3.035030
3.117897
2.967345
3.200113
3.087385
2.980039
3.122485
3.097179
3.132542
3.053075
3.060309
3.088446
2.980315
3.012880
3.066760
3.131465
3.096497
3.028032
3.005684
3.129667
3.012386
3.137122
3.033809
3.081422
3.094591
3.119148
3.003880
3.036654
3.136175
3.000056
3.135267
3.035338
3.115994
3.014946
3.295264
3.000115
2.993163
3.081046
3.107073
3.124620
3.102508
3.100143
3.145046
2.987000
3.002060
3.117784
3.079682
2.997337
3.084419
3.035652
2.948025
3.265869
2.997590
3.185127
3.084319
3.216371
3.031702
3.013658
3.057970
2.977597
3.193944
3.145386
3.036679
3.183342
3.006438
3.180452
2.999964
3.112841
3.014537
3.023206
3.087047
2.998445
2.981879
3.143434
3.145139
3.097040
3.090316
2.984089
3.057299
3.133564
2.968177
2.992409
3.039632
3.177426
3.035992
2.979271
3.107931
2.997290
3.019845
3.026998
3.064307
3.054655
3.059627
3.150000
3.077823
3.083122
3.052027
3.199824
3.122294
3.097908
3.214995
3.032185
3.231836
3.078834
3.027891
3.125203
3.111946
3.095133
2.937958
3.028484
3.192701
3.055401
3.039160
3.046004
2.988976
3.150763
3.146926
3.064688
3.086122
3.032656
3.224495
3.105078
3.192487
2.882859
3.182878
3.107963
3.033950
3.060363
3.145272
3.029043
3.102363
3.070334
3.040803
3.052013
3.018593
3.016268
3.196979
3.117847
3.082191
3.141068
3.127782
3.077711
3.001094
3.063628
3.076173
3.070376
3.101329
3.149753
3.011849
3.096285
3.018851
3.052596
2.997011
3.055223
3.030704
3.100803
3.254322
3.055497
3.052053
3.224710
3.063290
2.993359
3.146191
3.132238
3.102350
2.993738
3.122493
3.117008
3.077081
3.098933
3.093089
3.008095
3.149295
3.091475
3.120138
3.091181
3.098597
3.057240
3.050263
3.038258
2.995382
3.006908
3.059644
3.018206
3.132515
3.006531
3.044473
3.206848
3.157016
3.166308
3.009936
3.186560
3.167171
3.084391
3.032623
3.109466
3.125923
3.058647
3.095163
2.994976
3.048294
3.155548
3.254009
3.186324
3.077094
3.015660
3.148068
3.114213
3.006186
3.038222
3.040390
3.142307
3.065857
3.072577
3.239061
2.956090
3.128156
3.142389
2.956915
3.270527
3.002060
2.975563
3.104336
2.978018
2.989045
3.061785
3.135580
3.070696
3.126914
3.135515
3.060797
2.992435
3.047023
3.055970
3.029892
3.068738
3.004614
2.995426
3.302445
3.062352
3.034297
3.087653
3.057924
3.269070
3.218347
3.037904
3.038454
3.007063
3.042945
3.024112
3.023699
2.966287
2.965939
3.165118
3.118111
3.104125
3.116633
3.265034
2.930109
3.118639
3.067238
3.110953
3.022811
2.998694
3.000376
3.123186
3.157599
2.957561
3.150664
3.199063
3.181044
3.085415
2.987989
3.031522
3.053890
3.148795
3.023525
3.108759
3.139089
3.156050
3.040867
3.174846
3.079062
3.018498
2.999490
3.154950
3.139080
3.109764
3.046648
3.043680
3.063050
3.131673
3.030857
3.043630
3.046573
3.029771
3.128737
3.196541
3.030733
3.147426
2.987651
3.044897
3.095583
3.047790
3.005194
3.114344
3.118622
3.053632
3.145773
3.042940
3.163639
2.990711
2.991812
3.127995
3.103864
3.068896
3.145662
3.036166
3.182319
3.068895
2.994336
3.021739
3.122622
3.044370
3.213629
3.148024
3.202116
3.138676
3.127063
3.010436
3.019117
3.141405
3.068538
3.089061
3.075230
3.127022
3.047934
3.153231
3.099580
2.973204
3.040876
3.175882
3.217778
3.022402
3.040778
3.072398
3.056249
2.996257
3.029332
3.064658
3.118566
3.225699
3.111794
2.960993
3.098791
3.044754
2.990903
3.157609
2.999305
3.014043
3.076526
3.102623
3.157699
3.032839
3.084498
3.241279
3.047512
3.020814
3.006626
3.141420
3.123951
3.104444
2.885131
2.995281
3.240164
2.980664
2.999787
3.016554
3.077039
3.010407
3.000292
3.051314
3.222422
3.073011
3.051867
3.038227
3.001480
3.088865
3.047236
3.087082
3.021809
3.155415
2.976583
3.225007
2.965959
3.097223
3.114638
3.220402
2.942519
3.118156
3.064999
3.083909
3.089622
3.035161
2.969075
3.095176
3.023797
3.056418
3.074814
3.059273
3.099484
3.124252
3.097156
3.083094
3.028515
3.038234
2.997588
3.096287
3.023469
2.977629
3.118798
3.154157
3.041212
2.963074
3.018599
3.154411
3.149963
2.954248
2.937981
3.169175
3.026044
3.099110
3.015416
3.205557
3.169491
3.042070
3.066487
3.121160
3.120138
3.019181
3.131184
3.140182
2.963140
3.008057
3.196918
3.049475
3.167634
3.060235
3.081701
3.051996
3.069647
3.070910
3.059964
3.046990
3.055013
3.050455
3.150183
3.107585
3.030050
3.144082
3.034548
2.983997
3.184139
3.232771
3.046642
2.994727
3.020294
3.083657
3.039259
3.084914
3.024756
3.093182
3.072612
3.271736
2.941551
3.126434
2.991073
3.120310
3.021054
3.238284
3.046539
2.956532
3.196362
3.180449
3.182412
2.937081
3.184329
3.075692
3.169613
2.986987
3.096770
3.027920
2.949764
3.094836
3.042304
3.131272
3.063758
3.018984
3.025519
2.971668
2.978518
3.057497
3.094644
3.053025
3.053035
3.037378
3.098634
3.058633
3.045761
3.036341
3.141918
3.008530
3.188006
3.012176
3.134310
3.008702
3.224454
3.146316
3.065658
3.024795
3.193167
2.940708
3.100113
3.083237
3.174241
2.975309
3.011129
3.013328
3.024188
3.179753
3.032886
3.218921
3.056423
3.063262
3.124637
3.083418
3.050332
3.007021
3.085525
3.025908
2.997143
3.298258
2.983366
2.972928
3.096216
3.066104
3.162820
3.211442
3.030519
3.059957
3.083331
3.061057
3.074703
2.976807
3.056030
3.011850
3.015487
3.169640
2.993076
3.203629
3.091009
2.986841
3.002118
3.313285
3.017225
3.217831
3.011671
3.144009
3.035176
3.056384
3.132955
3.063593
3.218031
3.105845
3.135347
3.000866
3.089557
3.046459
3.175012
3.045910
3.014464
3.016053
2.991042
3.168383
3.033064
3.286139
2.997012
3.099312
3.080244
3.151523
3.098336
3.095599
3.152616
3.033749
3.189426
3.041244
3.125360
2.969025
3.215142
3.029562
2.981815
3.048740
3.045336
3.081851
3.050862
3.069233
3.010209
3.162828
2.997633
2.966421
2.963986
3.057291
3.065028
2.995781
3.224674
3.206047
3.169294
3.078408
3.022998
3.368184
3.038735
3.097417
3.077623
3.065641
3.121513
3.217030
3.028035
3.108028
3.131923
3.057547
3.004543
3.201319
3.092087
3.048697
2.987953
3.035662
3.242508
3.152415
3.128115
3.170846
3.073819
2.986534
2.983759
3.029549
3.193552
3.070458
3.063343
3.093672
3.035326
3.056963
3.098590
2.999021
3.015768
3.174476
3.012753
3.216490
3.065377
3.079542
3.054157
3.128775
3.161537
3.196158
3.016216
2.990236
3.132706
3.040580
3.041551
3.177711
3.289115
3.028094
2.960135
3.025148
3.121960
2.976806
3.243013
3.001990
3.111477
3.040731
3.063809
3.168282
3.026578
3.086924
3.065835
3.163570
3.082267
3.011505
3.031591
3.010554
3.004811
3.071028
3.280474
3.074748
3.062203
3.076569
3.030537
3.080865
3.242813
3.176864
3.066089
3.226121
3.110987
3.081592
3.102060
3.183107
2.968089
3.062784
2.986563
2.960750
3.150209
3.026478
3.220520
2.974081
3.003608
3.033705
3.099282
3.084648
3.113319
2.975362
3.017213
3.128778
3.076590
3.010209
3.180761
3.139824
3.097513
2.998453
3.115748
3.052726
3.092762
3.147349
3.093071
2.996358
3.063246
3.069662
3.064304
3.058523
3.007946
3.104230
3.166435
2.992849
3.041525
3.014884
3.087236
3.011043
3.060413
3.056341
3.065509
3.046979
3.090113
3.124269
3.096805
3.086269
3.115056
3.047019
2.998476
3.108920
3.123300
3.100560
3.025832
3.041747
3.031093
3.039213
3.021565
3.158897
3.032764
3.048547
3.080431
2.934056
3.198314
3.042686
3.118911
3.058591
3.143511
3.132740
3.070556
3.019165
3.034919
3.013768
3.068433
3.123572
3.062456
2.998992
3.097423
3.212624
3.038578
3.066203
3.196077
3.065041
3.092240
3.004641
3.107228
2.977666
3.075709
3.027967
3.020795
3.095677
3.160975
3.148836
3.130084
3.128788
2.948696
3.239283
3.005281
3.113961
3.129708
3.047237
3.029315
3.112921
3.216292
3.018244
3.057972
3.108393
3.120184
3.095133
3.024820
3.165102
3.070019
3.107196
3.178641
3.155515
3.181047
3.035518
3.009566
3.047274
3.024897
3.040818
3.146007
3.048873
3.060661
3.039666
3.121690
3.051896
3.110891
3.022202
3.138025
3.084772
3.107595
3.176340
3.118006
3.102895
3.045518
2.981695
3.130487
3.015871
3.056894
3.015816
3.259594
3.090984
3.100166
3.002457
3.104379
3.214876
3.069883
3.172114
2.979162
3.175704
3.025669
2.921243
3.028374
3.103720
3.192430
3.043818
3.200895
2.980550
2.987313
3.094629
3.093254
3.191318
3.095887
3.127711
3.041385
3.152405
3.116015
3.037537
3.067505
3.002755
3.033150
3.026364
3.038882
3.193910
3.079753
3.135189
3.010650
2.979348
3.017253
3.050693
3.122439
3.021314
3.031934
3.096139
3.082484
3.182142
3.185736
3.040315
3.117162
3.090998
3.086203
3.111902
3.060967
2.970603
2.975592
3.089330
3.157363
3.073795
3.178923
3.014279
3.195752
2.991238
3.011556
3.054428
3.280848
3.060099
3.073627
3.132550
3.233859
3.015558
3.037486
3.156495
3.015829
3.184713
3.059357
2.986978
3.167178
3.063214
3.096642
3.049621
3.100717
3.028903
3.158902
3.165320
3.030611
3.091153
3.015656
3.143147
3.085745
3.009662
3.099494
3.262796
3.080783
3.141009
2.964975
3.058592
3.043183
3.103399
3.007433
3.000440
3.049453
3.077874
2.972058
3.131031
3.163051
3.017680
2.991675
2.981337
3.154575
3.150241
3.017993
3.333447
3.006309
3.054733
3.167544
2.974072
3.031973
2.987106
3.153005
3.234455
3.096276
3.009776
2.998470
3.091284
3.055111
3.102225
3.065060
3.145718
3.075609
3.104393
3.131172
3.079143
3.006451
3.034749
3.101170
2.948737
2.979697
2.944155
3.074796
3.114062
3.095463
3.085547
3.165782
3.040581
3.099339
3.090407
3.110078
3.111385
2.970979
3.191650
3.064031
2.961979
3.071700
3.200673
3.094655
3.001441
3.044494
3.233484
3.137553
3.069239
3.073953
2.968692
3.184834
3.127135
2.982679
3.268598
3.095084
3.142725
2.982883
2.986176
3.037334
3.027358
3.108012
3.098145
3.135599
2.980964
3.076389
3.106515
3.000616
3.025564
3.044230
3.117237
3.019926
3.114276
3.062705
3.062910
3.018345
3.137939
3.104396
3.123410
3.109343
3.018648
3.018936
2.984568
3.235080
2.999988
3.201410
3.046566
3.061551
3.020813
3.175777
3.073538
3.168434
3.055475
3.128095
3.085030
3.087001
3.003062
3.018994
3.104704
3.136508
3.088334
3.173844
3.070173
3.052644
3.158397
3.164286
3.060572
3.088651
2.999810
3.112076
3.007410
3.091945
3.236784
2.988371
2.948505
3.126566
3.021485
3.082438
3.108976
3.001754
3.109111
3.150892
3.071864
3.052767
3.067595
3.136724
2.985444
3.017008
2.970192
3.233710
3.066804
3.068871
3.105830
3.236030
3.047237
3.061709
3.047966
3.047584
3.015531
3.012082
3.086416
3.124728
3.094396
3.080717
3.098737
3.164293
3.187034
3.052355
3.020885
3.097663
3.074619
2.981940
3.127990
2.989887
3.089879
3.087674
3.079587
3.043219
3.135067
3.136480
3.079529
3.097777
3.055591
3.136924
3.076117
3.006061
3.131671
3.032221
3.074696
3.039039
3.063736
3.040277
2.981126
3.125924
3.119633
3.090854
3.083780
3.160245
3.106603
3.079692
2.959451
3.012024
3.173067
3.365191
2.961645
2.970392
3.082719
3.011481
3.199628
3.030443
3.024433
3.097195
3.214375
3.040810
2.975033
3.273991
3.033816
3.105554
3.064226
2.967655
3.024951
3.149690
3.032485
3.067388
3.026589
3.114278
3.128707
3.057124
3.004926
3.021759
3.043593
2.995844
3.071462
3.211003
3.240819
3.053730
3.194942
3.111690
3.150472
3.101635
3.064499
3.080237
3.038427
3.238785
2.975906
3.144690
3.031600
3.122107
3.152883
3.110855
3.060413
3.009374
3.036345
3.116506
3.016940
3.167356
3.053723
3.218102
2.956376
3.142266
3.078707
3.037761
3.015919
3.234340
3.080588
3.158429
2.980602
3.003667
3.189883
2.998436
3.054120
3.073834
3.281558
3.095511
3.060589
2.936272
3.180942
3.018865
3.070580
3.030204
3.017642
3.005044
3.173005
3.079005
3.148272
3.087697
3.216725
3.069529
3.000841
3.003841
3.025270
3.049009
3.099785
3.140643
3.144493
3.007472
3.220115
3.133938
3.054047
3.306953
3.043431
3.084018
3.150640
2.996258
3.007681
3.087704
3.085877
3.184754
3.235074
3.171335
2.999028
3.036421
3.202794
3.077572
3.066936
3.041609
3.058255
3.060136
3.023389
2.998758
3.141003
3.109484
3.043016
3.128747
2.951234
3.219463
3.150834
3.097594
3.032667
3.032761
3.095591
3.077571
2.990805
3.154144
3.093758
3.163367
3.113300
3.111517
3.063916
3.068073
3.122898
3.053753
3.178638
3.094277
3.015184
3.076032
3.045995
2.936486
3.044148
3.033580
2.991603
3.129950
3.008980
3.158049
3.060393
3.094649
3.048947
3.162041
3.062000
3.016880
3.046885
3.186465
3.059259
2.963493
3.073201
3.125625
2.986154
3.000171
3.163565
3.096517
3.018128
3.194525
3.010954
3.079462
3.216985
3.033493
3.161650
3.004873
3.026853
3.088791
3.011560
3.046992
3.066767
3.207333
2.943569
3.104517
3.141404
3.072452
3.126140
3.055362
3.102005
3.099131
3.092717
3.002384
2.967629
3.023644
3.096673
2.992246
3.166126
3.053882
3.147609
3.026510
3.062213
3.091049
3.019484
3.175861
3.036451
3.053645
3.010253
3.216633
3.036434
3.074738
3.011769
3.083822
3.011757
3.156407
3.074999
3.183144
2.975281
3.134894
3.077431
3.120104
3.021859
3.033662
2.994156
3.028783
2.991297
3.085641
3.083327
3.045473
3.021034
3.103158
3.200040
3.083405
3.040394
3.019646
3.051112
3.106454
3.045466
3.163634
3.134976
3.116547
3.041590
3.091758
3.006013
3.009457
2.981097
3.096877
3.120914
2.993242
3.080137
3.129843
3.029069
3.039411
3.140278
3.146345
3.082980
3.228881
3.046478
3.147242
3.186015
3.011073
3.012264
3.105541
3.187567
2.979086
3.029736
3.052276
2.975643
3.122047
3.038606
2.994425
3.145713
3.146913
3.052787
2.976649
3.012802
2.946553
3.172626
3.186354
3.040928
3.124445
3.031522
3.109216
3.160677
3.027146
3.176924
3.118931
3.206437
2.976080
3.063887
3.147549
3.070917
3.085979
3.057222
3.124751
3.013690
2.993346
3.087844
2.982851
3.149256
3.031439
3.014188
3.108329
2.977354
3.054917
2.995625
3.057241
3.180259
3.058143
3.070290
2.983961
3.055480
3.098771
3.055677
3.133764
3.048171
3.075354
3.101087
3.064019
3.054671
3.048035
3.080545
3.103205
3.014248
2.978507
2.990028
3.096061
3.216033
3.087758
3.211419
2.928390
3.066870
3.058064
3.031342
3.076753
3.242901
3.042662
3.031938
3.014649
3.074784
3.253036
3.019322
3.108928
3.161599
3.074792
3.157795
3.089635
3.171609
3.216243
3.112819
3.102325
3.074425
3.013546
3.156812
3.142335
3.122245
2.925132
2.975521
3.175820
3.039484
3.083028
3.109575
3.098615
3.153172
3.165875
3.021178
3.100045
3.062310
3.074701
3.083827
3.070366
3.101380
2.988406
3.051606
3.080497
3.131863
3.023967
3.218740
3.063266
3.002243
3.063609
3.032672
3.005050
3.084022
3.102837
3.146903
3.071729
3.167007
2.999399
3.098315
3.182081
3.073224
2.984581
3.071727
3.009539
3.036918
3.194892
3.188720
3.027472
2.939974
3.018378
3.094592
3.033775
2.996909
3.157390
3.103617
3.095593
3.021572
3.017356
3.064234
2.973816
3.039567
3.159653
3.107892
3.028325
3.050836
2.998118
2.998924
3.236821
3.137876
3.023304
3.172856
3.015854
3.053866
3.247489
2.979777
3.108663
3.021178
3.136214
3.077561
3.124960
3.020094
3.015929
3.093739
3.097429
3.016961
3.101454
3.088766
3.139281
3.032658
3.055082
3.114258
3.139586
3.080670
3.040454
3.143053
3.080991
3.006861
3.147971
2.979868
3.232993
3.025059
3.007358
3.071923
3.044184
3.109764
3.098383
3.083864
3.140339
3.023449
2.969157
3.011870
3.019800
3.093223
3.003718
3.044718
3.131031
3.086976
3.094838
2.992343
3.131943
3.121449
2.968599
3.136438
3.149101
3.031619
3.059023
3.028279
3.158847
3.059250
3.141357
3.051950
3.129797
2.995995
3.064907
3.008400
3.071156
3.188027
3.097983
3.098274
3.014793
3.046216
3.030898
3.086744
3.105340
3.022082
3.149631
3.068452
3.059132
2.922385
3.197089
3.123679
3.070738
3.067248
3.084216
3.111949
3.126471
3.039248
3.077856
3.169654
3.112255
3.015361
3.023648
2.983905
3.063676
3.076942
2.994113
3.067650
3.134312
3.071373
3.057511
3.009200
2.986624
3.179009
2.996271
3.030895
3.116354
3.030533
3.137862
3.079370
3.089180
3.222833
3.031971
3.137988
3.109039
3.143548
3.059452
3.055097
3.111765
3.079027
3.058059
3.005732
3.057059
3.018573
3.177703
3.045420
3.141466
3.084595
3.218518
3.114536
3.009191
3.445289
3.061779
3.224435
3.139104
3.259548
2.962887
3.182015
3.025563
3.168496
3.050345
3.111234
3.124872
3.022490
3.027987
2.968043
3.057287
3.070883
3.024472
3.061693
3.027489
2.984797
3.160180
2.983475
3.179204
3.002364
3.117749
2.936049
3.002775
3.023365
3.137181
3.063088
3.090785
3.053778
3.130249
2.999225
3.232331
2.957666
3.205232
3.075435
3.003808
3.146444
3.135703
3.122166
3.072406
3.034106
2.936246
3.156671
3.114813
3.045067
3.093505
3.139067
3.186453
3.022392
3.139870
3.050490
3.045886
2.983119
3.105603
3.067913
3.207042
3.012336
3.041177
3.032616
3.079465
3.192427
3.058515
2.998076
3.205142
3.127617
3.088934
2.959373
3.148692
3.190602
3.109112
3.015739
3.068582
3.038782
2.971350
3.308223
3.151812
3.251747
3.016868
3.067434
3.075928
3.085110
3.195469
3.042872
3.081158
2.989513
3.043784
3.281400
2.990442
3.086366
3.004729
3.001201
3.176369
3.112495
3.051192
3.057625
3.097207
2.981275
3.095447
3.006811
3.194619
2.992247
3.184936
2.949580
3.051352
2.959339
2.982937
3.110943
3.009009
3.049373
3.068401
3.119080
3.276122
3.081633
3.012772
3.009285
3.068654
3.107573
3.102174
2.995785
3.120360
3.056499
3.095317
3.015538
3.057359
3.137065
3.118905
3.007120
3.063743
3.148013
3.070081
3.179515
3.061457
3.049806
3.165305
2.987213
3.073437
3.098810
3.058426
3.141025
3.037939
3.113089
2.952686
3.011532
3.096151
2.976869
3.104188
3.120544
3.034158
3.222914
3.068677
3.137445
3.100029
3.099064
2.982979
3.126858
2.945536
3.107912
2.973012
3.163409
3.135119
3.280824
3.069111
3.293128
3.168861
2.893595
3.146026
3.234605
3.058682
3.136446
3.018646
2.995489
3.006664
3.142795
3.037760
3.078295
3.037140
3.089654
3.170846
3.050658
3.263685
3.012225
3.064242
3.013618
3.170056
3.118575
3.131456
3.087224
3.051075
3.060796
3.048297
3.030239
3.033105
3.215927
3.073278
3.177499
3.133489
3.009022
3.286930
3.079544
3.108652
3.017158
3.142305
3.086132
3.084945
3.040676
3.155104
3.033130
3.229352
3.094640
3.054399
3.010548
3.106713
3.313512
3.030685
2.938354
3.233810
3.276344
3.067561
3.103154
3.049901
2.986729
3.244029
3.064424
3.029809
3.043915
2.959281
3.141959
3.058361
3.051794
3.081192
2.937390
3.094388
3.057999
3.102777
3.077183
3.128527
3.227813
3.226199
3.115989
3.091010
3.257533
3.008061
3.060002
3.071441
3.075264
3.061632
3.080393
3.026591
3.155027
3.130466
3.104921
3.029486
3.053857
3.121839
3.025578
3.113552
3.054214
3.153154
3.006914
3.076823
3.043597
3.083515
3.051766
3.103811
3.054183
3.202002
3.118018
3.053505
3.159648
3.151981
3.033534
3.063249
3.107624
3.190917
2.975364
3.037682
3.019721
2.968684
3.121666
3.087977
3.136143
3.078150
3.103938
2.980574
3.252793
3.035029
3.165110
3.030786
3.053709
3.122571
3.147271
3.165768
3.181927
3.031851
3.069794
3.146912
2.973714
3.227226
3.048994
3.001297
3.044338
3.055897
2.991376
3.043104
2.994502
3.165593
3.086448
3.123443
3.096369
3.054009
3.241853
3.177564
3.034261
3.016930
3.118261
2.990109
3.008514
2.980379
3.014705
3.113056
3.000583
3.028638
3.058150
3.027971
3.113997
3.161202
2.928811
3.220528
3.110769
3.193869
2.941820
3.069627
3.187468
3.044959
3.062942
2.996160
3.173227
3.070815
3.136924
3.159024
3.030014
3.158671
3.027882
3.174564
2.982479
2.975461
2.993557
2.938212
3.264342
3.025234
3.083296
3.041979
2.993688
3.144337
3.131224
3.137247
3.153785
3.066833
3.064578
3.047463
3.238364
3.036410
3.034718
3.195916
3.019973
3.057217
3.030919
3.106841
2.986050
3.133371
3.021318
3.119059
3.016998
3.072604
3.068151
3.079116
3.216641
3.011173
3.138293
2.980644
3.023989
2.986576
3.077076
3.200804
3.063414
3.054035
3.048165
3.102436
3.085186
3.001168
3.100601
3.083891
3.048456
3.077696
3.162348
3.062866
3.021944
3.023032
3.075741
3.152125
3.042607
3.007620
3.042632
3.193843
3.050468
3.072650
3.017542
3.187251
3.098688
3.216346
3.019211
3.012549
2.994102
3.264545
3.135577
3.097239
2.986097
3.066203
3.024177
3.099353
3.010109
3.124298
3.050750
3.089897
3.129451
3.083390
3.154451
3.088994
3.007897
3.010346
2.966972
3.087942
3.077062
3.046165
3.157237
3.062997
3.130056
3.035153
3.060504
3.085227
3.073762
3.048327
3.198548
3.050620
3.073813
3.108782
3.061386
3.061917
2.978595
3.081589
3.091679
3.040582
3.072345
3.019555
3.140785
3.016365
3.194187
3.062455
3.109656
3.129176
2.993208
2.945787
2.980975
3.155960
3.086907
3.180069
2.998047
3.058418
3.065201
3.019401
3.095190
2.992860
3.063103
3.109131
3.026893
2.961060
3.100748
3.011213
3.020706
3.044809
3.006943
3.160271
3.034379
3.089659
3.089287
3.153398
3.003471
3.023165
3.070846
3.119751
3.175685
3.131992
3.055553
3.056417
3.038418
3.065523
3.217400
3.021772
3.033809
3.040414
3.216215
3.005189
3.143612
3.104447
3.087070
2.976547
3.002039
3.255779
3.261536
2.968365
3.123713
3.037004
2.961861
3.016557
2.981455
3.013657
2.932922
3.131884
3.105567
3.004885
3.083824
3.013125
3.150191
3.158820
3.040375
3.002494
3.033365
3.002965
3.201359
3.093730
3.043405
3.114324
3.005214
3.064077
3.097329
3.051102
3.214568
3.021124
2.996531
3.089413
3.104916
3.167821
3.135755
3.061867
2.988603
3.132551
3.006319
3.071838
3.039961
3.118971
3.032587
2.946260
3.225402
3.147942
3.062154
2.977705
3.137000
3.124026
3.168310
3.114886
3.057429
2.988288
3.013179
3.002516
3.216580
2.991980
3.092561
3.158493
3.010917
3.074221
3.025743
3.234546
3.096100
3.143359
3.033279
3.118659
3.229647
3.033071
2.979271
2.989441
3.144653
3.056207
3.087581
3.141653
3.085485
3.186591
3.134082
3.070975
2.990937
3.046198
2.983903
3.020330
3.046349
3.087718
3.189294
2.987429
3.115071
3.073871
3.015464
3.148318
3.170818
3.107766
3.051117
2.982620
3.038608
3.093508
3.011377
3.148847
2.971297
3.060275
3.045695
3.104666
3.096188
3.075847
3.073696
3.165703
3.113764
3.124460
3.080272
3.017942
3.191178
3.199655
3.095087
3.139701
3.072749
3.220000
2.975131
3.098921
3.236997
3.155346
2.912646
3.067572
3.013289
3.177689
3.117810
3.047902
3.075373
3.021131
3.228071
2.895654
3.068851
3.210728
2.950358
3.089912
3.044262
3.106173
3.006961
3.002064
3.098059
3.168710
3.033336
3.134988
3.184043
3.126382
3.044350
3.096773
3.107658
3.105572
3.099976
3.118053
3.013763
3.171989
3.230275
2.999978
3.043606
2.990056
3.093704
3.056497
3.035418
3.284702
3.018953
3.074559
3.121874
3.096545
3.002094
3.138713
2.994039
3.162127
3.150798
3.028474
3.112560
3.035846
3.007730
3.146043
2.997996
3.169024
3.211347
3.086534
3.058472
3.028590
3.150526
3.058072
3.142193
3.055711
3.057393
3.181470
3.117496
3.066271
3.029776
3.038429
2.999885
3.091421
3.056476
3.141699
3.149951
3.023590
3.065283
3.019194
3.033493
3.168894
3.016114
3.018781
3.195038
3.084086
3.067087
3.183405
2.960209
3.054808
3.056570
2.969864
3.085721
3.083541
2.988634
3.078396
3.144229
3.085273
3.067015
3.007592
3.101630
2.956492
3.061087
3.083601
3.080681
3.034109
3.058586
3.222083
3.078823
3.235547
3.076712
3.118512
3.010179
3.026970
3.081529
3.001071
3.219454
3.012147
3.189880
3.085813
3.078397
3.106865
3.075000
3.028274
3.001666
3.126126
3.097746
3.073140
3.032040
3.097227
3.021197
3.043463
3.020839
3.094594
3.030784
2.958431
3.068745
3.168425
3.079450
3.107323
2.966001
3.134804
3.045648
3.017545
3.071023
3.091940
3.009346
3.092675
3.061920
3.110639
2.963274
2.967867
3.004610
3.050329
2.957266
3.000205
3.150706
3.049320
3.124927
3.083854
3.068884
3.088434
3.025120
2.998032
3.055012
3.020110
3.014949
3.013906
3.209738
3.189722
2.987648
3.185049
3.083949
3.100336
3.021463
3.183463
3.137450
3.005436
3.070844
3.032126
3.126901
2.986936
3.104255
3.204834
3.150206
3.063380
3.033032
3.295474
2.930957
3.003958
3.188480
3.104503
3.089506
2.979842
3.107216
3.040454
3.081952
3.080373
3.085842
3.199652
3.040968
3.185049
2.883967
2.938287
3.122696
3.206502
3.060932
3.080744
2.969415
3.038496
3.045124
3.214293
3.029156
3.060796
3.092525
3.235855
3.064307
3.017304
3.237367
3.066355
3.010580
3.213824
3.079617
3.086339
3.098080
3.119749
3.078651
3.020503
3.128878
3.017783
3.166701
3.007960
2.999599
3.140283
3.029006
3.254911
3.110771
3.051003
3.068047
3.014326
3.144085
3.042093
2.971972
3.156890
3.065442
3.100301
3.080909
2.997276
3.131552
3.020869
3.048439
3.066111
3.057004
3.181817
3.099850
3.104588
3.065318
3.006363
3.045476
3.200942
3.032261
3.160773
3.048715
3.163552
2.971007
3.058775
3.075940
2.989791
3.019674
3.069370
3.113556
3.114912
3.128997
3.125094
3.025833
3.099243
3.110229
3.167092
3.037741
3.013380
3.091554
3.066133
3.182468
3.023377
3.027154
3.061406
3.284316
3.122609
3.111723
3.035473
3.142746
3.040396
3.130336
3.089153
3.039400
3.048406
3.206197
3.152602
3.036921
2.998583
3.058245
2.962366
3.035596
3.101329
3.054294
2.955013
3.092847
3.113304
3.180382
3.093439
3.186827
2.996993
3.134085
3.033240
3.063414
3.130924
3.182491
3.032469
3.297860
3.164759
3.173247
3.077917
3.084311
3.081067
2.909785
3.312762
3.095341
3.099302
3.041823
3.010623
2.981094
3.029617
2.976611
3.092628
3.067009
3.069253
3.043770
3.048787
3.179287
3.213861
3.064045
2.909807
3.026760
3.056209
3.108829
3.042275
2.995756
2.998490
3.051215
3.171979
2.992265
3.177662
3.096289
3.015285
3.123200
2.978066
3.007729
3.042444
3.050419
3.000847
3.059234
3.141948
3.101859
3.061353
3.183113
3.004972
3.001719
3.021114
3.188937
3.116538
3.022146
3.019277
3.101569
3.174551
3.022568
3.095227
2.968352
3.155139
3.094808
3.091188
3.060106
3.087132
3.038407
3.078824
3.157777
2.983624
3.116500
2.989146
2.991636
2.982895
3.074032
3.051662
3.068286
3.034048
3.206780
3.012566
3.064708
2.995502
3.149742
3.168695
3.001885
3.059162
3.021477
3.019062
3.141236
3.090671
2.961431
3.010641
3.045103
3.236073
3.012071
3.188936
2.973600
3.136220
3.112186
2.979039
3.063636
3.118250
3.001721
3.172283
3.066032
3.171191
3.090035
3.031824
3.020806
3.166889
2.985936
3.097185
3.050600
3.072484
3.050938
2.946098
3.116684
3.014551
3.145782
3.039684
3.218860
3.020583
3.042361
3.107429
3.027068
3.010961
3.073968
3.172429
3.080871
3.029392
3.117741
3.037277
3.125704
3.053587
3.205094
3.023987
3.004742
3.156482
3.306580
3.086386
3.010741
3.063219
3.207642
3.025947
3.012776
3.027103
2.993535
3.161957
3.087680
3.108404
3.088297
3.075496
3.122974
3.021214
3.050018
2.945523
3.096511
3.129384
2.981036
3.017028
3.117889
3.041410
3.108356
3.178336
3.063680
3.032981
3.117433
3.160795
3.039468
3.041559
3.152884
3.207946
3.054400
3.062540
3.069941
3.077310
3.134839
3.184229
2.948613
2.983048
3.119705
3.061485
3.086284
3.125950
3.119623
3.022716
3.114420
3.093741
3.047497
3.016873
3.054728
3.066979
3.088776
3.021330
2.987867
3.124682
3.115407
3.117044
3.042083
3.219022
3.089521
3.066822
3.126519
3.133914
3.092969
3.130795
3.070322
3.017851
3.174159
3.047122
2.953049
3.035596
2.980686
3.114594
3.019874
3.163261
3.120641
2.981392
2.948817
2.971466
3.068768
3.111929
3.046310
3.015872
3.079956
3.152412
3.081121
3.131196
3.077703
3.199162
3.059767
3.111568
3.125859
3.196838
3.152547
3.183929
3.058215
2.935467
3.031878
3.029554
3.249855
3.235390
3.077966
3.066208
3.060080
3.086726
3.095088
3.120352
3.139662
3.009537
3.243880
3.092092
3.082239
3.025227
3.170938
3.019836
3.032460
3.008296
3.092315
3.006201
3.088919
3.164923
3.017365
3.017463
3.278187
3.176384
3.153100
3.011560
3.072300
3.178159
3.204498
3.104019
3.009632
3.211060
3.194029
3.037222
3.141046
3.109158
3.004775
3.175974
2.986460
3.033549
3.109771
3.049474
3.144785
3.052482
3.044448
3.183445
3.063840
2.999480
3.150383
3.007440
3.184211
2.952343
3.143142
3.050470
3.046541
3.172062
3.188234
2.943116
3.037051
2.981195
3.030904
3.247404
3.141757
3.122422
3.095650
2.997265
2.972128
3.084321
2.995094
3.044950
3.096364
3.171502
3.038503
3.060409
3.058099
3.056890
3.100245
3.186355
3.011728
2.975424
3.187203
3.194481
3.204853
3.102961
3.095717
2.995321
2.998596
2.975049
3.139856
3.048661
3.058891
2.970201
3.113992
3.166401
3.031513
3.067338
3.051031
3.218256
2.988744
3.086356
3.012689
3.135940
3.051154
3.144880
3.057723
3.128191
3.015324
3.100481
2.992051
2.980590
3.057472
3.035293
3.174676
3.045561
3.159601
3.029061
3.315723
3.002034
3.062167
3.041867
3.011020
3.124215
3.021729
3.045273
3.111363
3.108969
3.185337
3.046977
2.983329
2.956395
2.990429
2.993078
3.089556
3.277020
3.200645
3.161717
3.114138
3.010194
3.211170
2.966446
3.217594
2.985934
3.096732
3.060220
3.137805
3.090678
3.040842
3.050364
2.966700
3.087548
3.034138
3.098421
3.199368
3.148694
3.002146
3.044860
3.171226
3.193009
3.091787
3.037725
3.030652
3.101567
3.066775
3.083291
3.110403
3.080666
3.073470
3.059317
3.200185
3.004271
3.083376
3.127161
3.067496
3.047724
3.073015
2.978762
3.150161
3.052619
3.063883
3.051783
3.077584
3.031969
3.190326
3.116366
3.064746
3.070022
3.059994
2.958142
3.040899
3.071024
3.062834
3.163124
3.235849
3.070710
3.046623
3.062642
2.989365
3.135011
3.222898
3.138491
3.185777
3.086234
2.970695
3.011528
3.006503
3.030579
3.068906
3.066116
3.063596
3.050192
3.166429
2.972815
3.071560
3.095888
3.262061
3.096185
3.152071
3.023976
3.146136
2.925562
2.958735
3.082439
3.197563
3.024899
3.087828
3.138769
3.119210
3.027833
3.026546
3.034883
3.030367
3.087415
3.255375
3.002941
3.284452
3.062061
3.306480
3.105274
3.039582
3.158707
3.002156
3.162162
3.102776
3.012822
2.950065
3.066597
3.085512
3.029369
3.081147
2.972842
3.202613
3.142483
3.093958
3.006135
2.966124
3.039026
3.010269
3.082055
3.116059
3.142683
3.107799
3.074461
2.964804
3.017685
3.036330
3.013377
2.983428
2.968833
3.054472
3.169488
3.158178
3.028758
3.238167
3.033107
2.958705
3.092969
3.236958
3.122986
3.060826
3.047250
3.058947
3.058069
2.979100
3.010447
2.980903
3.128882
3.002765
3.001115
3.145976
2.989708
3.083622
3.092841
3.060371
2.971736
3.022563
3.037023
2.984606
3.080814
3.077523
3.081048
3.025273
3.071470
3.105334
3.144422
3.100073
3.228545
3.142599
3.065070
3.045553
3.226536
3.164205
3.118662
2.980206
3.015069
3.089357
3.103671
3.153363
3.053423
3.000394
3.097814
3.103726
3.063129
3.076997
2.986426
3.044960
3.109422
2.936455
2.993596
2.986008
3.151559
3.084483
3.050400
3.017162
3.081285
3.000366
2.957222
3.015958
3.121843
3.196425
3.078560
3.070579
3.124424
3.185001
3.101751
3.186241
3.056417
3.131526
3.066246
3.076990
3.068842
3.058158
3.105302
3.047235
3.165033
3.203277
3.040166
3.010584
3.027367
3.003471
3.293772
2.971522
3.003940
3.131707
3.011420
3.128720
3.160122
3.019823
3.100526
2.937492
3.048134
3.038724
3.079231
3.151196
3.100424
3.133937
3.066177
3.107680
3.157754
3.035017
2.971266
3.082224
3.121299
3.064712
3.046700
3.134631
3.017539
3.030312
3.093059
3.018010
3.074148
3.025824
2.912470
3.069266
2.989672
3.053920
3.213965
3.125142
3.125937
3.191428
3.219019
3.076093
3.056662
3.080392
3.088191
3.094933
3.085728
3.019836
3.055056
3.142678
3.016507
3.240715
3.149008
3.130907
3.111120
3.012832
2.984173
3.043835
3.034716
3.221362
3.075676
3.015210
3.085761
3.125862
3.147628
3.056317
3.161623
2.981442
3.039811
3.041200
3.036209
3.006407
3.073333
3.103743
3.083095
3.004114
3.123796
3.093772
3.225110
3.095440
3.037203
2.951947
3.094709
3.053297
3.010093
3.028722
3.063983
3.107532
3.067143
3.061719
3.084697
3.121769
3.042772
3.042597
3.002416
3.147161
3.039222
3.094642
3.209780
2.932895
3.094766
3.168091
2.965244
3.090677
3.027768
3.037322
3.020194
3.021616
3.081454
3.057040
3.043496
2.978736
3.227089
3.078910
2.960175
3.002985
3.173406
3.090799
3.069094
3.203377
2.977649
3.110840
3.065606
3.030078
3.101072
3.259899
3.002867
2.973843
3.014752
3.163214
3.187170
2.979306
3.154458
3.233881
2.998138
3.116014
3.059522
3.067522
3.112429
3.060259
3.269152
3.078860
3.016388
3.028111
2.995041
3.128632
3.106606
3.052284
3.071217
3.112750
2.991388
3.166065
3.010521
3.097842
2.898779
3.189085
2.975417
3.126119
3.142379
2.955134
2.978759
3.061309
3.189505
3.016474
3.047444
3.196802
3.160812
3.045144
3.008958
3.179685
3.018454
3.146398
3.067329
3.005072
3.103478
3.023199
3.053758
3.297182
3.102238
2.965321
3.033238
3.083437
3.058146
3.057663
3.124974
3.101699
3.036715
3.138671
3.392561
3.083709
2.964960
3.080867
3.101689
3.163931
3.170035
3.001421
3.121720
3.101014
3.087089
3.076958
3.085674
3.197929
2.981953
3.083373
3.190818
3.017468
3.017230
3.050660
3.106298
2.994747
3.030918
3.101049
3.136397
3.077582
3.198573
3.040000
3.090027
3.095899
3.048998
3.158908
3.000848
3.170044
3.313728
3.153503
2.979101
3.039290
3.153555
3.038127
3.104088
2.992567
3.089253
3.223062
3.409396
3.175448
3.108529
3.013674
3.041675
2.950253
3.153388
3.068978
3.039278
3.123641
3.100847
3.109911
3.057781
3.022943
3.085773
3.107162
3.226325
3.127347
3.032891
3.087420
3.023666
3.035391
3.048534
3.050387
2.957724
3.064879
3.060268
3.123607
3.217298
3.021947
3.078672
3.133697
3.052295
3.080249
3.043622
2.986967
3.128331
3.063000
3.138235
3.062475
2.951802
3.029260
3.086568
3.080854
3.056896
3.147421
3.164857
3.063149
3.034833
3.006422
3.098035
3.076346
3.089310
3.087085
3.087996
3.131526
3.111968
