# Si-Si bond lengths (Angstrom)
# Total count: 10800
3.128485
3.121672
3.005839
3.267673
3.006557
3.141725
3.158499
3.068015
3.123709
3.083159
2.934697
3.148819
3.151292
3.248536
3.136573
3.162311
3.064716
3.113094
3.101211
3.169115
3.072338
3.145877
3.375755
2.882741
3.136917
3.244027
3.091284
3.164523
3.142836
3.218495
3.210196
2.855234
3.133685
3.266224
3.260674
3.095092
3.146626
3.111404
3.289429
3.246138
3.171534
2.953400
3.262803
3.155738
3.119559
3.284083
2.833508
3.154774
3.019111
3.224408
3.386105
3.096322
3.099179
3.172892
3.196548
3.211991
2.886423
2.846857
3.151542
3.156053
3.389308
3.044269
2.957637
3.158889
2.960736
3.056723
3.025589
3.114493
3.269560
3.084235
3.034250
2.998963
3.094012
3.222586
3.283103
3.031007
3.205270
3.109556
3.129776
3.172237
2.831452
3.088047
3.078809
2.846467
3.053097
3.133824
3.309947
3.106444
3.131789
3.244952
3.102579
3.306540
2.990291
3.202401
3.115026
3.255278
3.024676
3.019786
3.247883
3.162323
3.251882
3.124792
3.152512
3.003206
3.036454
3.001401
3.158612
3.037827
3.290340
3.235793
3.045041
3.104563
3.126234
3.235868
3.063623
3.171045
3.167564
3.001509
2.866891
3.206852
3.285247
3.026705
3.198195
3.091809
3.360418
3.125758
3.181250
3.114048
3.197027
3.256626
3.263814
3.089526
3.007516
3.053583
3.233226
3.130557
3.242727
3.306174
3.076639
3.116113
3.006333
3.238280
3.155123
3.142120
3.167994
3.192096
3.064784
3.109910
3.282484
3.140610
3.126094
3.052714
2.991313
3.138639
3.125346
3.100497
3.055536
2.928877
3.270801
3.198239
3.181428
3.069718
2.967408
3.270634
2.891018
3.163095
3.234933
3.104628
3.256940
3.161390
3.206764
3.222183
3.133482
3.269617
3.229722
3.353226
3.097921
3.004642
3.029562
3.245197
3.071072
3.306047
2.976651
2.947805
3.422065
3.099683
3.185967
3.180984
3.283661
3.267348
3.207362
3.234779
3.041814
3.115279
3.048031
3.172816
3.142904
3.019396
3.227715
2.987669
3.289068
3.269722
3.265778
3.111843
3.059136
3.116283
3.246119
3.251230
3.140051
3.055741
3.175462
3.210020
3.122860
3.098878
3.074911
3.036389
2.717971
2.975879
3.140727
2.990283
3.065059
2.889865
3.282922
3.018699
3.105425
3.130569
3.081499
3.167460
3.077541
3.128524
3.109412
3.083127
3.192760
3.118748
3.153839
3.127011
3.263167
2.973067
3.070736
2.900357
3.139120
3.043553
3.128215
3.134301
3.043950
3.028254
3.139753
3.176804
3.175629
3.163976
2.980152
3.212113
3.141577
3.211326
3.164106
3.156431
3.180242
3.342420
3.087848
2.953297
3.274155
3.125309
3.057739
2.921532
3.110688
3.184673
3.230612
3.286157
3.124194
3.095612
3.159517
3.085708
3.304447
3.266715
3.095432
3.226430
3.090329
3.131946
3.131086
3.142595
3.124155
3.155140
3.155865
3.154105
3.390733
3.058867
3.174562
3.133029
3.215652
3.253506
3.178297
3.157445
3.266054
3.174904
3.084277
3.134646
3.093846
3.251482
3.235276
3.029130
3.153508
3.154059
3.187195
2.972853
3.269278
3.139625
3.062593
3.137530
3.078296
3.211811
3.092597
2.974223
3.309766
3.202573
3.068375
3.306824
3.300331
3.153518
2.999697
3.226129
3.018473
3.096018
2.913308
3.095175
3.127458
3.170452
3.152932
3.315065
3.129012
3.196662
3.005633
3.158290
3.192825
3.169397
3.251274
3.053264
2.979890
3.175227
2.997687
3.107569
3.217061
3.139817
3.116864
3.148243
3.013003
3.143926
3.070583
3.014104
3.132366
3.049748
3.229443
3.112829
2.959488
3.137056
3.237535
3.049597
3.111349
2.998110
3.185032
2.936051
3.139354
3.130995
3.047910
3.007683
3.050040
3.307187
3.187847
3.074804
3.143050
3.179870
3.251868
3.126871
2.936045
3.206479
3.300672
3.204484
2.986367
3.123666
3.173435
2.905419
3.158697
3.057212
3.127883
3.303484
3.166250
3.222269
3.197743
3.215763
3.118543
3.262968
3.113282
3.021221
3.162870
3.134887
3.032262
3.284893
3.177484
3.317479
3.208499
3.053282
3.238765
3.202031
3.161326
3.095015
2.971400
3.169836
3.104930
3.176183
3.193019
3.184814
3.143483
3.092948
3.141601
2.858056
3.150745
3.175082
2.949115
3.077587
3.370039
3.144117
3.005835
3.232819
3.115875
3.127418
3.065133
3.050204
3.183420
3.023354
3.066256
3.159025
3.363542
3.137052
3.025186
3.356140
3.358621
3.036101
3.204849
3.001811
3.162684
3.158114
3.213130
3.113097
3.205585
3.059139
3.272936
3.261148
2.944155
3.042616
3.262390
2.860019
2.991939
3.348564
3.056758
3.112454
3.101074
3.074255
3.065789
3.166221
3.240434
2.964711
3.119858
3.199351
3.076256
3.054786
3.108477
3.256649
3.116876
3.166383
3.034398
3.321619
3.250989
3.171077
3.006771
3.115362
3.194208
2.886830
3.211369
3.130561
3.229036
3.173292
2.971126
3.222164
2.948018
3.023459
3.134711
3.047633
3.217734
3.238390
3.055495
3.289291
3.206644
3.150194
2.947841
3.187581
3.275085
3.179240
3.085583
3.010862
3.153564
2.975624
3.076845
3.088338
3.308997
3.305341
3.018764
2.889267
3.292786
3.113803
3.233411
3.183003
3.170531
2.981126
3.087846
3.283612
3.081819
3.194688
2.984110
3.064393
3.233363
3.269840
3.128506
3.132376
3.169857
3.189669
2.920455
3.132355
2.931557
3.116375
3.181799
3.194677
3.122982
3.101416
3.189492
3.283820
2.970104
3.276630
3.349864
3.112073
2.935248
3.272051
3.092497
3.243158
3.202798
3.022007
3.138836
3.203636
3.045230
3.055119
3.001550
2.935363
3.160545
3.155285
2.951362
3.153920
3.026078
3.021627
3.219351
3.212033
3.005135
3.090004
3.244891
3.222100
2.928767
2.990513
3.248188
3.048395
3.170312
3.118708
3.198404
3.164123
2.948455
3.154755
3.067049
3.191148
3.109344
3.020172
2.999034
3.117395
3.189492
3.258960
3.226836
3.331060
3.242298
3.068682
3.078319
2.886736
2.954654
2.986584
3.155457
3.112884
3.153719
3.146955
3.166937
3.100479
3.080858
3.206256
3.146506
3.231233
3.104690
3.154107
3.111943
3.000755
3.142043
2.970360
3.178022
3.133506
3.334891
3.162725
3.267458
3.215863
3.041136
3.388741
3.220558
2.997493
3.038310
3.240057
3.184886
3.081182
3.230377
3.125484
3.095897
3.226739
3.166790
3.062985
3.218867
3.265528
3.103088
3.016505
3.215240
2.957573
3.334227
3.018027
3.027003
3.123930
3.509674
3.068326
3.153458
3.174206
3.035837
3.141626
3.000676
3.084354
3.207165
3.176167
3.228974
3.285886
3.284022
3.049718
3.161343
3.201421
3.145854
3.166261
3.036761
3.063216
3.034574
3.402363
3.065197
2.997157
3.288592
3.303033
3.188112
3.015421
3.026730
3.341884
3.094161
3.083414
3.238435
3.008996
2.943008
3.092629
3.228800
3.248295
3.157730
3.177197
3.008957
3.201247
3.082841
3.081549
2.956421
3.259231
2.999989
3.012068
3.039408
3.091803
3.129210
3.097624
3.146474
3.187571
3.154644
3.229699
2.998117
3.208334
3.204483
2.947849
3.267632
3.180686
3.094911
3.276431
3.118328
3.145365
3.214816
3.066403
3.193783
3.032279
3.111731
3.115939
2.911149
3.212543
3.113187
3.253675
3.045106
3.091667
3.156470
3.154062
3.098389
3.074408
3.156039
3.158925
3.085264
3.090447
3.065178
3.100693
3.115317
3.437962
3.114970
3.008536
3.223128
3.027697
3.124904
3.192940
3.128053
3.096361
3.114662
3.102352
3.170810
3.190734
3.076418
3.162322
3.024869
3.355533
3.144254
3.350233
3.162524
3.018153
3.006717
3.148185
3.226759
3.150339
3.245316
3.067996
2.970304
3.280710
3.179515
3.251142
3.059766
3.078169
2.844473
2.889080
2.944274
3.194081
3.230063
3.114528
3.071906
2.951294
3.232797
3.351382
3.177695
3.340646
2.898492
3.085099
3.065780
3.144821
3.223792
3.176691
3.243623
3.256873
3.089548
3.003027
3.169467
3.235760
3.239606
3.166693
2.956822
3.105625
3.255447
3.277119
2.900121
3.045511
3.050854
3.057618
3.157787
3.136800
3.160456
3.088277
3.165735
3.283109
3.139951
3.189018
3.289808
3.267471
3.076687
3.021589
3.065178
2.935425
3.209382
3.153336
3.105380
3.344588
3.050252
3.151436
3.026308
3.190052
3.266209
3.137473
2.980830
3.174113
3.344360
3.084825
3.059441
3.111716
3.050904
3.326744
3.215342
3.064513
3.082006
3.218030
3.232744
3.084164
3.097488
3.119891
3.186063
3.100140
3.033088
3.037260
3.274090
3.044923
3.133158
3.262551
3.039075
3.245121
3.058125
3.115701
3.046504
3.102905
3.046285
3.101350
3.195480
3.096086
3.005914
3.295998
2.984020
3.079218
3.252674
2.866744
3.106265
3.344531
3.163448
3.086415
3.121549
3.082146
3.022623
3.233292
3.131005
3.200403
3.059171
3.120493
3.021695
3.158649
3.143404
3.226329
3.117869
3.236606
3.154171
3.197213
3.219055
3.166089
3.023202
3.249254
3.206143
3.048088
3.092790
3.107202
3.198046
3.156116
3.228566
2.958625
3.236439
2.987203
3.213168
3.206290
3.082365
3.170069
3.191155
3.181550
2.988798
3.239182
3.275857
3.228928
3.055130
3.029287
3.196907
2.806833
3.036432
3.154828
3.094660
3.152235
2.881102
3.177351
3.156167
3.049708
3.333949
3.139601
2.978884
3.129149
3.024969
2.941706
3.153200
3.107570
3.017945
3.155786
3.146536
3.091941
3.152278
3.222199
3.185252
3.108382
3.140890
3.222392
3.430891
3.154268
3.109391
3.285080
3.355843
2.996083
3.117982
3.227878
3.092644
3.192250
3.229976
3.101277
2.993580
3.191572
3.163178
3.123955
2.993157
3.109778
3.067611
2.998507
3.185300
3.046823
3.196046
3.094965
3.068076
3.084133
3.071188
3.100156
3.230940
3.078401
3.067608
3.206590
3.315333
3.189984
3.029658
3.179021
2.945329
3.064394
3.259715
3.185605
3.176633
3.135788
2.916025
3.268940
3.142400
3.281524
3.095032
3.046084
3.147783
3.110395
3.048076
3.146555
3.103182
3.000881
3.017019
3.058895
3.207440
3.206148
3.217756
2.978765
3.214586
3.283545
3.168780
3.193087
3.070777
3.183346
3.134327
3.081912
3.087024
3.086244
3.016793
3.021066
2.946503
3.026433
2.993192
3.189752
3.106948
3.170294
3.118245
3.076180
3.315803
3.137608
3.151978
3.095324
3.188410
2.959131
3.197455
3.151944
2.997934
3.267836
3.202593
3.226145
2.971524
3.035135
3.125263
3.174710
3.198196
2.898444
3.130511
3.353631
3.008397
3.235042
2.984738
3.272162
2.968379
3.227685
3.202087
3.315489
3.066950
2.999242
3.143827
3.115704
3.106597
2.934816
3.084667
3.127267
3.061928
3.016172
3.237432
3.031826
3.281981
3.386882
3.271211
3.344329
3.102650
3.299472
3.152548
3.130781
3.334408
2.946755
3.111543
3.311319
3.169642
3.283649
3.140412
3.021499
3.144577
3.088361
2.946010
3.158557
3.158560
3.144182
3.136275
3.105467
3.126108
3.257730
3.119648
3.156256
3.078994
3.198175
3.083341
3.133148
3.113153
2.931311
3.119961
3.216267
3.099190
3.192771
3.119270
3.063718
3.028531
3.066789
3.202601
3.090255
3.204106
2.927641
3.096687
3.333143
3.087747
3.039620
3.177092
3.092119
3.299416
3.240409
3.121343
2.979332
3.259221
3.109450
3.243755
3.400804
3.023012
3.230439
3.118444
2.998588
3.047818
3.088742
3.014850
3.317680
2.921491
3.119398
2.960971
3.151664
3.129902
3.353884
3.024535
3.160399
3.077523
3.106609
3.007372
3.080213
3.159990
2.983464
3.339241
3.269309
3.105197
3.158172
3.282516
3.107603
3.047751
3.074911
3.375437
3.073392
3.215379
3.220616
3.008492
3.044944
3.322616
3.049953
3.049958
3.232645
3.147777
2.926042
3.005810
3.042020
3.060092
3.132119
3.052078
3.254205
3.222502
3.068052
2.982103
3.072419
3.174330
3.240476
3.045312
3.204605
3.092521
3.181554
3.103318
2.955874
3.073718
3.236589
3.142923
3.125734
3.272055
3.154849
3.058291
3.189414
3.111041
3.161619
3.045154
3.297368
3.108466
3.249320
3.184622
3.126673
2.907429
3.096339
3.062635
3.164002
3.280725
3.082702
3.333427
3.171074
3.099085
3.049545
3.152938
2.889507
3.166249
3.340440
3.100206
3.139838
3.184294
3.242069
3.184877
3.124228
3.105479
2.960006
3.172974
3.013511
3.163558
3.212673
3.076387
3.252296
3.035966
3.325584
3.077592
3.235101
3.074382
3.266405
3.357686
2.934892
3.324784
3.179982
3.038079
3.269908
2.989132
3.418227
3.145171
3.059416
3.210967
3.042456
3.086212
3.080353
3.003111
3.133998
3.099211
2.914096
3.071650
3.128718
2.949304
2.938525
3.063582
3.225590
3.149580
3.184695
2.950273
3.130044
3.065800
3.165853
3.186265
3.225261
3.088315
3.062119
3.267439
3.089341
3.180875
3.339243
3.080746
3.126061
2.935763
3.237110
2.964898
3.145288
3.013835
3.107648
3.138149
3.217763
3.202818
3.185526
3.326378
3.161098
3.179713
2.988914
3.155065
3.051733
3.065126
3.115574
3.199990
2.945774
2.981940
3.120226
3.236589
3.278914
3.165044
3.272297
3.284718
3.103796
3.094191
3.179281
2.956224
3.219719
3.102846
3.127586
3.323585
3.173789
3.193220
3.215645
3.217515
3.145824
3.158930
3.000565
3.039906
3.245043
2.943871
2.992488
3.083692
2.907168
3.187585
3.209825
3.200133
3.018911
3.159925
3.206986
3.080730
3.065093
3.147568
3.107638
3.298956
3.251151
3.317712
3.116011
3.140145
3.171575
3.282881
2.888071
3.019578
2.955223
3.177227
3.134888
3.257679
3.194721
3.264902
3.051394
3.152353
3.148603
3.143644
3.120072
3.099568
3.022869
3.116923
3.180662
3.078140
3.281273
3.180485
3.173220
3.099583
3.143658
3.070527
3.162886
3.069271
3.166628
3.224540
3.238577
3.286125
3.044098
3.263574
3.225418
3.107382
2.969685
3.049645
3.067372
3.253351
3.298633
3.120131
2.970217
3.170424
2.907929
3.092715
3.255611
3.233295
3.157698
3.080890
2.955971
3.096516
3.194898
3.048669
3.272378
3.005094
2.932407
2.812387
3.194310
3.104084
3.043923
3.215435
3.121651
3.308560
3.092065
3.059725
3.093280
3.049390
3.165117
3.255354
3.124945
3.065843
3.277678
2.992826
3.054148
2.913036
3.094913
3.157305
3.046927
2.988932
3.119771
3.057402
3.066472
3.247067
3.164941
3.215377
3.050941
3.145750
3.083813
3.185064
3.097207
3.266938
2.946304
3.141282
3.243935
3.034432
3.015091
3.209948
3.165508
3.109985
3.085095
3.076888
3.308803
3.259832
3.171341
3.220894
3.069897
3.154755
3.248315
3.171497
2.985186
3.135899
3.268171
3.124076
3.140921
2.950039
3.301971
3.127610
3.356170
3.253147
3.206220
3.110227
3.067194
3.294275
3.017859
3.242371
3.311767
3.241690
3.154988
3.233631
3.308932
3.077033
3.184480
3.289273
3.035928
3.257599
3.055262
2.927755
3.047260
3.164767
2.921381
3.129208
3.245628
3.091407
3.137078
3.146485
3.202251
3.221438
3.160187
3.117328
3.310757
3.097147
3.224718
2.995668
3.145673
3.152228
2.985462
3.117016
3.258948
3.032349
3.327226
3.031979
2.878003
3.137663
2.917019
3.145764
3.074283
3.192512
3.223358
3.155938
3.156830
2.961822
3.097551
3.186766
3.145509
3.151683
3.134539
3.235169
3.070509
2.804972
3.064791
3.116675
3.137270
3.141177
3.223846
3.070577
3.089003
3.142256
3.265992
3.102583
3.152944
3.020747
3.093692
3.013539
3.255945
3.043033
3.104960
3.093581
3.188582
3.075029
3.229611
3.171921
3.104567
3.138889
3.182665
3.137524
3.149154
3.097497
3.147505
3.037087
3.100873
3.126058
3.161303
3.100008
3.116301
3.168598
3.081210
3.231489
3.159727
3.164875
3.026852
3.018136
3.169863
3.068046
3.321910
3.124111
3.200858
3.234707
3.090450
3.321382
3.196125
3.082982
3.152281
3.028546
3.126977
3.033815
3.163883
3.108422
3.080625
2.833396
3.162170
3.184495
3.011613
3.131111
3.263053
3.219347
3.088933
3.071573
3.183813
3.120824
3.036362
3.102379
3.166382
3.260086
3.015577
3.096606
3.055635
3.117948
3.114457
3.141564
3.007881
3.136830
3.340126
3.272812
3.013694
2.992821
3.053215
2.960752
3.225568
3.294291
2.995716
3.147824
3.211961
3.185608
3.122485
3.240298
3.239958
3.002877
3.120919
3.022867
3.193044
3.093490
3.213109
2.933599
3.022358
3.031198
3.267769
3.144834
3.267276
3.209961
3.310608
2.950394
3.129905
3.106276
3.143476
3.154138
3.061625
3.393016
3.008185
3.333010
3.207416
3.021552
3.144875
3.282823
3.080386
3.121170
3.172650
3.244694
3.205775
3.141468
2.980901
3.140637
3.012618
3.119821
3.200664
3.076077
3.166208
3.131487
3.133820
2.961323
3.269606
3.212845
3.135334
2.983188
3.111133
2.890895
3.079320
3.140419
3.197024
2.966108
3.060758
3.234411
3.165949
3.142913
3.056251
3.092002
3.121321
3.142036
3.152114
3.305821
3.203300
3.121039
3.208220
2.971476
3.078607
3.058616
3.017478
3.204189
3.154428
3.015518
3.218717
3.119298
3.083868
2.981293
3.327891
3.328762
3.119372
3.038410
2.957202
3.092381
3.155764
3.304105
3.150774
3.181103
2.943449
3.296291
2.926328
3.040707
2.924652
3.114497
3.030463
3.245401
3.077151
3.373375
2.902147
3.147178
3.117631
3.255834
3.089061
3.207100
3.239572
3.088370
3.229676
3.031147
3.049630
3.075063
3.000905
3.147370
2.997550
3.168955
3.395274
3.165317
3.129220
3.199187
3.111275
3.165294
3.083083
3.169869
2.971267
3.190561
2.947189
3.208257
3.164189
3.182879
3.281422
3.260986
3.072591
3.162805
3.114407
3.251238
3.091373
2.961079
3.267809
2.993661
3.024823
3.051462
2.995302
3.116796
3.164065
3.049726
3.125163
2.888183
3.161132
3.235016
3.044647
3.463002
2.921413
3.002004
2.840415
3.196433
2.909762
3.251567
3.242937
3.105820
3.149712
3.253155
3.330169
3.160254
3.366653
2.900783
3.186995
2.999674
3.149875
2.980280
3.139358
3.263774
3.084721
3.184586
3.175882
3.065416
3.022229
3.071888
3.153709
3.257514
2.990935
3.094113
3.232687
3.166224
3.104041
3.068759
3.290235
3.247438
3.303987
3.202637
3.100344
3.304609
3.141535
2.995338
3.233286
3.199926
3.213074
3.165172
2.917051
3.365918
2.906999
3.250272
3.256327
3.022453
3.105945
3.247277
3.205047
3.074920
3.261724
3.032861
3.031091
3.022320
3.253913
3.102957
3.084656
2.976353
3.138906
3.060634
3.180510
3.019893
3.129901
3.230808
3.194649
2.875016
3.134590
3.377239
3.190037
3.059205
2.975724
3.200436
3.105319
3.122111
3.099792
3.140795
3.119078
3.323634
3.109676
3.188835
3.245530
3.059124
3.257848
3.260860
3.191041
3.042263
3.220945
3.135436
2.991063
3.134842
3.326347
3.068860
3.019284
3.175069
2.983334
3.219005
2.965327
3.090990
3.149556
3.020489
3.183298
3.275958
3.110122
3.219640
2.971479
3.086597
3.059268
3.014343
3.341542
3.175712
3.308641
3.136668
3.250991
3.057746
3.219881
3.260035
3.137165
3.147456
3.102452
3.048649
3.039631
3.170514
3.243964
3.039151
2.978142
3.298653
3.177055
3.127149
3.087038
3.113001
3.085638
3.172910
3.219814
3.100264
3.011692
3.078510
3.201659
3.020282
3.061964
2.978366
3.187365
3.152429
3.376895
3.088133
3.126957
3.160743
3.276325
3.054171
3.225879
3.221409
3.160439
3.159222
3.402462
2.989284
3.073721
3.148259
3.216545
3.015222
3.184492
3.107509
2.960232
3.055041
3.182342
2.992400
3.236767
3.323828
3.300826
2.948128
3.194550
3.036401
3.200882
3.033409
2.974794
3.126544
3.121733
3.127587
3.113096
3.086313
3.037914
3.074502
3.031429
3.029828
3.294136
3.251589
3.197699
3.105046
3.119613
2.958031
3.250445
3.188228
3.157358
3.145363
3.206158
2.980986
3.266600
3.176578
2.834407
3.163720
3.218842
3.095552
3.161120
3.272180
2.930379
3.077428
3.120051
3.291979
3.242348
3.041292
3.100255
3.206997
3.196214
3.078847
3.098259
3.354819
3.025403
3.024204
3.122101
3.018386
3.303929
3.094266
3.053520
3.247497
3.037260
2.975406
3.128891
3.147312
3.181752
3.077874
3.107912
3.115495
3.213681
3.083503
3.166619
3.235540
3.439719
3.122636
2.989391
3.089969
3.237729
2.997334
3.180038
3.132011
3.104713
3.008956
3.260641
2.900757
2.944013
3.254307
3.065801
3.137245
3.083295
2.885570
3.265843
3.095061
3.062649
3.200924
3.228966
3.154148
3.123303
3.024944
3.100262
2.976629
3.280459
3.183113
3.297593
2.999151
3.078715
3.223307
3.270511
3.100003
3.017082
3.091845
3.065122
3.053253
3.194155
3.003785
3.168368
3.203885
3.086528
3.123700
3.032020
3.195169
3.180016
3.080715
3.191027
3.038743
3.154963
3.031715
3.087398
3.157501
3.065310
3.251900
3.119150
3.003799
3.160666
3.294320
3.147922
3.175525
3.039304
3.113122
2.983383
3.080186
3.139726
3.166947
3.137910
3.112236
3.426732
3.006875
3.175708
3.265300
3.156455
3.145628
3.127150
3.227566
3.242782
3.060925
3.313863
3.017713
3.194712
3.213756
3.106728
2.967770
3.017640
3.085165
2.944056
3.160185
3.266819
3.111702
2.955427
3.109576
3.127868
3.185370
3.204097
3.001862
3.003740
3.266878
3.196077
2.987554
2.955446
2.866948
3.151924
3.243818
3.196286
3.049771
3.179441
3.111793
3.178191
3.101110
3.258790
3.021185
3.034205
3.114643
3.217750
3.321528
3.128966
3.316509
3.221233
3.042703
3.136947
3.075441
3.491044
3.130777
3.191739
3.039875
3.082394
3.207293
3.225709
3.010636
3.110905
3.000215
3.204703
3.097696
2.943173
3.194059
3.137243
3.148816
3.261813
3.268942
3.172284
3.084359
3.067171
3.011271
3.060709
3.306111
3.220306
3.124362
3.121097
3.218631
3.097889
3.186549
3.136926
3.156587
3.075035
3.029316
3.008786
3.079423
3.147040
3.063327
3.196358
3.130573
3.235854
3.118865
3.071950
3.229537
3.102437
3.168664
3.122822
3.124102
3.173409
3.113487
3.190884
3.170034
3.212576
3.141614
3.113509
3.255407
3.285617
3.169212
3.030865
3.107750
3.167408
2.967996
3.123108
3.273147
2.862474
3.133553
3.263206
3.192936
3.276514
3.076925
3.283786
3.156781
3.253755
3.146174
3.054332
3.091958
3.166103
3.061850
3.114891
3.070230
3.253748
3.115366
3.083476
3.129396
2.823735
3.073392
3.173941
3.172976
3.055517
3.096404
3.166833
3.063312
3.210186
3.014645
3.118237
3.210918
3.097296
3.134896
3.149332
3.164642
3.073719
2.991596
3.196042
2.973308
3.305948
3.262669
3.021121
3.167185
3.124463
3.041043
3.091824
3.024256
3.172389
3.080545
3.011652
3.274784
3.118457
3.217193
3.253289
3.215602
3.206358
3.281689
3.152688
3.213893
3.192202
3.189060
3.175461
3.059778
2.987638
3.005813
3.202280
3.078553
3.373729
3.047011
3.115976
3.154688
2.956905
3.245240
3.179195
3.137543
3.205811
3.038250
3.067554
3.008123
3.264407
3.257164
3.190769
3.118925
3.116617
3.361363
3.198909
3.044843
3.216767
3.272517
2.970250
3.119469
3.151576
3.224632
3.188361
3.066013
3.055840
3.232420
3.238833
3.141531
3.119718
3.165340
3.085525
3.212664
3.159235
2.962035
2.968550
3.271669
3.234253
3.122798
3.070876
3.073736
3.114412
3.113777
3.161584
2.978052
3.345477
3.218271
3.106849
3.153918
2.994253
3.166717
2.999241
3.169632
3.156277
3.187828
3.182476
2.999874
2.988681
2.966881
3.093949
3.097203
3.031635
3.124309
3.070793
3.207819
3.162414
3.335651
2.884146
2.853188
3.151888
3.295530
3.111270
3.228695
3.222388
3.066127
3.168461
2.879297
3.155371
3.137040
3.021797
3.130092
3.204149
3.023455
3.076612
3.120674
3.090406
3.120519
3.184837
2.777548
3.246100
3.157600
3.215133
3.162592
2.900606
3.140493
3.091187
3.198216
3.214057
3.106857
3.006107
3.281777
3.083320
3.082162
3.275904
3.149567
2.978986
3.040496
3.173201
2.812303
3.239562
3.198096
3.083786
3.186102
3.062164
3.206117
3.404775
3.141628
2.931593
3.286618
3.227719
3.081864
3.105612
3.006635
3.233070
3.023961
3.008273
3.234629
3.312094
3.036878
3.182022
3.246470
3.195597
3.079238
3.056147
2.998657
3.017380
3.145702
3.214909
2.998516
3.195398
3.003089
3.445880
3.080501
3.217579
3.205338
3.164616
3.115987
3.261245
3.079130
3.188020
3.101429
3.146706
3.014243
3.215911
2.947852
3.179448
3.071938
3.021133
3.204360
3.125490
3.139865
3.012069
3.066118
3.157740
3.126354
3.005106
3.100379
3.288033
3.132244
3.169615
3.259996
3.049796
3.371030
3.338524
3.137623
3.057465
3.331126
3.013845
3.241999
3.102543
3.369966
3.168659
3.180277
3.136185
3.261380
3.230641
3.116294
3.265375
2.941878
3.051662
2.997775
3.008560
2.989092
3.318247
3.215907
3.035470
3.214170
3.054730
2.916182
3.360615
3.089893
3.146048
3.132916
3.234140
3.191637
2.968431
3.261101
3.048074
3.187785
3.110252
3.210295
3.212733
3.155556
3.003104
3.186115
3.038926
3.156575
3.232464
3.131475
3.187557
3.247125
3.140221
3.027188
3.093237
3.178363
3.118710
3.020817
3.138313
3.001507
3.145619
3.130289
3.114268
3.094207
2.932201
3.214189
3.047503
3.076916
3.132680
3.333304
3.037966
3.267211
3.196958
3.199554
3.091339
3.035315
2.942807
3.057906
3.192558
3.088667
3.049177
2.985253
3.165026
3.176634
2.928846
3.180696
3.086901
3.154639
3.186656
3.312248
3.164650
3.291035
3.117699
3.084388
3.164017
3.080598
3.135410
2.886622
3.353149
3.048574
3.379627
3.138325
3.231703
3.104946
3.092478
3.285410
3.000907
3.188790
3.101694
2.919370
3.073132
3.094002
3.260165
3.064805
3.154635
2.938252
3.055142
3.008813
3.112158
3.026481
3.254784
3.278603
2.994441
3.140232
3.011104
3.340802
3.213954
3.061638
3.302450
2.978620
3.000364
3.216002
3.172369
3.161039
3.187794
3.148104
2.997621
3.189215
3.040320
3.071058
3.038495
3.229388
2.754573
3.141796
2.986354
3.239181
3.216107
3.178303
3.249870
3.168498
3.058232
3.125436
3.083323
3.166637
3.108250
3.160987
3.166976
3.219351
2.929334
3.178096
3.174094
3.056497
3.171975
3.160780
3.308830
3.132350
2.890970
2.953479
3.116414
2.945716
3.245635
3.207504
3.284491
3.175741
3.137427
3.111167
3.099164
3.174494
3.231210
2.993215
3.373834
3.165918
3.092039
3.192848
3.080931
3.039418
2.994662
3.193186
3.327770
3.022285
3.172967
3.149496
3.187307
2.938679
3.282391
3.047776
3.046353
3.084895
3.403813
3.047825
3.086350
3.269943
3.284587
3.074565
3.163737
3.121428
3.149857
3.140001
3.166161
3.091919
3.075765
3.059114
3.199473
3.145960
3.363742
2.992996
3.163943
3.230355
3.084733
2.974570
2.933996
3.310853
3.133528
3.109588
2.953411
3.112998
3.062293
3.043647
3.134756
3.085732
3.007265
2.933562
3.035409
3.095939
3.345923
3.219071
2.950564
3.042804
3.062745
3.093568
3.227997
3.041626
3.132412
3.086388
3.166395
3.025351
3.141330
3.153153
2.991566
3.292932
3.012465
3.211518
3.204354
3.194076
3.048609
3.142440
3.388568
3.063187
3.221444
3.079233
3.182962
3.057388
3.166785
3.187923
3.007201
3.145913
3.265673
3.214101
3.424643
3.143036
3.057181
3.235867
3.131281
3.131178
3.151203
3.015486
2.999598
3.134092
3.255348
3.107259
3.147729
3.107021
3.092342
2.984858
3.186046
3.171682
3.122876
3.031650
3.091122
3.097357
3.103681
2.910886
3.160928
3.147043
3.216494
3.074553
3.229939
3.223321
3.158959
3.036298
3.041658
2.955435
3.215393
3.132779
3.157592
3.037663
3.187928
3.319187
3.230391
2.953695
2.899407
3.133828
3.041278
3.260839
3.140249
3.146693
3.117951
3.260812
3.120696
3.308893
3.084045
3.168795
3.020219
3.243230
2.960800
3.107912
3.203970
3.089766
3.133383
3.238011
3.036623
3.177263
3.130256
3.200690
3.120490
3.171140
3.182513
2.951510
3.085882
3.238092
2.883129
3.278124
3.172590
3.204382
3.026116
3.100792
3.141922
3.174154
3.112573
3.138719
3.071510
3.039031
2.829052
3.150069
3.176843
3.268752
3.140844
2.990243
3.264818
3.176889
3.078571
3.135659
3.168940
3.252000
3.019830
3.079654
3.111336
2.817082
2.960371
3.249946
3.007749
3.060089
3.183146
3.104611
3.151330
3.261692
3.002514
3.291141
3.211592
3.054922
3.253957
3.165842
3.111952
3.039129
3.324130
3.016114
3.137006
3.124155
3.115548
3.025902
3.243665
3.123757
3.199424
3.127655
3.277363
3.052375
3.006851
3.271393
3.031302
2.935414
3.137383
3.168815
3.320288
3.188506
2.974577
3.161531
3.210763
3.140937
3.085261
3.264786
3.272496
3.191480
3.174538
3.060551
3.187065
3.098919
3.189337
2.989042
3.138437
3.143687
3.267178
3.119920
3.144147
3.063432
3.225783
3.101949
3.124470
3.077444
3.250421
3.054770
2.986323
3.126336
3.171557
3.065836
3.094837
3.168985
3.010171
2.971076
3.126523
3.207764
3.149761
3.045009
2.942078
3.097077
3.065612
3.174122
2.973130
2.974440
3.305343
3.000573
3.146942
3.127100
3.143694
3.203012
3.215806
3.200277
3.247249
3.148515
3.021686
3.212789
2.981795
3.307546
3.232241
3.094474
3.064685
3.220614
3.205770
3.319128
3.248814
3.054458
3.203465
3.238680
3.227834
3.006326
3.193162
3.148229
3.165641
3.259730
2.916924
3.156295
3.020909
3.046849
3.029672
3.090661
3.032571
3.282308
3.002246
2.990543
2.985716
3.155760
3.124088
3.161275
3.246762
3.157393
3.193606
3.138022
3.171160
3.314247
3.235930
3.026465
3.135578
3.229501
3.051995
3.013502
3.019637
3.134406
2.999003
3.118193
3.262313
3.138454
3.189689
3.169955
3.050400
3.025754
3.185139
3.248703
3.095526
3.136926
3.164708
3.196209
3.168744
3.150536
3.169537
3.250141
3.058613
3.020449
3.168511
3.056460
3.154700
3.249195
2.965315
3.091102
2.959690
3.159182
3.057065
2.939704
3.195789
3.116221
3.141412
3.207006
3.137651
3.179698
3.033065
3.046490
3.279840
3.198536
3.095676
3.220320
3.124175
3.066380
3.025448
3.148566
3.267438
2.858944
3.255845
3.248219
3.173139
3.262362
2.994933
2.957423
3.171207
3.073043
3.308511
3.018573
3.149537
3.009933
3.191329
3.215178
3.272375
2.932101
3.226740
3.208411
3.081084
3.191714
3.230803
3.090280
3.193682
3.132700
3.017920
3.162189
3.040429
3.026387
3.357607
3.148176
3.122094
3.069109
3.182003
2.937625
2.954578
3.251616
3.242248
2.970535
3.402870
3.091050
3.069884
3.014936
3.162619
3.017936
2.922791
2.971126
3.229461
3.227014
3.002083
3.103972
3.057379
3.174755
3.046381
3.249441
3.200874
3.247655
3.145581
3.201620
3.068634
3.080983
3.128414
3.121399
3.291639
3.377558
3.127094
3.203947
3.219625
2.991392
2.942497
3.101151
3.049688
3.365219
3.024037
2.973725
3.180512
3.192089
3.192164
3.152284
3.107084
3.095236
3.207262
3.245290
3.070918
3.173411
3.162453
3.129979
3.118250
3.240591
3.198688
3.068871
3.032368
3.207825
3.140218
3.129064
3.067890
3.228440
3.233378
2.897792
3.228879
3.316971
2.985759
3.219074
3.117489
3.199839
3.075519
3.240080
3.240152
3.083851
3.325756
3.004021
3.263065
3.232916
3.008414
3.239097
3.144490
3.103644
3.176674
3.206231
3.008084
3.160752
2.983240
3.137220
3.214463
3.049711
3.081928
3.238722
3.160395
3.251763
3.103263
3.397906
3.188379
3.084571
3.090545
3.143540
3.090671
3.129167
3.040332
3.220042
3.222868
3.398811
3.123732
3.173076
3.326468
3.089263
3.095952
3.336017
3.164744
3.110451
3.080365
3.098249
3.180960
3.063387
3.147570
3.199681
3.115567
3.131182
3.126360
3.089740
3.111008
2.992870
2.981411
2.954271
3.175241
3.031187
3.072987
3.079888
3.073394
3.034182
2.997722
3.132473
3.085371
3.430462
3.059449
2.959927
3.173766
3.148210
3.244880
3.078995
3.214839
2.960050
3.221347
3.126039
3.065791
2.860206
2.890040
3.133901
3.377088
3.204943
2.870077
3.157914
3.089051
2.936960
3.155041
3.243636
3.306293
3.062701
3.103683
3.040019
3.256727
3.175954
3.182387
3.155592
3.118846
3.154264
3.074973
2.949213
3.135942
2.753742
3.203268
3.157668
3.318969
2.961940
3.118918
3.167105
3.120179
3.190918
3.340803
3.129304
3.100159
3.152589
3.152852
3.049911
3.031307
3.154102
3.219756
3.273970
2.948802
3.144057
3.139590
3.188138
3.143415
3.248417
3.195184
3.195273
3.211202
2.993119
3.052945
2.808483
3.104536
3.171770
3.064970
3.086340
3.062924
3.131267
3.100434
3.091209
3.276194
3.145021
3.238680
3.113498
3.083015
3.056387
3.212796
3.222609
3.132287
3.184003
2.918191
3.065542
3.034608
3.099314
3.238103
3.191088
3.101668
3.113019
3.101148
3.218754
3.047147
3.178644
2.860536
2.951645
3.232365
3.114761
3.080103
3.052278
3.321020
3.160260
3.096919
3.063171
3.144477
3.096398
2.995275
2.940242
3.045398
3.148932
3.166644
3.207571
3.049452
3.238269
3.076029
3.243834
3.107686
3.085086
3.019178
3.226057
3.259445
3.170468
3.017742
3.157807
2.917911
3.118197
3.056453
3.116594
3.058391
3.037509
3.037395
3.136731
3.073579
3.218051
3.228483
3.177812
3.099872
3.122383
3.278785
3.252526
3.137944
3.232288
3.122795
3.242891
3.094298
3.246502
2.873726
3.023453
3.208301
3.101107
3.162821
3.217016
3.095052
2.923160
3.239093
3.016411
3.246753
3.263153
3.165431
3.114819
3.185150
3.059385
3.017286
3.463446
2.990034
3.082012
3.242292
3.112987
3.139076
3.090601
3.089994
3.156442
3.334496
3.141413
3.180426
3.204591
3.169517
3.051782
3.075709
3.029843
3.088829
3.235353
3.054411
3.139444
3.245834
3.114622
3.070078
3.232120
2.953274
3.085263
3.243695
3.119845
3.012034
3.198873
3.119618
3.136435
3.318174
3.131281
3.110707
3.206492
3.190962
2.984597
3.375909
3.196748
3.082811
3.083978
3.188821
3.199857
3.325229
3.120391
3.163119
3.190053
3.162204
3.037419
3.236249
3.189032
3.106066
3.035262
3.289739
3.216624
3.003264
2.949713
3.011421
3.021729
3.031600
3.087791
3.379418
3.135095
3.085970
3.060268
3.243324
3.078754
3.034717
3.102356
3.193969
3.158400
3.057450
3.240503
3.016627
3.143563
3.200552
3.138336
3.125664
3.013497
3.230805
3.097558
3.012283
3.000307
3.244930
3.153154
3.067297
3.109429
3.127034
3.220931
3.115498
3.099093
2.997705
2.944542
3.232481
3.097280
3.061001
2.991683
3.035783
3.165103
3.362765
3.049609
3.004484
3.118250
3.124710
3.146692
3.136586
3.077732
3.063119
2.833864
3.056009
3.279133
3.247686
3.159156
2.977731
2.919308
3.249961
3.278708
3.185159
3.086118
3.092554
3.153401
3.111820
3.293491
3.075332
3.117621
3.120031
3.173694
2.930704
3.135972
3.230110
3.178044
3.158483
3.170616
3.055750
3.068242
3.061408
3.283525
3.290410
3.180425
3.190399
3.123146
3.156212
3.081457
3.210434
2.919426
3.334843
2.958061
3.140024
3.111350
3.143228
2.914811
3.064387
3.258577
3.094216
3.044326
3.178290
3.152114
3.093359
3.094770
2.952248
3.079763
3.363371
3.254186
3.036172
3.126780
3.358196
3.122798
3.062880
3.078825
3.008725
3.270866
3.191838
3.009955
2.936782
3.080372
3.167552
3.045555
3.032670
3.274388
3.110090
3.153057
3.226937
3.173441
3.078452
3.049839
3.138995
3.036662
2.980040
3.245625
3.095723
3.167261
3.038612
3.217505
3.178225
3.046739
3.213811
3.191915
2.946758
3.143446
3.202138
3.121195
3.083355
3.225029
3.323868
3.206926
3.192204
3.031287
3.095093
3.041634
2.927565
3.220710
3.160280
3.237221
3.145386
2.999223
3.133149
3.035013
3.223582
3.170771
3.364324
3.211223
3.288427
2.903056
3.058338
3.267514
2.962806
3.426865
3.077609
3.115793
2.929994
3.223365
2.952616
3.125851
3.156640
3.304595
3.104920
3.022878
3.074497
3.148787
3.241773
3.185312
2.985681
3.282001
3.102681
3.140884
3.073914
3.186825
3.166318
3.187469
3.011182
3.252350
3.249515
3.417040
2.952112
3.196244
3.196894
3.160416
3.100454
3.127569
2.906476
3.351620
3.300698
2.847337
3.037828
3.194815
3.240264
2.983534
3.018781
3.189660
3.099295
3.122947
3.141203
3.229092
3.175510
3.012218
3.000451
3.105030
3.041537
2.826748
3.338053
3.003036
3.144802
3.044112
3.235461
3.124785
3.247575
2.952968
3.117091
3.002890
3.091440
3.233520
3.190008
3.189301
2.906093
3.123960
3.224370
3.090611
3.265389
3.270233
3.301462
3.092741
3.139821
3.153352
3.096070
3.233111
3.123113
3.328072
2.887334
3.175039
3.234650
3.330009
3.126892
3.145659
3.153181
3.148769
3.130251
2.839887
2.987794
3.190044
3.162331
2.954284
2.995540
3.072437
3.033103
3.091677
3.061531
3.242501
3.046469
3.263237
3.333380
3.494671
3.158345
3.157666
2.931814
3.192965
3.180647
3.071802
2.963497
2.983563
3.165524
3.151580
3.206931
3.104332
2.920903
3.333832
3.105891
3.010425
3.157298
3.199004
3.154356
3.219664
3.083517
3.150804
3.172114
3.197817
3.274572
3.067945
3.107739
3.134172
3.211484
3.234397
3.128530
3.251721
3.010432
2.939042
3.063550
3.231146
3.130483
3.253456
3.304045
3.004745
3.131215
3.153828
2.986143
3.031851
3.162013
3.570594
3.143764
3.056009
3.107136
3.272278
3.390764
2.914535
3.282919
3.323198
2.878867
2.930645
3.066339
3.120494
3.057187
3.184860
3.251313
3.218426
3.160194
3.160366
3.071047
3.083204
3.266180
3.025546
2.967419
3.017075
3.328577
3.116470
3.101686
3.298105
3.108117
3.083859
3.122257
3.170625
3.298462
3.170262
3.072190
3.359008
3.026669
3.135801
3.150171
3.081912
3.122636
2.867379
3.073915
3.226692
3.254605
3.123531
3.101184
3.291159
3.136119
3.072290
3.166037
2.907633
3.205973
3.104106
2.921492
3.208990
3.104974
3.024148
2.920814
3.092422
3.103853
3.194082
2.965953
3.130995
2.834391
3.025824
3.238904
3.312405
3.037013
3.081761
3.201014
3.021964
3.165837
3.188455
3.053833
3.160404
3.296205
3.057302
3.246590
3.052610
3.122443
2.941337
3.258952
3.176850
3.011696
3.176608
3.123453
3.132206
3.091937
2.994116
3.071310
3.048469
3.196276
3.220972
3.019121
3.155132
3.103321
3.067133
3.100132
2.946092
3.089523
3.237649
3.118130
3.051400
3.178238
3.112846
3.139771
3.165006
2.891516
3.045678
3.382218
3.352778
3.143034
3.010262
3.100702
3.292953
3.261287
3.069046
3.210702
3.293702
3.153630
3.116591
3.227166
3.066207
3.018951
3.211143
3.065344
3.002934
3.146563
3.118520
3.217318
3.145784
3.022260
3.193894
3.098399
3.196775
3.012053
3.142573
3.026742
3.133105
3.222867
3.104194
3.054547
3.108740
3.065821
3.083704
3.259791
3.177127
3.122301
3.135269
3.237052
3.175411
3.128739
2.916573
3.088416
3.158105
3.230643
3.037300
3.312539
3.059410
3.047057
2.845695
3.132029
2.952124
3.336593
3.133808
3.078328
3.047240
3.257488
3.307690
3.087021
2.924812
3.192822
3.073783
3.193435
3.198861
3.220199
3.117484
3.241846
3.072998
3.053689
3.140065
3.026166
3.063722
3.253141
3.462614
3.011570
3.242763
3.230736
3.257630
3.217107
3.041749
3.099440
3.115193
3.166960
2.963229
3.280866
3.111193
3.177739
3.159436
3.210597
2.868554
3.132986
3.144696
3.165267
3.236135
3.111548
3.243241
3.281093
2.890817
3.055640
3.091376
3.105797
3.048020
3.346499
3.243296
2.944749
3.049378
3.204811
2.991545
3.188920
2.917475
3.045295
3.177514
3.185067
3.112804
3.255455
3.086160
3.147392
3.175402
3.248705
3.173177
3.116394
3.428905
3.044429
3.199650
3.136389
3.207502
3.251448
3.061551
3.176803
3.189603
3.157744
3.243713
3.076293
3.153721
3.207764
3.121117
2.901724
3.177850
2.940625
3.192094
3.214711
3.046808
3.127474
3.203056
3.128974
3.096124
3.017593
3.072906
3.170699
3.123935
3.094659
3.203463
3.155100
3.012373
3.086001
3.015385
3.010139
3.081654
3.131770
3.131932
3.133581
3.011300
3.050153
3.222640
3.043824
3.182888
3.227961
2.735811
3.103270
3.209704
3.338353
3.177442
3.191874
3.193249
3.003385
3.028732
3.225383
3.001435
3.134696
3.276464
2.873149
3.191404
3.034920
3.263954
3.053257
3.323501
3.146554
2.987609
3.091364
3.126352
3.187340
3.136492
3.198310
3.044215
3.073575
3.142480
3.217416
3.212266
3.157524
3.380038
3.031964
3.175462
3.249265
2.983178
3.273391
3.166863
3.164488
3.176043
3.222642
3.009126
3.245344
3.012843
3.000367
3.232543
3.045243
3.169400
3.119391
3.060543
3.175797
3.105905
3.036409
3.107948
3.154545
3.119222
2.992480
2.977834
3.227497
3.113571
2.987513
3.150062
3.109792
3.239859
2.965964
3.147224
3.103421
3.099451
3.147598
3.091732
3.295866
3.154458
3.191698
3.277190
3.089242
3.160803
3.277590
3.141785
2.995916
3.001435
3.184822
2.857506
3.308241
3.268417
3.044905
3.122091
3.119283
3.074226
3.351794
3.083858
3.139139
2.993921
3.372481
2.942840
3.275257
3.281737
3.173137
3.144620
3.210456
3.222123
3.063926
3.078394
3.117624
3.162048
3.255800
3.155509
3.148210
3.060747
3.106298
3.209567
3.116633
2.957421
2.990782
3.147066
3.081546
3.081273
3.186433
3.125105
3.025409
3.374009
3.061351
3.279822
3.097214
3.118640
2.965150
3.170171
3.066330
3.218445
3.099090
3.237853
3.038745
3.277115
2.955780
3.157309
3.160173
3.229701
3.186557
3.149580
3.037557
3.161723
3.266315
3.302617
3.208826
3.012444
3.273066
3.083535
3.187731
2.939027
3.326619
2.893488
3.145777
3.216033
3.127324
3.161236
3.082872
3.114415
3.259657
2.864944
3.209963
3.300473
3.011846
3.090539
3.042534
3.263780
3.091878
3.137940
3.091117
3.203526
3.204515
3.273239
3.048639
3.389188
3.073060
2.938767
3.229413
3.163507
2.974807
2.787749
3.253081
2.906079
3.173127
3.121674
3.167476
3.074201
3.225202
3.038044
3.051382
3.302305
3.021897
3.313819
3.063241
3.346456
3.122110
3.206080
3.188614
3.071019
3.155705
3.252057
3.224492
3.114724
3.282882
3.178187
3.027574
3.143050
3.265004
3.180248
2.903873
2.962402
3.165193
3.139955
3.231374
3.080031
3.125005
3.241268
3.048981
3.075479
3.134359
3.258760
3.338537
3.124603
3.022795
3.081745
2.989410
3.240390
3.228485
3.149832
3.315838
3.128341
3.199315
3.543845
3.052922
3.209391
3.013931
3.152051
3.071426
3.153560
3.218880
3.043974
3.153525
3.028815
3.074369
3.068011
3.225192
3.233159
3.234201
3.039394
3.025613
3.262116
3.036008
3.084282
2.790002
3.214430
3.062623
2.991727
3.109005
3.154064
3.060721
3.081914
3.174602
2.953677
3.303347
2.969164
3.090103
3.142726
3.291275
3.099692
3.032142
3.019768
3.177516
3.453655
2.994888
3.083437
3.324293
3.117398
3.075361
3.161229
3.093245
3.071853
3.071472
3.257656
3.283315
3.298960
3.065073
3.043267
3.156772
3.081712
3.142784
2.969766
3.161163
3.004789
3.084013
3.050678
3.051385
3.096799
3.229098
3.356343
3.208450
2.992293
3.098526
2.974169
3.216641
3.105108
3.187399
3.044177
3.216537
3.120928
3.132119
2.893630
3.059324
3.247271
3.207443
3.194729
3.040640
3.246298
3.185950
3.219890
3.007945
3.134077
2.862103
3.263040
3.193521
2.971732
2.926307
3.194926
2.861648
3.226188
3.185276
3.051596
3.149407
2.982446
3.116884
3.172711
3.078771
3.282014
2.988582
3.195370
3.146355
3.213963
3.075565
3.209233
3.147364
2.980436
3.090146
3.129704
3.323950
3.236431
3.155701
3.152630
3.229791
3.131499
3.299978
3.190299
3.125223
3.007537
3.139580
3.174535
2.921826
2.865975
3.310022
3.045913
3.117591
3.097506
2.959744
3.190452
3.168068
3.318224
3.155510
3.280190
3.007450
3.185027
3.220375
3.159267
3.031667
3.260357
3.159480
3.276556
2.978713
3.263220
3.083941
3.228484
3.097553
3.091509
3.171315
3.108421
2.948449
3.215545
3.207986
3.268111
3.120329
3.188227
3.179427
3.067509
2.959518
3.140443
3.160803
3.112442
3.035438
2.950675
3.019726
3.175673
3.097039
3.111663
3.114356
3.110963
2.997407
3.274985
3.136382
3.127886
2.991301
3.161705
3.114065
3.062892
3.233943
2.874261
3.139059
3.213281
2.915114
3.117097
3.236378
3.113957
3.212150
3.217407
3.113967
3.138035
3.136626
3.170871
3.127795
3.136357
3.080013
3.045928
3.030920
3.063360
3.104980
3.086907
3.124941
3.004013
3.305997
3.080855
2.961796
3.285493
3.010033
3.233692
3.130092
3.038416
3.085940
3.070066
3.168883
2.953408
3.123583
3.120189
3.304259
3.120354
3.155976
3.012550
3.123029
3.228656
3.324496
2.897438
3.118319
3.208788
3.270704
3.451386
3.178058
3.190777
3.165735
3.052097
3.238265
3.324095
3.053159
3.273279
3.373268
3.047811
3.061695
3.038355
3.034592
3.231626
3.190099
3.021959
3.160365
3.085945
3.047484
3.068508
3.237544
3.320860
3.158078
2.988604
3.130103
3.029481
3.078459
3.018840
3.292733
3.139051
3.167509
3.138513
2.973691
3.224776
3.136385
3.268529
3.037982
3.204596
3.178452
3.067334
3.278264
3.064525
3.137459
3.166030
3.068571
3.237911
3.062207
3.208840
3.011887
3.152471
3.312005
3.200014
3.071339
3.131801
3.350081
2.824920
3.210929
2.978893
2.924969
3.403243
3.308822
3.114029
3.108684
3.325772
3.033363
2.965527
3.099459
3.147918
3.060758
3.104799
3.116423
2.988686
3.146053
2.941835
3.194633
3.272006
3.186806
3.340035
2.967528
3.024059
3.227277
3.037480
3.232361
3.294018
3.066067
3.121284
3.207694
3.250922
2.959808
3.113787
3.134538
3.136322
3.197173
3.257921
3.099752
2.909751
3.173739
3.009566
3.128374
3.175304
2.940360
3.057937
3.257078
3.285810
3.173229
3.112817
3.070875
2.995526
3.182166
3.143974
3.217323
3.130116
2.964053
3.114875
3.013285
3.245458
3.174116
3.172400
3.018909
3.305645
3.080390
2.917098
3.075598
3.122692
3.009426
3.163303
3.113531
3.068373
3.255352
3.068484
3.114704
3.087680
3.119181
3.079792
3.241402
3.183411
3.175590
3.119007
3.196223
2.959419
3.215702
3.028139
2.944600
3.064007
3.276767
3.224793
2.909829
2.927909
3.327916
3.230625
3.174655
3.010454
3.231205
3.095829
3.127180
3.200576
3.196576
3.263258
3.134535
2.994303
3.143817
3.111161
3.179108
3.123448
3.438485
3.191012
3.103136
3.016371
3.237162
3.168437
3.171294
3.047734
3.051692
3.135997
3.094200
2.956691
3.007327
3.178739
3.124499
3.289876
3.176690
3.355043
3.248957
3.222107
3.100083
3.249464
3.286853
3.178970
2.938374
3.212515
3.246396
2.974109
2.860888
3.318649
3.152372
3.165933
3.193579
3.184047
3.162201
2.970558
3.256335
2.948866
3.194775
3.184989
3.168839
3.160810
3.220377
3.047415
3.060116
3.195985
3.048332
3.134900
3.168279
2.958761
3.006532
3.078949
3.196086
3.034598
3.151519
3.094931
3.197954
2.851714
3.180223
2.899181
2.903696
2.899378
3.029421
3.321705
3.263765
3.353621
2.962115
3.080031
3.170552
3.020702
3.129421
3.049225
3.187151
3.164306
2.972829
3.154637
3.050928
3.138030
3.104668
3.149425
3.126846
3.218908
3.104197
3.076370
3.142569
2.971790
3.043611
3.278690
3.080094
3.142585
3.221421
3.245331
3.227304
2.987414
3.052499
3.134494
3.390625
3.175803
3.036164
3.282337
3.087268
3.262262
3.011511
3.183606
3.038019
3.209606
3.192815
3.331805
3.337499
3.120654
2.958133
2.912095
3.154348
3.148932
3.105561
3.221377
3.162816
3.213785
3.188957
3.210254
3.057576
3.231310
3.067676
3.125821
3.226083
3.152958
3.217274
3.159995
3.228723
3.211064
3.173184
3.169949
3.226483
3.179353
3.157701
3.116921
2.991291
3.098755
3.099937
3.065485
3.040302
2.968846
3.239077
3.048088
3.107309
3.203546
3.274762
3.301145
3.170658
3.120622
3.328402
2.962678
3.197301
2.944111
3.121933
2.784348
3.028508
3.251194
3.115670
3.001600
3.219765
2.935905
3.037174
3.005499
3.184545
3.219100
3.177465
2.989907
3.179164
3.042449
3.273244
3.223643
2.993109
3.216866
3.182301
3.024162
3.284629
3.033330
3.273715
3.057364
3.188896
3.132303
3.159690
3.040879
3.131173
3.134769
3.091184
3.145801
3.002291
3.182239
3.072121
3.263158
2.997301
3.149299
3.000616
3.084607
3.040491
3.144093
3.192181
3.264782
3.111853
3.188447
3.136759
3.037692
3.257226
3.174725
3.077266
2.996926
3.098629
3.250085
2.966842
2.957825
3.184312
3.129743
3.086755
3.126587
3.073006
2.973908
3.129909
3.191440
3.205088
3.267330
2.980032
3.119556
3.270689
2.892123
3.150447
3.097598
3.161318
2.977662
3.334122
3.063576
3.174155
3.039492
3.285044
3.083915
3.067650
3.324518
3.104808
3.334814
3.051077
3.117320
3.169639
3.175397
2.992535
3.109306
3.062258
3.102692
2.869994
3.200669
3.020657
3.168181
3.283466
3.008816
3.253493
3.238976
3.017594
3.069352
3.175699
3.241454
3.046687
3.148499
3.099521
3.100187
3.201725
3.010072
2.960270
3.054467
3.091128
3.128308
3.193178
3.045941
3.176408
3.143035
2.999568
3.186558
3.097833
3.081898
3.177634
3.255029
3.194225
3.091064
3.161798
3.141623
2.933802
3.113154
3.226135
3.017556
3.345908
3.189667
3.131730
3.125364
3.119743
3.294122
2.927339
3.047859
3.194213
3.059508
3.141874
3.338145
2.986220
3.121896
3.293667
3.099833
3.142269
3.026564
3.072312
3.140856
3.089470
3.204122
3.139827
3.130921
3.152189
3.172802
3.160173
3.025475
3.283719
3.150777
3.128801
3.071157
3.182886
3.030734
3.155343
3.160041
2.918028
3.172365
3.262152
3.322256
3.170044
3.273536
3.162182
3.053704
3.170035
3.114301
3.102220
2.965715
3.135837
3.004411
3.173175
3.089146
3.054754
3.143351
2.971960
3.157269
3.109012
3.169967
3.277720
3.157170
3.052625
2.982798
3.030292
3.252057
3.305001
3.346772
3.173995
3.189716
3.272422
3.116749
3.132161
3.121681
3.144853
2.996069
3.012753
3.196915
3.152009
3.148927
2.889855
3.147970
3.227804
3.138872
3.203069
3.174133
3.107753
3.063528
3.093894
3.168935
3.131758
3.434249
3.319399
3.113265
3.235947
3.167423
3.120472
3.012754
3.033553
3.209941
3.287733
2.961244
3.329288
3.127161
3.236060
3.258517
2.973375
3.209755
3.139556
3.088845
3.217879
3.049588
3.057969
3.250662
2.981045
3.174286
3.139535
3.218713
3.090793
3.125194
3.170718
3.075372
3.087102
3.067739
3.290465
3.109591
3.095968
3.228249
2.959248
3.049368
3.220817
3.007732
3.160244
3.183620
3.082394
3.119398
3.222055
3.224182
3.076366
2.975295
3.069808
3.129750
3.179323
3.015087
3.015532
3.053628
3.199956
3.197563
3.180582
3.055281
3.293639
3.142720
3.369821
3.182968
3.053954
3.078339
3.062077
3.186570
3.035907
3.189220
3.193419
2.996841
3.225965
3.044762
3.273891
3.299171
3.264982
3.055274
3.040220
3.192563
3.022256
3.148634
2.986122
3.183438
3.215399
3.132008
3.107969
3.330377
3.071197
3.183271
3.213827
3.300411
3.216402
3.053283
3.162184
3.136154
3.152240
2.881668
3.081818
3.032705
3.054095
3.183682
3.084382
2.968065
3.146483
3.204348
3.368143
3.193213
3.164003
3.101790
3.235930
3.123440
3.211487
3.139378
3.310009
3.168533
2.921646
3.036398
2.973692
3.145287
3.104983
3.067315
3.075435
3.136119
3.177982
3.117378
3.247149
3.185904
3.018426
3.029898
3.116125
3.110162
3.263210
3.240466
3.149550
3.089364
3.117100
3.181409
3.230435
3.102616
3.160048
3.216664
3.073798
2.944652
3.241254
3.192180
2.994692
2.995321
3.096649
3.118969
3.067823
3.003527
3.123907
3.044072
3.321929
3.122497
3.084791
3.168916
3.169060
3.071900
3.159495
3.096956
3.045774
2.913068
3.133942
3.140873
3.067041
3.027798
3.118522
3.113653
3.059771
3.049312
2.941214
3.129304
3.172155
3.069693
3.043166
3.169945
3.070971
3.085336
3.298008
3.033467
3.214000
3.203733
3.180872
3.136736
3.119476
3.210322
3.242683
3.197563
3.264946
3.013730
3.041713
3.128042
2.977915
3.207511
3.114298
3.220908
3.026209
3.165496
3.185668
3.274709
3.111144
3.136934
2.967673
3.279656
3.175134
3.051524
2.947340
2.930844
2.975756
3.239586
3.100514
2.975330
3.242816
3.082897
3.151093
3.059768
3.171358
3.268667
3.209449
3.034365
3.205453
3.107187
3.157858
2.930210
3.208648
3.153608
3.060080
2.984105
3.112068
3.124942
2.890926
3.073117
3.111025
2.990147
2.995630
3.091407
3.003569
3.237266
3.191927
2.957416
3.090202
3.223164
3.270420
3.014619
3.151924
3.011226
3.420532
2.956933
3.025529
3.240537
3.132583
3.098015
3.045153
3.249486
3.073664
3.053225
3.189189
3.290425
3.194807
2.995833
3.232652
3.159188
3.076532
3.030483
3.045835
3.332722
3.098398
3.067647
2.967267
3.019435
3.037405
3.302720
3.183393
3.183251
2.989889
3.225771
3.279781
3.128202
3.157109
3.229967
3.186013
3.195631
3.133310
3.015890
3.262713
3.263792
3.113648
3.043221
3.294253
3.049592
3.272992
3.238789
3.077327
3.181968
3.182793
3.008551
3.177650
3.168430
3.245066
3.093115
3.120172
3.138868
3.283320
3.256114
3.131291
3.149314
2.816001
2.932263
3.047216
2.978455
3.285181
3.240200
3.200436
3.166700
3.020709
3.404780
3.201244
3.113133
2.990537
3.145165
3.294965
3.060398
3.199372
3.080078
3.023558
3.049265
3.108151
2.932525
3.175262
3.142736
3.144252
3.067633
3.312402
3.012214
3.069691
2.980133
3.134190
3.228640
3.082777
3.080295
3.192674
3.134460
2.990992
3.211822
3.169431
3.068770
3.160750
3.288853
3.159982
3.163113
3.166603
3.165420
3.211974
3.048671
3.054357
3.046833
3.235830
2.957763
2.966332
3.294547
3.261996
3.053627
3.105541
3.058845
3.178307
2.990100
3.193307
3.093968
3.173456
2.939169
3.327607
3.147887
3.101686
3.186716
3.182541
3.082978
2.664860
3.459287
2.971200
3.172073
3.270562
3.229655
3.096191
3.248936
3.191154
3.009669
3.217426
3.144073
3.110480
3.326131
3.035340
3.305453
3.242521
2.902661
3.247099
3.023343
3.223959
3.118643
2.830519
3.136018
3.082666
2.995048
3.260170
3.195492
3.049820
3.114887
3.097009
3.342209
3.013418
3.098970
3.234872
3.214441
3.044158
3.195138
3.257040
3.158662
3.141488
3.147892
3.269389
3.148942
3.038865
3.149321
3.253454
3.253388
3.107168
3.299627
3.240821
3.169002
3.184521
3.089724
3.046082
3.205394
3.143497
3.017848
3.225130
3.147183
3.234731
3.108090
3.220218
3.210587
3.006148
3.012007
3.405282
3.017821
3.093766
3.186451
3.264598
3.025272
3.205825
3.135369
3.089909
2.886549
2.898577
3.155503
3.151641
3.128905
3.000868
3.056196
3.212303
3.221085
2.970389
3.191584
3.063198
3.161022
3.093670
3.199838
3.245665
3.058505
3.107657
2.888635
3.370132
3.085336
3.148892
2.983875
3.233642
3.236647
3.216218
3.112234
3.111154
3.134503
3.212246
3.196730
3.082219
3.245216
3.015042
3.266857
3.126959
3.027599
3.054564
3.225703
3.073513
2.971250
3.035436
3.083815
3.301439
3.086581
3.115209
3.121665
3.238950
3.174998
3.129790
3.295403
3.101987
3.069193
3.079435
3.097284
3.122474
3.166376
3.109955
3.125490
3.363914
3.208253
3.056793
3.128300
3.070537
3.059430
3.168661
3.267260
3.029291
3.172080
3.131428
3.165215
3.161134
3.182305
3.016788
3.190311
3.251966
3.271966
3.337120
3.314682
2.886166
3.213733
3.179051
3.199910
3.118386
3.088651
3.112027
3.202459
3.277299
3.129733
3.091069
3.144659
3.031751
3.029759
3.248879
3.122375
3.019578
3.181904
2.988730
3.158490
3.342547
3.147896
3.212347
3.118827
2.962932
3.064595
3.101373
3.093379
3.119781
3.204872
3.011973
3.358727
3.148955
3.057615
3.113904
3.347557
3.312144
3.120822
3.040384
3.148449
3.383111
3.148745
3.313868
3.083264
3.097047
3.229704
3.123450
3.034908
3.097720
3.147181
3.413730
3.244315
3.098749
3.088769
3.050853
3.148190
3.288108
2.974283
3.092407
3.058278
2.948249
3.217003
3.240456
3.192792
3.151810
3.023987
3.009607
3.249865
3.211109
3.108203
3.139135
3.212575
3.292166
3.144291
3.019791
3.018315
3.192288
3.054054
3.052040
3.136043
3.073044
3.178110
2.957724
2.926256
3.204206
3.323527
3.166096
3.339874
3.087545
3.187870
3.189419
2.940658
3.004677
3.081423
3.107464
3.027615
3.199977
2.921913
2.893524
3.118560
3.269781
3.202376
2.935333
3.098005
3.049836
3.143744
3.034597
3.104870
2.983454
2.924804
2.974785
2.958228
3.020856
3.281276
3.212751
3.285192
3.504715
3.239993
3.095671
3.295143
3.118462
3.169972
3.080606
3.142694
3.210159
3.023174
3.140922
3.212941
2.953928
3.174980
3.106356
3.012551
3.178636
2.927318
3.095332
3.051957
3.331648
3.220615
2.855995
3.046910
3.342162
3.388324
3.066417
3.023420
3.176624
3.052964
3.192461
3.237499
3.156214
3.299287
3.178187
3.278507
3.012510
3.199852
3.051560
3.187831
3.264270
2.984769
3.130025
2.978166
2.893498
2.979622
3.018205
3.077450
3.187198
3.145345
3.012628
3.251753
3.123462
3.313734
2.992906
3.148657
3.135488
3.254739
2.975091
3.310866
3.219045
3.171597
3.115715
3.257749
3.020301
3.223032
3.101742
3.122758
3.234885
3.231450
2.946038
3.037309
3.334591
3.218671
3.075805
3.251109
3.152507
3.059136
2.881861
3.167011
3.103510
3.018506
3.260653
3.190290
3.173536
2.986185
3.270988
3.042226
3.248146
3.075256
3.008147
3.236723
3.101489
3.029379
3.227103
3.079346
3.228420
3.150853
3.164850
2.948639
3.203308
3.232162
3.007045
3.024097
3.152393
3.020938
3.150082
2.933294
3.247972
3.398953
2.991677
3.037883
3.117508
3.209512
3.139385
3.112466
3.091624
3.160415
2.968621
3.023258
3.201413
3.085608
3.148740
3.063848
3.105659
3.076953
3.179560
3.103584
3.216956
3.094511
3.128974
3.144330
3.273757
3.071291
2.999259
3.103217
2.918947
3.177094
3.117901
3.013509
3.128768
3.257632
3.155784
3.064312
3.011479
3.172653
3.138695
3.027289
3.001692
2.992608
3.155089
3.169431
3.345094
3.154734
3.288064
3.213809
3.091356
3.011553
3.032431
3.193412
3.132863
3.090330
3.025788
3.124845
3.163050
3.208337
3.077559
3.079077
2.980160
3.119424
3.112607
3.093368
3.165054
3.130324
3.057286
3.153387
3.376558
3.204811
3.060829
3.073897
3.017613
3.176786
3.178098
3.237159
3.202343
3.100012
3.088347
3.050165
3.098397
3.071579
3.005377
3.382916
3.151007
3.057622
3.500787
3.220482
3.068118
3.136775
3.047344
3.248740
3.134367
3.067792
3.093415
3.078921
3.176467
3.101466
3.187385
3.048558
3.231264
3.270729
3.098652
3.191715
3.091880
3.245004
3.221811
3.130138
3.130276
3.000393
3.092813
3.163646
3.177324
3.321414
3.346356
3.273000
3.137352
3.108115
3.218281
3.152979
3.153873
3.029516
3.197958
3.117171
3.191594
3.152629
3.009128
3.245662
3.085443
3.085950
3.112042
3.038997
3.299698
3.199813
3.096582
3.223694
3.103250
3.212694
3.183918
3.014727
3.135154
3.150745
3.090084
2.954713
3.205258
3.129708
3.253286
3.069977
3.156002
3.156126
3.183447
3.147800
3.258972
3.143899
3.102530
3.064479
3.141127
3.147549
3.032103
3.124903
3.167816
3.288129
2.937819
2.981891
3.192599
3.221850
3.111305
3.238439
3.277966
3.199165
3.068993
3.337113
2.995889
3.175093
2.864363
3.065597
2.872434
3.206825
3.223697
3.321714
3.088410
2.830631
3.090308
3.000255
3.294165
3.165670
3.312384
3.115707
3.054149
3.234582
3.013682
3.186492
3.061597
3.036179
3.059233
3.035233
3.167505
3.148441
2.932882
2.924593
3.156208
3.181362
3.239031
3.087407
3.039052
3.139098
3.037368
3.064451
3.323289
3.130361
2.992455
3.165084
3.134397
2.953943
3.148668
3.140787
3.284308
3.157605
2.972625
3.225783
3.165530
3.210264
3.179832
3.130581
2.940227
3.142360
2.990197
3.191373
3.067697
3.109880
3.017594
2.968928
3.229259
3.031149
3.123745
3.273727
3.154626
3.434316
3.158812
3.115219
3.210231
2.999945
3.350434
3.179271
3.160800
2.894120
3.147257
3.203396
3.182499
3.274108
3.113377
3.191253
3.106710
3.150150
3.204870
3.231640
3.251064
3.167703
3.006418
3.137206
3.160487
3.040324
3.249849
3.329254
3.139329
3.162895
3.245254
3.099958
3.269762
3.407108
3.139408
3.286806
3.115689
3.104393
3.221625
3.136451
3.146356
3.176183
3.123652
3.195124
3.184054
3.061334
3.182670
2.990234
3.379462
3.066106
3.131865
3.046141
3.207146
3.047065
3.220303
3.082851
3.333961
2.870704
3.063931
2.987940
3.185041
3.221157
3.180648
3.030422
3.184572
3.419224
3.253036
3.010560
2.900233
3.047995
3.034232
3.209000
3.041215
3.174306
3.313167
2.968032
3.121334
3.181676
2.898948
3.045958
2.780258
2.924444
3.161708
2.979937
3.090732
2.907889
3.126184
2.941346
3.220526
2.870976
3.163787
3.150091
3.278865
3.128917
3.014499
2.991969
3.030580
3.213292
3.221158
3.160749
2.918319
3.240312
3.051634
3.114605
3.087386
3.130529
3.333753
3.179392
3.076894
3.118595
3.071960
3.131784
3.271104
3.347682
3.170546
3.065623
3.050727
3.062411
3.267027
3.129707
3.239336
3.128206
3.374046
3.214984
3.263620
3.192601
3.119818
3.149944
3.053915
3.173145
3.049977
3.041669
3.139034
3.184185
3.142318
3.125638
3.043035
3.128486
3.404825
2.873483
3.086388
3.110207
3.278545
3.167526
3.116554
3.001263
3.210032
2.827816
3.139755
3.014092
3.141014
3.078238
3.150567
3.038529
3.127437
3.056260
3.234618
3.099838
3.059446
3.274192
3.223598
3.197944
3.340028
3.025605
3.075864
3.008244
3.163189
3.098198
3.077101
3.022636
3.204153
2.898267
2.932237
3.432032
3.170063
3.293125
3.268439
3.370987
3.094096
3.007628
3.159558
3.122875
3.132538
3.098911
3.222844
3.129949
3.331408
3.132449
3.173624
3.162196
3.067303
3.045369
2.911976
3.097038
3.137604
3.151549
2.896479
3.111703
3.244601
3.144183
2.786327
3.284606
2.966668
3.192326
3.303995
2.968893
3.049130
3.109313
3.145368
3.133700
3.272335
3.043838
3.048149
2.964318
3.259127
3.140536
3.408858
3.044052
3.145573
2.949310
3.176380
2.959877
3.202517
3.331814
3.258515
2.858129
3.161157
3.109649
3.183762
3.032262
3.027216
3.143733
3.211473
3.273777
3.075788
3.072232
3.134884
3.062722
3.263739
3.096082
3.123821
3.338912
3.076609
3.180075
2.980322
3.219465
3.334207
3.109163
3.115807
3.090925
3.084365
3.167541
3.089197
3.061675
3.223631
3.331831
3.306750
3.219686
3.352359
3.066006
3.000673
3.071157
3.338154
2.865479
3.172356
3.230900
3.125041
3.278228
3.134757
3.132044
3.006688
3.311283
3.121862
3.143062
3.210187
3.141286
3.246811
3.159067
3.050265
2.911489
2.942966
3.152699
3.116522
3.298071
2.965044
3.195245
3.246044
2.985318
3.289470
2.878303
3.198334
3.160929
3.120341
3.192819
3.149521
3.059748
3.174795
3.235544
2.874309
3.089514
2.853997
3.198672
3.197300
3.101132
3.217514
3.146159
3.046016
3.162696
3.018766
3.173377
3.261369
3.278433
3.066803
3.062284
3.009212
3.193356
3.193666
3.260697
3.154679
3.087488
2.986795
3.200816
3.129460
3.129472
3.074077
3.078703
3.015215
3.009340
3.138078
3.180246
3.155519
3.228510
2.981842
3.075318
3.037148
3.177933
3.023355
3.017520
2.998339
3.197449
3.175519
3.049352
3.204288
3.031492
3.127665
3.236522
3.301063
3.014717
3.217470
3.198276
3.050050
3.093994
3.104070
3.064896
3.060094
3.118821
3.067121
3.215242
3.267393
2.931845
3.205929
3.165068
3.145267
3.240820
3.106679
3.122358
2.954586
3.178750
3.220557
3.303252
3.016670
3.157877
3.187382
3.085370
3.143970
3.093684
3.211999
3.379618
3.051369
3.121355
3.112454
3.086053
3.182667
2.913438
3.210816
3.434532
3.124568
3.097347
3.104001
3.127299
3.104730
3.014768
3.107691
3.252932
3.186712
3.088920
3.211341
3.135721
3.291766
3.131366
2.980112
3.371876
3.362322
3.327776
3.349821
3.123339
3.209995
3.054418
3.354991
3.143540
3.094365
3.104314
3.063533
3.039875
3.196078
3.083926
3.182180
2.866337
2.912029
3.115303
3.060195
3.201342
3.007555
3.189778
3.136652
3.144952
3.019855
3.146875
3.195263
3.183072
3.321090
3.011921
3.135741
3.106191
3.090665
2.975512
3.139322
3.235573
2.923387
3.209301
3.285260
3.115760
3.156071
3.138970
3.161582
3.090902
3.078393
3.036331
3.111269
3.155212
2.892012
3.283886
2.924378
3.319696
3.145671
2.921876
3.248385
3.066475
2.907278
3.156676
3.208074
2.962710
3.078885
3.018078
2.959317
3.012920
3.122319
2.985148
3.206842
3.149823
3.066491
3.070357
3.043844
3.015364
3.160235
2.929110
2.987781
2.975594
3.080813
3.071421
3.225135
3.150691
3.093060
3.056846
3.155125
3.260528
3.201169
3.180562
3.222300
3.272917
3.011653
3.226999
3.016855
3.087475
3.229889
3.137141
3.106518
2.915905
3.256387
3.248661
3.182688
3.107568
3.027931
3.042313
3.160755
3.285838
3.259222
3.165665
3.204816
3.098301
3.140658
3.089090
3.143056
3.092033
3.166900
3.214106
3.143712
3.118045
3.115136
3.170638
3.159783
3.107367
3.137421
2.917110
3.170520
3.026033
2.993789
3.191388
3.201088
3.257860
3.267769
3.117003
3.217256
3.094898
3.092190
3.209438
3.041882
3.029683
3.039107
3.118392
3.200014
3.292180
3.003708
3.125938
3.303678
3.152582
3.205494
3.020483
3.027092
2.970110
3.166694
3.251252
3.067947
3.025336
3.132718
3.103827
3.231944
3.158219
3.183962
3.112135
3.251128
3.012153
3.101628
3.112922
3.103216
3.208108
3.196114
3.142773
3.343721
3.109639
2.952856
3.282721
3.025277
3.187300
2.895759
3.207199
3.237858
3.120756
2.895960
3.286692
3.308444
3.179751
3.262630
3.069857
3.029462
3.054969
3.107517
3.205021
3.109148
3.090801
3.248708
3.131782
3.132748
3.202893
3.059500
3.203386
3.168197
3.098979
3.049875
2.962718
3.238327
3.106585
3.079213
3.221825
3.230300
3.040026
3.072593
3.037856
3.268769
3.232759
3.066694
2.996552
3.046168
3.189484
3.161692
3.182869
3.153611
3.133178
3.130393
3.062313
3.168353
2.997906
3.170998
3.200245
3.097926
3.367238
3.136932
3.210848
3.063670
3.116906
3.065880
3.252022
3.246204
3.166999
3.249227
2.912417
3.105642
3.361487
3.202777
3.219017
3.049276
2.998569
3.040298
3.187049
3.203387
3.338658
3.164446
2.994757
3.229654
3.110342
3.262013
3.126877
3.134683
3.089489
3.054316
2.839126
2.968931
3.270529
3.204737
3.022637
2.998270
3.021974
3.130378
3.205685
3.162758
3.166438
3.203945
2.985292
3.320019
2.993249
3.107734
2.987779
3.217540
3.085687
3.120767
3.089359
3.227042
3.091482
3.099319
3.277855
3.127759
3.116956
3.279278
3.094097
3.042141
3.076381
3.077066
3.134346
3.119101
3.073161
3.007992
3.270220
3.164274
3.344107
3.100140
3.080164
3.173105
3.202571
3.170985
3.031680
3.185883
3.273848
2.999748
2.998303
3.026383
3.160767
3.112557
3.179276
3.080401
3.142754
3.126399
2.971690
3.271490
3.309497
3.156508
3.108951
3.122014
3.058338
3.067134
3.130628
3.248858
3.344225
3.053710
3.237977
3.134442
3.233458
3.180914
2.946220
3.165305
3.121844
3.049280
3.068744
3.026820
2.921209
3.268994
3.076426
3.155513
3.024107
3.037166
3.102986
3.292809
3.153635
3.145354
3.109096
3.029079
3.247488
3.015954
3.080159
3.342170
3.181928
3.156936
3.182490
3.113951
3.235544
3.104950
3.067439
3.237988
3.030397
3.082061
3.009088
2.993802
3.111490
3.186284
2.947328
3.168840
3.194401
3.079178
3.137797
3.116038
3.125633
3.116951
3.189798
2.873874
3.178181
3.357824
3.076203
3.155577
3.232888
3.118160
3.255768
3.152325
3.061686
2.984829
3.061618
3.094872
3.218775
2.956680
3.207512
3.230609
2.971905
3.186258
3.152416
3.204728
3.324003
3.259039
3.292357
3.171051
3.064972
3.242373
3.304038
3.296125
2.968115
3.184701
3.100042
3.121852
3.275217
3.043180
3.143031
3.195741
3.375741
2.966804
3.176948
3.064095
2.982808
3.178300
3.298941
3.257520
3.307773
3.221443
3.162937
3.087566
3.125542
3.089754
3.099944
3.339626
3.307052
3.026451
3.150139
3.010309
3.098585
3.009085
3.269106
3.086542
2.914039
2.945484
3.126580
3.131307
2.993119
3.041121
2.929900
3.092178
3.189986
3.070107
3.215719
3.015732
3.183359
2.933404
3.376899
3.021678
3.377998
3.284545
3.032916
3.178212
3.015910
3.134067
3.196758
3.005974
3.189192
3.614244
3.121442
3.201478
2.971251
3.146428
3.295549
2.928131
3.065350
3.002510
3.171861
3.075827
3.001371
3.073687
3.090143
3.165932
3.149993
2.999777
3.222323
3.102819
3.147298
3.166006
2.905087
3.276432
2.903382
3.196929
3.151700
3.264272
3.105042
3.156195
2.966568
3.096418
2.971294
3.108481
3.214440
2.981596
3.238734
3.061803
3.171668
3.080858
3.220930
3.034976
3.075750
2.962831
3.149808
3.244219
3.121854
3.176167
2.933418
3.204303
3.055935
3.159692
3.297813
2.898055
3.032747
3.220662
2.985143
3.399271
3.136958
3.087670
3.099828
3.119933
3.080285
3.223673
3.146918
3.154051
3.139339
3.102495
3.099408
3.097234
3.315844
3.209674
3.142014
3.209406
3.102083
3.223185
3.217912
3.163795
3.103747
3.121781
3.131413
3.140484
3.023071
3.187425
3.071584
2.954410
3.242373
2.915799
3.220737
3.296709
3.181080
3.219918
3.129949
2.995721
2.888421
3.198765
3.065640
3.221848
3.260547
3.187650
2.993674
3.094230
3.235991
3.188015
2.930502
3.028368
3.334946
3.100185
2.984304
2.957381
3.168701
3.083526
3.249968
3.187134
3.209060
3.001158
2.937113
3.345790
3.539812
3.073244
3.080358
3.110912
3.175213
3.087835
3.235958
3.249620
2.943468
3.145732
2.993107
3.017751
3.116985
3.092863
3.101589
3.113663
3.246633
3.176909
3.092307
3.170392
3.130322
3.126790
3.050035
3.294847
3.072551
3.005736
3.105037
3.027783
3.094645
3.033562
3.078600
3.052092
3.345764
3.156032
3.099571
3.309437
3.117991
3.128840
2.961906
3.151334
3.250589
3.068609
3.183345
3.186070
3.088467
3.318785
3.174961
2.897572
3.154989
3.088026
2.979306
3.148568
3.264373
3.046102
3.201447
3.258145
3.166680
3.021563
3.152102
3.175621
3.128261
3.206941
3.084325
2.812646
3.222898
2.971407
3.124421
3.137998
2.991597
3.230298
3.284939
3.199901
3.214225
3.074170
3.035131
3.428271
3.056879
2.887024
3.202834
3.079398
3.335143
3.070641
3.161171
3.210237
3.379730
3.150960
3.122882
3.035083
3.067076
3.029870
2.975830
3.046455
3.095534
3.334449
3.143850
3.113882
3.172238
3.092620
3.133697
3.043650
3.347857
3.210518
3.069172
3.093182
3.114723
3.126609
3.240353
3.119047
3.240559
3.126354
3.174902
2.915671
3.084899
3.022031
3.022690
3.296426
3.122491
3.169092
3.317077
3.204493
3.157382
3.167101
3.176343
3.168376
3.063877
3.217673
3.040483
3.152187
2.995571
3.222154
3.161848
3.210466
3.037026
3.111536
3.131256
3.173804
3.083448
3.107889
2.837731
3.280299
3.064915
3.111206
3.080631
3.122542
3.196091
3.228480
3.039904
3.185675
3.191908
3.005690
3.303323
3.183272
3.399503
3.303737
2.992494
3.173173
2.903884
3.156810
3.322487
3.116995
3.100322
2.811985
3.138072
3.227416
3.148595
3.189089
3.137983
3.202823
3.127153
3.163373
3.267120
3.073940
2.970011
3.041300
3.146317
3.263318
3.151294
2.960319
3.121679
3.249426
3.096901
3.073471
3.283452
2.978279
3.216902
3.063868
3.066442
3.050730
3.257705
3.094451
3.127585
3.276857
2.999938
3.137338
3.020924
3.306106
3.145940
3.180254
2.977801
3.125497
3.051510
2.994481
3.216343
3.138908
3.292162
3.224121
3.199723
3.118437
3.076920
3.131323
3.230265
3.177085
2.918623
3.044019
3.200398
3.065166
3.496186
3.127167
3.221194
3.127519
3.151892
3.161718
3.356275
2.995466
3.169445
3.127480
3.377894
3.077082
3.214202
3.220251
3.130588
2.981777
3.270173
3.044658
3.140348
3.213350
3.395655
3.101956
3.176774
3.044365
3.114274
3.150183
2.977040
3.229647
3.166991
3.096776
3.227608
3.164717
3.067651
3.234755
3.145879
3.130988
3.044920
3.127691
3.097317
3.137989
3.303369
2.944252
3.041073
3.163009
3.144225
3.188019
3.249458
3.089272
2.963980
3.137914
3.119489
3.341069
2.862774
3.033909
3.183592
3.110425
3.236868
3.066193
2.962090
2.872015
3.004527
3.264880
3.193274
3.004630
3.293253
3.220516
2.981590
3.106157
3.203176
3.141108
3.185570
3.121119
3.082913
3.167672
2.994838
3.183160
3.297625
3.105357
3.275773
3.193657
2.982580
3.068417
3.266106
3.156530
3.033156
2.920984
3.006939
3.221938
3.243505
3.195730
3.312614
3.215444
3.163890
2.993806
2.948855
3.253985
3.061876
3.015733
3.097240
3.061006
3.191369
3.150422
3.256304
3.040391
3.167768
3.048810
3.158466
3.219956
2.929654
3.197673
3.085417
3.099405
3.130001
3.202458
3.092657
3.107895
3.151268
3.153886
3.011888
3.079982
3.158624
3.291299
3.125664
3.172261
3.062454
3.146825
3.207426
2.912988
3.186056
3.211896
3.225676
3.201722
2.960229
3.063749
3.093119
3.248281
3.057818
3.266912
3.319447
3.259904
3.103542
3.049095
3.129899
3.109563
3.118298
3.253011
3.136256
3.195036
3.020221
3.041805
2.998888
3.040547
3.099459
2.949675
3.212161
3.244366
3.196549
3.253626
3.105568
3.103576
3.254937
2.930557
3.224212
3.027718
3.302972
3.125315
3.043431
3.143257
3.130651
3.065851
2.980960
2.940873
3.065086
3.186059
3.101339
3.212246
2.985250
3.072469
3.176916
3.086059
3.144700
3.071965
3.315802
3.043120
3.127346
3.119661
3.224115
2.944577
3.271363
3.364538
3.304702
3.025830
3.189110
2.972473
3.375748
3.259280
3.131645
3.152180
3.144183
3.161718
3.052966
3.162714
3.075837
3.297286
3.062212
3.018770
3.190379
2.952247
2.885444
3.245818
3.099638
3.120981
2.952225
3.309249
3.148559
3.044457
3.222576
3.002289
3.133137
3.052069
3.127506
3.119984
3.298117
3.225108
3.187442
2.903494
2.969444
3.063851
2.896222
3.160083
3.175804
3.280721
3.048655
3.183844
3.072089
3.239044
3.222085
3.079231
3.040565
3.140595
3.552278
3.165951
3.122857
3.173802
3.158333
3.176167
3.259341
3.192699
2.869914
3.278009
3.050126
3.106014
3.105733
3.152182
3.070165
3.068144
3.219667
3.204445
3.280481
3.124532
3.043300
3.250617
3.153777
3.274180
3.245597
3.162892
3.193397
3.218837
3.035852
3.216641
3.193225
3.104612
2.996657
3.104237
2.882829
3.263248
3.111344
3.295562
3.395579
3.069822
2.984571
3.305559
2.989857
3.361969
3.275144
2.962198
3.101963
3.306676
3.094154
3.080233
3.104227
3.196737
3.055072
3.155021
3.027348
3.354582
3.285600
3.176286
2.868552
3.157388
3.082296
3.311504
2.998166
3.355271
2.924630
3.201660
3.401352
3.093271
3.123573
3.228203
3.141280
3.279948
3.093087
3.347534
3.202711
3.056522
3.019443
3.063130
3.083906
3.129556
3.175016
3.164595
3.230956
3.156790
3.204787
3.003192
3.081109
3.031179
3.066465
3.101267
3.135297
3.273638
2.999361
2.979671
3.076359
3.129073
3.148123
3.077045
3.133461
3.083891
3.034602
3.060671
3.221008
3.106691
3.167632
3.301478
3.008913
3.066506
3.099912
3.114764
3.109957
3.186913
3.257002
3.151957
3.074944
3.028783
3.139388
3.239542
3.200858
2.996543
3.041751
3.090565
3.225738
3.257815
3.047985
3.055145
3.101752
3.061145
3.071044
3.014989
2.901026
2.980581
3.250496
3.046240
3.025417
3.062812
3.064554
3.090633
3.177873
3.044376
3.135682
3.174272
3.101019
3.336986
3.250365
3.270336
3.259845
3.059279
3.212335
3.346070
3.230134
2.997608
3.193210
3.170225
3.201577
2.999438
3.262018
3.094963
3.329887
3.226970
3.178026
3.156087
3.274011
3.224042
3.082787
3.047322
2.818308
3.128334
3.078490
3.235359
3.109185
3.179757
3.177413
3.275482
3.270811
3.162477
3.103588
3.349383
3.299424
3.165287
3.122759
3.050623
3.155915
2.993416
3.135773
3.257204
3.195173
3.190134
3.104069
2.865557
3.384866
3.094200
3.217732
3.029991
3.059436
3.293536
3.277731
3.043593
3.259249
3.068144
3.032195
2.983280
3.030587
3.219263
2.912782
3.264609
3.093846
3.102437
2.980537
3.185891
3.236878
3.275505
3.046353
2.942130
3.153407
2.997786
3.041607
3.089868
3.105956
3.028218
3.120971
3.142244
3.360763
3.087929
3.263189
3.257464
3.033185
3.204857
3.188941
3.123674
3.007184
3.055936
3.099764
3.005005
3.193636
3.454736
2.971902
3.186784
3.003492
3.072325
3.009501
3.292442
3.167476
3.126999
3.096596
3.058872
3.137528
3.144965
3.008777
3.004046
3.094007
3.091023
3.119076
3.003537
3.164827
3.246519
2.956685
3.100762
3.170292
2.990655
3.179117
3.014081
3.149539
3.133030
3.206723
2.918481
3.196214
3.161276
3.038124
3.201880
2.942559
3.107127
2.989876
2.958001
2.953154
3.174291
3.272622
3.221604
3.257919
3.168354
3.080886
3.301635
3.416254
3.137797
3.288664
3.094117
3.081817
3.128448
3.224537
3.183819
3.260089
3.127374
3.164626
3.153338
3.168407
3.198888
3.229040
3.227914
3.075797
3.248684
3.378188
3.315909
3.369275
3.091021
3.227722
3.010143
3.263582
3.073694
3.230184
3.222279
2.994459
3.200749
3.154071
3.115589
3.066917
3.128075
3.225934
3.168059
3.129301
3.075694
3.084888
3.200461
3.132714
3.230924
3.084947
3.164776
3.175157
3.267830
3.140092
3.000677
3.159261
3.120290
3.011745
3.098227
3.115587
3.191815
3.021586
3.109753
3.207864
3.013696
3.240977
3.067236
3.074423
3.133361
3.060459
3.148833
3.160956
3.161850
3.076603
3.067931
3.334848
3.082882
3.062830
3.126533
3.107821
2.865719
3.386561
2.974718
3.050872
3.137903
3.345881
3.008878
2.978261
3.082128
3.107841
3.068984
3.305587
3.144788
3.258356
3.045750
3.068323
3.183483
3.115317
3.266978
3.206731
3.037501
3.121634
3.128771
3.173703
2.877790
3.212199
3.061690
3.148462
3.084049
3.194001
3.225628
3.209920
3.140884
3.157490
3.322515
3.143743
3.230370
3.074737
3.182123
3.166259
3.096423
3.318710
2.967685
3.148717
3.096782
3.074847
3.176032
3.097361
3.099301
3.205199
3.056948
3.203865
3.120413
3.236691
3.141297
3.175873
3.156128
3.090529
3.238368
3.203747
3.330773
3.163135
3.257432
3.091247
3.179205
3.122063
3.061711
3.385762
2.994683
3.078347
3.072531
3.127846
3.003210
3.066211
2.951080
3.204828
3.200289
3.268836
2.991638
3.134120
2.842159
3.007641
3.109700
3.021112
3.049803
3.200374
3.232220
2.975364
3.114228
3.236384
3.113041
3.136920
2.929157
3.230007
3.176639
3.221914
3.027068
2.983725
3.036729
3.243036
3.191261
3.240459
3.047949
3.151680
3.163220
3.049582
3.102621
3.134507
2.945654
3.186285
3.039724
3.206265
3.061144
3.128678
3.102042
3.114068
3.164157
3.174325
3.116581
3.121663
3.244842
3.082480
3.226771
3.012521
3.181619
3.106490
3.057288
3.150929
3.207167
3.213291
3.073905
3.208324
3.160718
3.098042
3.223185
3.190784
3.234780
3.001556
3.160026
3.133410
3.068179
3.306354
3.028256
3.131661
3.101321
3.104813
3.142547
3.099653
3.220563
3.324843
2.895156
3.155365
3.090581
3.103299
3.188112
3.168589
3.161449
3.310374
3.105567
3.110854
2.891872
3.156924
3.288167
3.083862
3.127059
3.105262
3.155017
3.151856
3.136851
2.949748
2.988767
3.175170
3.209514
3.103036
3.036070
3.059018
3.162270
3.080127
3.074620
2.923377
3.066374
3.027780
3.085881
3.128162
3.190628
3.250404
3.039200
3.125642
3.254979
3.177182
3.202467
2.929594
3.281118
3.270357
2.984735
3.037204
3.075430
3.131358
3.221195
3.002487
2.909320
3.042730
3.245684
3.109790
3.102003
3.252167
3.232779
2.837106
3.048158
2.971116
3.098867
3.139756
3.070743
3.150294
3.193789
3.151027
3.222773
2.981873
3.075078
3.065474
3.149893
3.017092
3.257943
3.228689
3.085510
3.091851
3.250577
2.916821
3.099374
3.182254
3.027198
3.007139
3.269915
3.204808
3.357718
3.164682
3.025696
3.119390
3.179980
3.177895
3.085273
3.121782
3.157735
3.133474
3.185830
3.072663
3.214013
3.009996
3.142167
3.252109
3.222459
3.068063
3.069304
3.158155
3.300970
2.978661
3.163635
3.080840
3.183028
3.211294
3.078334
3.213945
3.130272
3.198585
3.257980
2.865751
3.015778
3.284380
3.160087
3.215850
3.094151
3.104023
3.023395
3.277672
2.990315
3.034884
3.120904
3.044177
3.217832
3.273818
3.090603
3.187829
3.162255
3.057917
3.198287
3.071888
3.276622
3.159071
3.095796
3.206650
3.040421
3.117059
3.127122
3.008004
3.041378
3.107436
3.207873
3.014071
3.232703
3.325820
3.106386
3.086385
3.109197
3.249497
3.134962
3.022185
2.943705
3.007618
3.085894
3.102622
3.032918
3.051948
3.261710
3.298577
3.233099
3.077976
3.030159
3.123399
3.104722
3.054200
3.106683
3.066786
3.225147
3.328844
3.119800
3.172340
3.239947
3.124270
3.107185
3.161041
3.080863
3.288851
3.128444
3.384802
3.376567
3.111277
3.041752
3.024114
2.939924
3.315561
2.925684
3.200720
3.053030
3.190939
2.920628
3.214944
3.117692
3.309200
3.126026
3.028363
3.176541
3.091633
3.181965
3.392931
3.168803
3.011330
3.324049
3.147797
2.946490
3.073609
2.932698
3.126873
3.046598
3.134125
2.911941
3.267455
2.951342
3.043085
3.319119
3.205874
3.104554
3.080250
3.179260
3.031633
3.155454
3.141934
3.010640
3.245263
3.131571
3.060510
3.173930
3.121309
3.116605
3.135733
3.062299
3.006400
3.274646
3.015872
3.073617
3.120785
3.296337
3.199348
3.127052
3.172199
3.195240
3.185497
3.200231
3.223259
2.942669
3.121927
3.139402
3.211708
3.098568
3.068879
3.107068
3.183933
3.142559
3.070047
3.003218
3.267915
3.168662
3.109993
3.477725
3.128510
3.348592
3.346755
3.139339
3.117982
3.072512
3.007792
3.204825
3.289054
3.280685
3.329297
3.068018
3.100095
3.172791
3.226272
3.083563
3.051386
2.993360
3.262115
3.194171
3.009684
3.307209
3.082718
3.066287
3.187773
3.027241
3.174932
3.297307
3.151516
3.105853
3.097465
3.108445
3.066091
3.021600
3.029293
3.221727
3.163257
3.101797
3.021834
3.186580
3.157190
3.170457
3.101900
3.077600
2.939690
3.161056
3.250780
3.172884
3.158635
3.126645
3.156653
3.189360
2.901617
3.231639
3.144492
3.091527
3.012152
3.159870
3.184194
3.180992
3.079958
3.183353
3.127197
3.372096
2.937622
3.120760
3.213716
3.072451
3.088916
3.099021
3.283372
3.108577
2.983358
3.199157
3.319783
3.048554
3.111369
2.949239
3.154999
3.228259
3.119729
3.299214
2.972764
3.112443
3.337277
3.047815
3.227407
3.266273
2.977045
3.184587
3.052111
3.190528
3.041514
3.054880
3.014841
3.148251
3.283883
3.048270
3.158390
3.083014
3.095332
3.031582
3.202711
3.135924
3.169650
3.036947
3.019081
3.026164
3.149064
3.140887
3.197694
3.143005
2.978418
2.986630
3.110425
3.251278
3.163337
3.099411
3.199541
3.034347
3.198023
3.034410
3.156342
3.152391
2.942416
3.194162
2.994402
3.128157
3.127050
3.087688
3.086457
3.020375
3.025033
3.108088
3.104480
3.175955
3.026141
3.069552
3.140677
3.159768
3.110776
3.286412
3.282689
2.906319
3.066341
3.251230
3.305672
3.080443
3.135567
3.298244
3.027035
2.967273
3.232536
3.178353
3.164626
3.015899
3.184167
3.291635
3.221467
3.026353
3.192738
3.188795
2.994441
3.170564
3.304871
3.112801
3.173025
3.210677
3.320998
3.202468
3.186017
3.038514
3.136477
3.162216
3.091345
2.907269
3.077043
3.143925
3.193470
3.151556
3.089152
3.194901
3.123301
3.030859
3.112965
3.099417
3.063085
3.061136
3.201408
3.116210
3.094419
3.103319
3.031099
3.227749
3.341160
3.143674
3.092762
3.184233
3.088981
3.181268
2.984651
3.156106
3.063134
3.147121
3.043608
3.251773
3.253098
3.187200
3.177342
3.281250
3.075964
3.341915
3.163634
3.225784
3.171193
3.075941
2.943251
3.209204
3.166108
3.209792
3.183072
3.067726
3.156722
3.008989
3.063529
3.243712
3.267872
3.081083
3.150032
3.082026
3.040246
3.166624
2.965516
3.128591
3.159231
3.266691
3.190635
3.173608
3.120911
3.090949
3.038791
3.202234
2.906301
3.080762
3.177020
2.945290
3.177918
2.979108
3.183910
3.225234
3.231055
3.241035
3.091333
3.141976
3.070675
3.216755
3.331046
2.859935
3.182023
3.224989
3.128554
3.130062
3.091902
3.010546
3.118625
3.228502
3.247800
3.209526
2.929306
3.244597
3.213725
3.072715
3.175314
3.169297
3.155494
3.130059
3.081728
3.203039
3.080845
3.135067
2.997585
3.178536
3.149651
3.091970
3.022160
3.250041
3.250161
3.089809
3.018530
3.059761
3.299874
3.198282
3.167528
3.186560
3.269981
3.084948
2.871554
3.037830
3.087645
3.143204
3.025099
3.068127
3.134052
3.143003
3.105661
3.140398
3.069726
3.310983
2.930969
3.316146
3.198079
3.009502
3.021035
3.080533
3.178392
2.960268
3.111134
3.056222
3.210278
3.157879
3.097756
3.208844
3.180176
3.221891
3.153696
3.158931
3.286023
3.087174
3.033413
3.091608
3.007505
3.207364
3.235677
3.135317
3.043929
3.215020
2.995836
3.117608
3.156983
3.077334
3.296992
3.061153
3.350656
3.166720
3.222811
3.268616
3.242596
3.063587
3.088434
3.161175
3.275469
3.100860
3.196529
3.013684
3.155768
3.205223
3.058009
3.292716
3.116354
3.237374
3.145054
3.222592
3.091816
3.216897
3.067865
3.180440
3.159682
3.075822
2.880459
3.211045
3.231569
3.303176
3.129247
3.161155
3.151816
2.958097
3.254816
3.138218
3.233682
3.326510
3.068253
3.159385
3.040298
3.182685
3.193386
3.068300
3.029254
3.156794
2.875209
2.992452
3.027796
3.237957
3.112860
3.297907
3.141569
3.233179
3.206114
3.147192
3.029374
3.170625
3.199721
2.886342
3.251775
3.094480
3.338169
3.110418
3.181028
3.022666
3.227335
2.914618
3.134684
2.899902
3.107968
3.231606
3.094841
3.071132
3.043652
3.054388
2.943100
3.109934
3.108556
3.079970
3.146881
3.152899
3.132344
3.390760
3.301361
3.183511
3.061558
3.203658
3.338024
3.080266
3.353831
3.246323
3.039146
3.056231
3.110368
3.166948
3.290075
3.163431
2.949704
3.083131
3.261559
3.218042
3.191813
3.110657
3.136700
3.126553
3.176369
3.209147
2.818722
2.980501
3.189389
3.132323
2.901873
3.228573
3.013342
3.107835
3.056177
3.101038
3.235536
3.137728
3.009649
3.033566
3.313436
2.999413
3.043094
3.125598
3.419610
3.079798
3.312882
3.157490
3.278376
3.048732
3.044268
3.061995
3.202830
3.104431
3.061960
3.320968
3.100064
3.242961
3.074416
3.156344
3.053054
3.349507
3.184996
3.211866
3.122364
3.006642
3.165474
3.157346
3.138139
3.006243
3.153696
3.345708
3.325522
2.959610
3.230001
3.294508
3.058218
3.202476
3.037361
3.312704
3.236640
3.048010
3.218859
3.056764
3.044088
3.262052
2.969258
3.153106
3.068336
3.208306
3.110621
3.166462
3.165002
3.125335
3.163911
3.110451
3.252616
3.129151
3.088485
3.111229
3.132061
3.392570
3.186523
3.074527
3.086839
3.194735
3.128514
3.001708
3.135353
3.202515
3.076749
3.181209
3.319180
3.109919
3.080216
3.047029
3.351665
3.079373
3.163223
3.104012
3.056103
2.768366
3.174984
3.175546
3.169071
3.266183
3.136224
3.018263
3.097184
3.133897
3.184855
3.005858
3.192826
3.112702
3.230667
3.192497
3.188332
3.133849
3.155137
3.024642
2.937764
3.038357
3.090015
3.226750
2.911131
3.057593
3.238173
3.075586
3.236855
3.106279
2.974386
3.119359
3.177486
2.947012
3.138810
2.977874
3.137614
3.111933
3.146521
3.384265
3.093600
3.259987
3.092176
3.133378
3.103136
3.102873
3.161921
3.117271
3.113607
2.832564
3.355328
3.203689
3.128425
3.191361
3.264245
3.225084
2.929185
3.077528
2.972686
3.017342
3.095395
3.102123
3.007392
3.257862
3.095499
3.340306
3.071689
2.889518
3.022396
3.275793
3.130527
3.298575
3.126068
3.121940
3.012479
3.302803
3.040218
3.492744
3.089073
3.240333
3.166375
3.248147
3.249429
3.157616
2.917049
3.007074
3.092207
3.260313
3.086473
3.152049
2.985164
3.314726
3.108816
3.044930
3.151196
3.163448
2.988130
3.324657
3.085291
3.159674
3.093544
2.984744
2.952028
3.263250
3.129113
3.148609
3.205418
3.150274
3.245158
2.954636
3.006649
3.018497
3.061793
3.126112
3.151693
3.263834
3.038995
2.877126
3.194588
3.084697
3.209719
2.998516
3.429701
3.123586
3.162342
3.066188
3.073886
3.346758
3.207444
3.089143
3.122665
3.164287
2.970244
3.266348
2.982423
3.256090
2.973677
3.054076
3.128512
3.020045
3.070294
3.101593
3.108629
3.026032
3.267216
3.138201
3.166753
3.135108
3.163181
3.015905
3.243230
3.303403
3.164051
3.244405
3.001571
3.134906
3.109991
3.170805
3.106433
3.249704
3.091058
2.987034
3.152061
3.061617
3.096945
3.053144
3.110328
3.176792
3.323554
3.273945
3.071892
3.088369
3.099420
3.115692
3.051366
3.245608
3.113020
3.173551
3.110065
3.083860
3.371001
3.163735
2.911604
3.258055
3.055435
3.251274
3.168123
3.081640
2.949470
3.163255
3.063872
3.126870
3.157791
3.161860
3.041274
3.253204
3.044573
3.268792
3.091643
3.274252
3.129926
3.024787
3.235686
3.073636
3.135062
3.199156
3.216136
3.064133
3.030843
2.913866
3.048929
3.141514
3.076103
3.080511
3.172328
3.181927
3.142880
3.255198
3.150727
3.053902
3.288141
2.975362
3.235735
3.456339
3.249460
3.293000
3.077927
3.279061
2.952470
3.114513
3.061596
2.973133
3.331760
3.050693
3.232547
3.295019
3.189095
3.016916
3.215646
3.206770
3.159211
3.126217
3.085985
3.049686
3.100448
3.092255
3.323415
3.250107
3.138791
3.126086
3.035108
3.176501
3.133775
3.219975
3.418675
2.824010
3.235242
2.877552
3.031446
3.118620
3.084040
3.059857
3.170078
3.212717
3.177095
3.200063
3.043381
3.456067
3.394208
3.076496
3.021766
3.340148
3.207222
2.986038
2.964092
3.080575
3.085103
3.120326
3.279174
3.233977
3.195917
3.227592
2.863702
3.057902
3.045993
3.217912
3.092801
3.004219
3.062017
3.242771
3.221257
3.168240
3.109851
3.215248
2.967468
3.121406
2.958280
3.213694
3.225756
3.049525
3.121282
3.260644
2.902794
3.016915
3.117240
3.057714
3.197183
3.273994
3.166125
3.005546
3.028807
3.225054
3.073279
3.103162
3.103809
3.107613
3.080955
3.032815
3.309096
3.192667
2.942695
2.946128
2.669801
3.276654
3.119776
3.021450
3.364750
3.100611
3.031324
3.044816
3.146541
3.241512
3.227340
3.230298
3.221254
3.070957
3.107779
3.103855
2.987965
3.010378
3.134281
3.160797
3.092277
3.170174
3.200783
3.161182
3.221919
3.114872
3.212529
3.235346
3.163301
3.256190
3.110192
3.319616
3.098295
3.126671
3.336400
3.218262
3.157850
3.046432
3.258915
3.168356
3.132138
3.211301
3.183141
3.183321
3.239264
3.062198
3.099974
3.069951
3.174602
3.160579
2.969649
3.037286
3.123246
3.123795
3.149658
3.220342
3.213156
3.074471
3.168824
3.093377
3.226837
3.047982
3.208564
3.084807
3.243199
3.208387
3.219559
3.313294
3.133569
3.075354
3.091000
3.007193
3.236646
3.359439
3.144046
2.917138
3.207304
2.974003
3.241192
3.052918
3.129450
3.248579
3.111363
2.978672
3.103754
3.028463
2.887460
3.239180
3.249285
3.179828
3.027324
3.193544
2.988057
3.202638
3.134475
3.184368
3.259663
3.148210
2.931978
2.988791
3.196110
3.255544
3.174187
3.168729
3.049224
3.079450
3.202224
3.105291
3.161213
3.135022
2.907324
3.270916
3.061785
3.227982
3.066817
2.979237
3.210991
2.991219
3.137042
3.070628
3.163195
3.022337
3.012074
3.129593
3.265798
3.123891
3.224021
3.288302
3.167791
2.908167
3.068131
3.111150
3.000917
3.066428
3.066745
3.328314
3.151884
3.127287
3.227859
3.152626
2.981572
3.221874
3.171217
3.085995
3.082753
3.085926
3.230764
3.274950
3.001990
3.163362
3.273300
3.198077
3.101038
3.000457
3.287300
3.142235
3.150653
3.196314
3.207922
3.006206
3.086585
2.984482
3.136962
3.135956
3.214803
3.225649
3.373661
3.101245
3.234978
3.150635
3.200975
3.203598
3.159969
3.228159
2.835446
3.034131
3.176525
3.208184
3.268829
3.091723
3.167073
3.114858
3.179144
3.201311
3.187336
2.990226
3.178405
3.196973
3.133474
3.189176
2.960363
3.259771
3.022729
3.162500
3.052302
3.207212
3.181051
3.286234
3.037317
3.120919
3.209018
3.012390
3.062822
3.140442
2.970696
3.013096
3.329940
3.115147
3.128435
3.120968
3.275115
3.038343
3.219030
3.288722
3.189152
3.041777
3.095867
3.118122
2.904404
3.157582
3.133138
2.993594
3.232700
3.081858
2.998038
3.264692
3.083040
3.134599
3.359688
2.935610
3.064720
3.023899
3.150374
3.194290
3.131040
3.092495
3.188205
3.133023
3.244101
3.264308
3.084006
3.113179
3.047252
3.100174
3.108608
3.172326
3.179293
3.040556
3.354850
3.201736
3.091119
3.169568
3.359947
3.121201
3.117455
3.412550
3.169558
3.161037
2.879005
3.083723
3.257877
3.200831
3.112559
2.986109
3.031818
3.204334
3.110873
3.233073
2.963084
3.272865
3.275236
3.215382
3.135684
3.155732
3.370794
3.108143
3.166408
3.257685
3.040634
3.372767
3.218813
3.224116
3.162745
3.103277
3.147101
3.104010
3.213176
3.066838
3.105514
3.053261
3.227569
2.869242
3.265080
3.043718
3.152460
3.296871
3.141099
3.113343
3.004752
3.150361
2.972748
3.048137
3.114254
3.097397
3.091112
3.124934
3.180813
3.013608
3.102297
3.174539
3.267093
3.096217
3.141761
3.186028
3.277026
3.085467
3.015908
3.153674
3.114897
3.069904
3.141869
3.201502
3.166309
3.152742
3.130832
3.035736
3.273979
3.111802
3.162513
3.166777
3.110279
3.278730
3.263777
2.875856
3.401921
3.337355
3.209844
3.069323
3.119445
3.134411
3.035681
3.283437
3.237175
2.997151
3.176767
3.094917
3.167377
3.190197
3.225664
2.942058
3.169202
3.130516
3.057134
3.072028
3.170625
3.348622
3.023708
3.182998
3.032928
3.152501
2.944338
2.993770
3.126905
3.117557
3.100534
3.061477
2.957289
3.129377
3.093931
2.994413
3.217710
3.313525
3.014628
3.078938
3.139788
3.029865
3.506173
3.099755
3.023787
3.247646
3.154483
3.047084
3.113396
2.884766
3.186168
3.026235
3.162161
3.090603
3.241782
3.132794
3.019891
3.137095
3.228938
3.110328
2.899070
3.170734
3.369265
3.190379
3.048876
3.040629
3.139952
3.103989
3.286295
2.849622
2.995122
3.008848
3.258652
3.174549
2.950118
3.244378
3.235458
3.169418
3.021266
2.912783
3.050275
3.124203
3.021453
3.088254
3.133336
3.189223
3.308216
3.261734
3.094456
3.189086
2.975133
3.228439
3.181746
3.026179
3.230965
3.158463
2.885378
3.219191
3.255312
3.173908
3.302085
3.169313
3.055196
3.214638
3.149058
3.163905
3.114662
3.196581
3.274612
3.120966
3.146394
3.145401
3.074901
3.138572
3.115371
3.250382
3.116250
3.332309
3.063586
3.016993
3.161225
3.086969
3.056009
2.972703
3.271537
3.240307
3.116176
3.084119
3.158214
3.151993
3.106640
3.113384
3.121483
3.175592
3.004500
3.150568
3.167809
3.120361
3.150877
3.065826
3.081103
2.880716
3.198535
3.097076
3.255008
3.118779
3.125675
2.966628
3.070622
3.133417
3.149643
3.241582
3.179252
3.026527
3.099513
2.935379
3.086237
3.176810
3.017255
2.932220
3.259127
3.237439
3.444022
2.873248
3.059059
3.062763
2.994891
3.194364
3.092725
3.149175
3.243563
3.137794
3.191426
3.112200
2.976328
3.133240
2.953367
3.162317
3.362426
3.185108
3.051957
2.980042
3.166309
3.151444
2.948338
3.288723
3.245476
3.070382
3.217179
3.078523
3.129594
3.261649
3.011143
3.197392
3.237924
3.073210
3.043648
3.228580
3.283574
3.159843
3.067852
3.175767
3.126798
3.353316
3.209050
3.252434
3.251426
3.169863
3.184149
2.998989
3.130282
3.192822
3.208890
3.107383
2.960221
3.240789
3.191601
2.940561
3.147897
2.980694
3.109941
3.031279
3.178614
3.077177
3.150585
3.140429
3.154341
3.043688
3.186499
2.966223
3.263585
3.136981
3.000714
3.154285
3.155780
3.409078
3.061754
2.805640
3.191107
3.197487
3.183642
3.173952
3.080016
3.272161
2.995741
3.107897
3.034083
3.390173
3.245102
3.194785
3.247635
3.040374
2.991229
3.178222
2.940884
3.168325
3.128830
2.842746
3.103319
3.074205
3.180565
2.996142
3.023965
3.164167
3.043287
3.364073
3.369892
3.090661
3.270032
2.894235
2.998207
3.033651
3.054608
3.201331
3.155358
3.245519
3.164743
3.147725
3.054243
3.044712
3.014348
3.283898
3.084165
3.073555
3.053636
3.242753
2.998806
3.204273
3.139711
3.094393
3.261311
3.213826
3.033749
3.192074
3.231283
3.062819
3.062738
3.196123
3.204321
2.893879
3.064119
3.230281
3.227146
3.115096
3.181482
3.202171
3.224759
3.058105
3.128091
3.107846
3.014586
3.062762
2.998334
3.250457
3.087698
3.261141
3.131360
3.008794
3.136622
3.014900
3.385284
3.113151
3.057545
3.194011
3.014248
3.050726
3.061612
3.324509
3.140256
3.223928
3.080225
3.038102
3.232835
3.246712
3.277864
3.277274
3.177069
3.047364
3.138942
3.175435
3.204138
2.883495
3.193844
3.087709
3.143455
3.083939
3.159487
3.178602
3.122239
3.091020
3.257294
3.203216
3.042217
3.145286
3.133120
3.258444
3.153649
3.172288
3.058556
3.164336
3.251485
3.058671
3.017894
3.195949
3.164826
3.199577
2.986936
3.405789
3.141148
3.198997
3.115666
3.092915
3.235940
3.132358
3.355012
3.286505
3.102895
2.977526
3.140895
3.188462
3.170351
3.114652
3.179028
3.096135
3.167332
3.064452
3.146034
3.069534
3.004139
3.173846
3.103187
2.966355
3.238209
3.138580
3.116886
3.223217
3.164669
3.166467
3.058994
3.311589
3.212468
3.231263
3.108052
3.313831
3.246158
3.063032
3.238530
2.929709
3.044382
3.109973
3.207086
3.165390
2.962028
3.036315
3.237354
3.103608
3.115730
2.885901
3.068736
2.854895
3.019855
2.925936
3.215115
3.157976
3.172860
2.938294
3.126184
3.188599
3.207231
3.011891
2.977145
3.161664
3.238242
2.904233
3.228855
3.167549
2.985192
3.118017
3.241318
3.147568
3.117690
3.271378
3.228410
3.067107
3.073357
3.243569
3.201453
3.132901
3.011439
3.196076
3.087407
3.053834
3.036256
3.106648
3.158058
3.204779
2.872378
3.026579
3.118151
3.220883
3.209700
3.143623
3.136830
3.203562
3.114430
2.919251
3.124310
3.120897
3.056362
3.067946
3.228906
3.034318
3.019330
3.233629
3.140399
3.233857
2.973357
3.185048
3.280277
3.184009
3.098287
3.057699
3.242714
3.331339
3.072198
3.212993
3.035482
3.222460
3.121485
3.069116
3.125434
3.193355
3.163454
3.208122
3.094380
3.215524
3.399129
3.120619
2.955675
3.146161
2.974010
3.113823
3.187026
3.280378
3.042296
3.164188
3.142398
3.267260
2.916714
3.000576
3.013497
3.034314
3.104208
3.095711
3.101802
3.203349
3.206470
3.090170
3.232212
3.011124
3.137244
3.132144
3.184170
3.092697
3.335877
3.228155
3.201141
3.400385
3.080823
3.223717
3.185155
2.967508
3.232574
3.128828
3.190902
3.422259
3.019314
3.311429
3.148772
3.113220
3.296399
3.136178
3.005223
3.030308
3.131840
3.041814
3.218476
3.149934
3.118554
3.193622
3.047570
3.216663
3.134246
3.220026
3.071484
3.128961
3.134261
3.247824
3.104828
3.087947
2.979123
3.028322
3.036349
3.105921
3.057429
3.093362
3.068836
3.289570
3.158249
3.065361
3.129049
3.023067
3.264526
2.949096
3.068925
3.184022
3.176183
3.083134
3.192475
3.069511
3.103558
3.197612
3.255427
3.042366
3.202643
3.045251
3.275019
3.121658
2.834021
3.114277
3.155251
3.291109
3.123734
3.017448
3.133828
3.330199
3.260683
3.161256
3.087412
3.011559
3.319866
3.215266
2.992161
3.214220
3.213126
3.134743
3.210563
3.201200
3.239377
3.099225
3.048118
3.027580
3.375023
3.077132
3.111958
3.109715
3.082495
3.141556
3.069484
3.080927
3.103796
3.054832
3.161358
3.178126
3.324369
3.163716
3.106903
3.027676
3.211610
3.049426
3.078203
3.074967
3.308470
3.083333
3.227074
3.025973
3.263963
3.134748
3.178578
3.140441
3.063465
3.016985
2.946527
3.101135
3.261176
3.146417
3.112195
3.169118
3.118219
3.016807
3.057252
3.317117
3.058620
3.162505
3.226392
3.137898
3.098464
2.988887
3.012842
3.154066
3.257894
3.116236
3.317034
3.095451
3.132273
3.057187
3.162283
3.192250
3.097691
2.893342
3.075143
3.102928
3.065050
3.096383
3.232126
3.047620
3.050607
3.025761
3.194240
3.215927
3.221023
2.977877
2.946513
3.183271
3.203397
2.865536
3.343326
3.097722
3.332257
3.105608
3.174684
3.008065
3.116026
2.806548
3.017898
3.062653
3.206389
3.224968
3.086958
3.008238
3.058654
3.231225
3.139783
3.160689
3.245035
3.070168
3.058234
3.162175
3.112280
3.321620
3.052910
2.965460
3.388641
3.133528
3.008181
3.144642
3.252952
3.103730
3.027719
3.107402
3.307272
3.284899
2.999124
3.201147
3.161942
3.250353
3.178893
3.122611
2.943466
3.173691
3.180181
3.136219
3.311020
3.331140
3.167882
3.165058
3.106945
3.154614
2.916723
3.154722
3.235067
3.163418
3.181073
3.147270
3.139977
3.265467
3.160095
3.170665
2.943543
3.133553
3.162490
2.973620
3.252267
3.026076
3.227306
3.278013
3.293096
3.222523
3.277116
3.088990
3.012349
2.994767
3.137309
3.290046
3.208009
3.104692
3.116144
3.026609
3.024568
3.225006
3.009412
3.027109
3.194678
3.015909
3.135311
3.053402
3.010145
3.127342
3.113997
3.142780
3.199765
3.024552
3.100294
2.906754
3.244086
3.068871
3.089978
3.261230
3.172299
3.023761
3.292793
3.110989
3.318317
3.072117
3.282282
3.124053
3.150006
3.115741
3.144045
3.184075
2.961717
3.062964
3.244377
3.024011
3.180625
3.124136
3.095009
3.240496
3.031624
3.175219
3.037369
2.960751
3.089925
3.213422
2.959987
3.089534
3.167678
3.153651
3.096090
3.276714
2.990453
3.094999
3.277061
3.264856
3.017214
2.987770
3.088067
3.087849
2.928078
2.986675
3.218067
3.194457
3.346769
3.121601
3.090711
2.991599
3.063713
3.190547
3.119945
3.018359
3.196657
3.175739
3.299605
2.952163
3.128281
3.244402
3.234393
3.202457
3.196710
3.164449
3.237878
3.062383
2.919143
3.123340
3.020953
3.262992
3.097027
3.186512
3.302512
3.093726
3.077496
3.238346
3.102847
3.284706
3.188800
3.217576
3.364384
3.065488
3.092245
3.108102
3.034347
3.183082
3.181571
2.984355
3.254480
3.101320
3.197328
3.062535
3.251718
3.008853
3.257020
3.113861
3.144907
3.258585
3.044864
3.266910
3.020435
3.016602
3.056367
3.295458
3.064537
3.145300
3.192209
3.255715
3.122791
3.229877
3.154006
3.224151
3.266494
3.278778
3.216460
3.253646
3.074955
3.124906
3.057254
3.156919
3.307185
3.051578
3.173776
3.162330
3.121293
3.102454
3.197992
3.338228
3.197774
3.190386
3.219054
3.110266
3.158059
3.029586
2.890073
3.154024
3.297125
3.025799
3.199274
3.154596
3.105783
2.862191
3.393855
3.199291
2.974392
3.119799
2.882374
3.150484
3.099658
3.142103
2.972791
3.179699
3.169675
3.174859
3.077546
3.044141
3.172382
2.984371
3.066519
3.130047
3.207904
2.953982
3.134148
3.314359
3.266337
3.192086
3.004259
3.236395
3.213429
3.096476
3.350995
3.017094
2.980761
2.865594
3.129803
3.079255
2.919687
3.052038
3.034549
3.268382
3.262629
3.081675
3.184570
3.185843
3.248370
3.029559
3.060802
3.066937
3.112772
3.129261
3.172130
3.085978
3.453711
3.071637
2.857180
2.871570
3.086204
3.135782
3.024329
3.194563
3.039472
3.258249
3.202694
3.213585
3.028749
3.018329
3.113643
3.221628
3.251927
3.083136
3.111351
3.037901
3.188721
3.333170
3.033040
3.155017
3.094175
3.127453
3.174587
3.148118
3.133717
3.056622
2.950113
3.158169
3.091891
3.203001
2.975056
3.115883
3.247951
3.238413
3.014486
3.024400
3.269892
3.080156
3.169739
3.148986
3.153873
3.065072
3.258073
3.281191
3.219334
2.980576
3.276199
3.056149
2.935285
3.061849
3.050356
3.071722
3.267946
3.060535
3.056439
3.026765
2.902880
2.885084
3.182917
3.272876
3.336932
3.050167
3.154868
3.155161
3.223189
3.099372
3.060267
3.066592
2.962091
3.235821
3.149476
3.119506
3.083989
3.089022
3.214293
3.097773
3.165697
3.114026
3.227890
3.159462
3.275501
3.086901
3.216037
3.193273
2.910600
3.037569
2.969195
3.125385
3.145022
3.095446
3.165481
3.079509
3.111790
3.256250
2.966001
3.152809
3.093938
2.924099
3.078978
3.126586
3.143187
3.308296
3.241369
3.266131
2.996088
3.214968
3.123220
3.165163
3.266448
3.150958
3.196654
3.091646
3.080936
3.085977
3.193411
3.128754
3.132222
3.067668
3.087510
3.229608
3.066259
3.152287
3.112484
3.318443
3.052287
3.225445
3.143061
3.180163
3.056676
3.236690
3.041490
3.007413
3.227956
3.040556
2.995607
3.256241
3.050312
3.155584
3.109167
3.033684
2.892381
3.108740
3.233675
3.151851
3.041785
3.177396
3.141421
3.235988
3.009800
3.189043
3.256267
3.104304
3.242500
3.227251
3.209903
2.966479
3.036180
2.979044
3.117182
3.425659
3.197162
3.207914
3.097421
3.020208
3.024357
3.155725
3.183361
3.372896
3.305630
2.992931
2.982258
3.208683
3.180637
3.162921
3.055547
3.148235
3.212768
3.192492
3.328688
3.280976
3.085555
3.009674
3.116441
3.235643
3.240150
3.340068
3.280269
3.157501
3.024544
3.062283
3.200374
3.024445
2.970681
3.249925
3.209443
3.100959
3.101237
3.073870
3.167149
3.218626
3.059984
3.258601
3.016260
3.016276
3.280309
3.233126
3.087610
3.036555
2.990316
3.023141
3.016284
3.016769
3.261193
3.129141
3.112002
3.235889
3.123456
3.302906
3.108971
3.172776
3.120295
3.147518
2.919037
3.085287
3.138578
3.118560
3.159232
3.050802
3.130299
2.988023
3.369355
3.346479
3.044286
3.111077
2.898868
3.190393
2.911741
3.346299
3.026758
3.476982
3.037198
3.119671
3.165322
3.151141
2.886032
3.120153
3.140074
3.093162
3.171719
3.017108
3.083910
2.920707
3.148169
3.191531
3.051710
3.183461
3.170276
3.378780
3.203647
3.167055
3.104446
3.278912
3.187843
3.169783
3.168425
3.278470
3.403987
2.947187
3.218965
3.055890
3.122968
3.195313
3.098442
3.153393
3.107873
3.150799
3.145864
3.182905
3.134271
3.140630
3.250644
2.995738
3.046441
3.225613
3.135191
3.143423
2.969946
3.182429
2.904196
3.139350
3.376711
3.019215
3.101601
3.202515
3.255468
3.143034
3.280109
3.076987
3.064746
3.304361
3.161167
2.973422
3.014389
3.117042
3.060623
3.124843
3.066263
3.089621
3.353846
3.083003
3.070839
3.114775
3.140779
3.184676
3.081313
3.062519
3.236464
3.122900
3.290504
3.105445
3.245168
3.237652
3.175982
3.122034
3.035931
3.346470
2.843167
3.215416
3.152575
3.083108
3.014847
3.167520
3.297378
2.912225
3.000176
3.094214
3.214385
3.185061
3.139771
3.272323
3.036527
3.134904
3.145301
3.216954
3.032768
3.132128
3.120114
3.215490
3.260710
3.066920
3.091964
3.102528
3.193285
3.272126
3.003076
3.104362
3.240749
3.115573
3.122583
3.015125
3.102033
3.265310
3.077422
3.287506
3.074344
3.158281
3.005551
3.401200
3.004201
3.125993
3.053976
2.917055
2.970329
3.033609
3.243153
3.089246
3.230464
3.171381
3.336298
3.294985
3.182003
2.976822
2.966998
3.150851
3.214197
3.180025
2.937313
2.961490
2.916707
3.119118
3.147380
3.078353
3.162578
2.949723
3.224118
3.212120
3.234689
3.328999
3.265883
2.930643
3.184871
3.200959
2.968633
3.141154
2.888461
3.022326
3.039429
3.106970
3.282027
3.202574
3.089934
3.112072
2.974245
3.068025
3.236036
2.847045
3.214980
3.075156
3.036709
3.050923
3.312147
3.105709
3.176943
3.247600
3.220933
3.142747
3.081562
3.145622
3.167523
3.099452
3.295596
3.240521
3.175572
3.100220
3.120290
3.161219
3.154714
3.134639
2.977554
3.337443
3.054258
3.319293
3.129802
3.177091
3.112613
3.155799
3.176618
3.235515
3.112890
3.074710
3.169740
3.221387
3.097262
3.001827
3.144696
3.141354
3.125772
3.197092
