# Si-Si bond lengths (Angstrom)
# Total count: 10802
2.980805
3.155041
2.827531
3.070890
3.131337
3.236655
3.144521
3.057359
2.945811
3.256654
3.263092
3.120346
3.157318
2.994947
3.152319
3.179628
3.092904
3.169185
3.183660
3.265995
3.068205
2.901138
3.307973
3.175056
3.312394
3.133367
3.212809
3.051283
3.164359
3.089972
3.281562
3.377844
2.920528
2.800471
2.997454
3.035126
3.280383
3.069068
3.333025
3.073845
2.799162
3.044131
3.041675
3.187605
3.426667
3.049277
3.123984
3.348796
2.970207
2.778110
3.048368
3.028971
2.731050
3.084932
3.222784
3.127830
3.050553
3.290049
2.924145
3.027641
3.340281
3.231271
3.120436
2.969220
3.269258
3.291217
2.979177
3.114235
3.041741
3.363708
2.998728
2.896036
3.250614
3.071453
3.145806
2.983621
2.880278
3.301546
3.195662
3.165351
3.223936
2.965119
2.907904
3.136869
3.170660
3.334989
2.955120
2.877289
3.122717
2.997819
3.056806
2.895543
2.863264
3.223559
3.088361
2.808755
2.995930
3.248681
2.971987
2.971192
3.152100
2.943308
3.276707
2.971271
3.385171
3.371133
3.182094
3.180556
2.870475
2.914892
3.187067
3.006823
3.107470
3.224505
3.103584
3.389071
3.272207
2.945452
3.417646
3.106211
3.376451
3.291175
3.092799
2.998125
3.023231
3.200455
3.116325
3.305247
2.851209
3.018934
3.157521
3.059677
3.037072
2.995168
3.106972
3.063021
3.109608
2.950454
3.109072
3.352111
3.469508
3.046542
3.264760
3.172842
3.363890
3.199657
3.109948
3.235015
3.180783
3.233672
3.047715
3.165055
3.023871
3.200842
3.136701
3.505624
2.790043
3.097407
3.297261
3.081459
3.058308
2.685165
3.200088
3.138888
3.194984
3.145382
2.912569
3.004434
3.088912
3.298597
3.057655
3.167936
3.125754
3.245693
3.006231
3.108074
3.109686
3.076109
3.166366
3.156499
2.990419
3.023032
3.044132
3.020083
3.050226
3.043397
3.311823
3.028100
3.082529
2.983250
3.229610
3.319572
2.978146
3.176177
3.185217
3.279472
3.423518
2.967312
3.097913
3.145666
3.185479
3.326949
3.189695
3.030681
3.234737
3.108508
3.232097
3.390033
2.872970
3.266545
3.094562
3.250466
3.068873
2.888792
3.197857
3.504610
3.126144
3.282521
3.141345
3.123927
2.812614
3.349494
3.303694
3.115972
2.850528
3.303902
3.154984
3.192570
3.344952
3.162089
3.135185
3.097229
2.925352
3.022290
3.367208
3.252303
2.955865
3.133479
3.307866
2.838635
3.110616
3.246381
3.063521
3.233947
3.306020
3.251750
3.188216
3.065845
3.042642
2.977162
3.258780
3.068460
3.292135
2.992679
2.952988
3.147550
2.931815
3.343788
3.160649
2.851385
3.051192
3.004191
2.834295
3.234224
3.195166
3.157577
2.996593
2.927791
3.103942
3.400457
3.044343
3.004525
2.972152
3.169906
2.934819
3.007554
3.060944
3.131067
3.249609
2.946671
3.141870
3.243256
3.357802
3.048372
3.282125
3.294437
3.097753
2.788576
3.029639
3.201353
3.071364
3.151900
3.022198
3.175913
3.154390
3.151363
3.212966
2.892995
3.082554
3.163207
3.015317
3.104668
3.002150
3.031018
3.291855
3.295732
2.983417
3.232643
3.147652
3.181326
3.170329
3.347727
3.094564
2.947017
2.996710
3.248283
3.097320
2.986646
3.218456
3.018973
3.025290
3.024123
3.004721
3.001584
3.232630
3.224505
2.853677
3.066346
3.123891
3.068759
3.130113
3.040861
3.190966
3.115253
2.998119
3.123926
3.137160
2.801432
3.016468
2.955698
3.316922
3.248170
3.088220
3.152997
3.146386
2.999340
3.132103
3.152288
2.970516
3.172344
3.275542
3.238508
3.115159
3.067839
3.116801
2.948221
3.086083
3.209266
3.194391
3.023558
2.963433
2.925868
2.799128
3.135421
3.073013
3.292338
2.834873
3.188092
3.095535
3.271470
3.107510
3.110494
3.022110
3.248423
3.196782
3.267341
3.285198
3.085472
2.955828
2.961883
3.068242
2.846808
3.411224
3.064716
3.111889
3.244351
3.223918
3.279705
3.334510
2.999385
3.005500
2.994952
3.115562
3.087282
3.068713
3.220769
3.117778
3.330719
3.119317
3.237121
3.037410
3.044228
3.344858
3.231338
3.272504
3.085927
2.913232
3.131012
3.133229
3.052763
2.921713
2.957141
3.226105
3.333777
3.182537
3.158563
2.924027
3.069911
3.237915
2.995153
3.125831
3.224766
3.167817
3.121977
3.150152
3.348087
3.101927
2.697351
3.125589
3.211143
3.060899
3.096748
3.055778
3.007170
3.181830
3.141155
2.883421
3.290315
3.099895
3.117132
2.980512
3.100334
3.060955
3.290714
3.096435
3.133080
2.933019
2.885107
3.201802
2.952956
2.873614
3.003478
2.800438
3.051410
2.880914
3.158498
3.107171
3.199516
3.005655
2.988450
3.063392
2.858584
3.211605
3.308726
3.126768
3.219143
2.999219
2.961608
3.153314
3.148720
3.135606
3.212665
3.123460
3.372495
3.057243
3.123198
2.941712
3.336797
2.916490
3.144783
3.200650
3.162753
3.113662
3.355898
3.054357
3.277948
3.144850
3.123006
3.015816
3.081666
2.993404
3.056329
3.110929
2.976392
2.800321
3.112369
3.211729
3.068052
3.232319
3.156247
3.053097
3.118074
3.278886
2.964363
2.877284
2.927709
3.343357
3.005226
3.055817
3.085993
2.971033
3.049450
2.955314
3.139815
3.190818
3.102656
3.193942
3.105749
3.128356
3.015287
3.081478
3.057021
3.068361
3.156224
3.305747
3.003931
2.849450
3.065197
3.009936
3.226775
3.056967
3.146101
3.158451
3.237422
2.939007
3.137368
3.085010
3.021368
3.022604
3.040455
3.222508
3.446522
3.039727
2.981745
2.962013
3.280431
3.226380
3.201415
3.060952
3.069556
3.094244
3.202032
2.846798
3.140757
2.967319
3.152733
3.111509
3.085763
2.962107
3.213509
3.243760
3.126332
3.046511
3.096030
3.212465
3.100346
3.175691
3.063431
3.132749
3.091102
3.143565
3.165446
3.108332
3.292695
3.175397
3.163968
2.982083
3.221671
3.073205
3.165009
3.164071
3.083251
3.215322
3.303798
2.788985
2.798626
3.304126
3.108653
3.025375
3.274453
3.055537
3.404125
2.882691
3.122094
2.937299
3.313026
3.232029
3.136470
3.298321
3.262144
2.880240
2.849029
3.170652
2.966301
3.425016
3.308396
3.246792
3.245899
3.199911
2.985141
3.194542
3.145114
3.209748
3.247966
3.144952
3.096501
3.198900
3.415572
3.222477
2.958320
3.313512
2.828273
3.032993
2.939984
3.155577
3.171673
2.930753
3.129069
2.980537
2.839598
3.174532
3.126338
3.035214
3.254565
3.303508
3.164915
3.124093
3.184963
3.109500
3.187001
3.168066
3.219059
3.168461
3.210914
3.182233
3.125435
3.318463
2.967422
2.714243
2.854104
3.264336
3.082604
3.222280
2.938637
3.120291
3.064108
3.278554
2.979330
3.242068
3.038095
3.141300
3.148644
2.851293
3.190789
2.942929
2.949006
2.913743
2.865522
2.868306
3.262018
3.385164
3.077231
3.193969
3.092715
3.159275
3.194458
3.025915
3.204040
3.316055
2.899499
3.322299
3.414692
3.122597
3.196335
3.138551
3.205182
3.018496
2.888295
2.950877
3.322870
3.325184
2.976947
3.150909
2.932181
3.227971
3.029534
3.228352
3.212058
3.181656
3.026137
3.236577
3.142599
3.033537
2.967389
2.945875
3.377782
3.093515
3.087728
3.026896
3.118573
3.138119
3.181979
3.153430
3.246530
3.040809
3.355627
3.135755
3.217686
3.262418
3.177754
3.175654
3.027111
3.251948
3.171543
3.146881
3.147059
3.048837
3.384733
2.913232
3.303224
3.071984
3.091829
3.145190
2.945675
3.113007
3.449824
3.321540
2.763930
3.209831
3.055890
3.078501
2.990952
3.015182
3.142902
3.285453
3.220721
3.278865
3.218112
2.900614
3.055656
3.270490
2.990082
3.204859
3.145277
3.128431
3.203715
3.054259
3.180746
3.101191
3.311305
3.143984
3.402510
3.128825
3.475924
3.059361
3.251887
3.277429
3.372279
3.371531
3.217024
3.324548
3.194699
3.207110
3.236629
3.046556
2.967342
3.239180
2.843051
3.039286
3.160197
3.099911
3.251288
3.080866
3.034024
3.214567
3.356523
3.099747
2.987666
3.206534
3.052038
3.029813
3.092293
3.186139
3.071048
3.099871
3.041591
3.335314
3.053277
3.098232
2.969784
3.201635
3.057690
2.969280
3.024926
2.992632
2.999716
3.090280
2.823078
3.087646
3.285859
3.228982
3.267716
3.090771
3.155058
3.049400
2.781299
3.084897
3.124775
3.062853
3.074775
3.194096
3.338905
3.025214
3.061387
3.115069
3.080284
2.927978
3.087667
3.086979
3.084055
3.061425
3.153156
3.162907
2.858225
2.705314
3.221648
3.108830
3.241676
3.104306
3.208555
3.101053
3.163678
3.271326
3.033757
3.219673
3.219693
3.205873
3.206078
2.998953
3.069388
3.430081
3.015023
3.078828
3.170846
3.074212
3.099315
3.229765
3.257942
3.102157
3.440917
3.054483
2.980512
2.971268
3.021975
3.214104
3.251005
3.086313
3.108740
3.249991
3.097697
3.291487
2.857725
3.068366
3.055613
3.137980
3.192541
3.148778
3.017970
3.196770
3.169318
3.207265
2.993942
3.261301
3.223357
3.126907
3.268671
3.178243
3.408718
3.259742
2.794570
3.226909
3.072842
3.187297
3.032573
3.059889
3.199370
3.141691
3.097293
2.863548
3.053764
3.333013
3.068553
3.384330
3.088264
3.209893
3.103475
3.060828
3.073762
2.999528
2.987711
3.278381
3.169825
3.153749
2.935328
3.162522
3.158318
3.224954
3.120926
3.291070
3.178069
3.377881
3.161525
2.961610
3.078902
2.876416
3.248216
3.089544
3.093809
3.167365
3.366284
3.163087
3.158787
3.001836
3.121047
3.287130
3.323502
3.260430
3.195872
2.835849
3.030552
3.304744
3.276702
2.979500
3.287202
2.971727
3.101737
2.935902
3.125278
3.086333
3.197045
3.128925
3.193465
3.022581
3.275501
2.883944
3.195576
3.148485
3.200666
3.202758
3.253249
3.025290
3.382384
3.082799
3.142329
3.206322
3.067778
2.993454
3.339693
2.814032
3.170879
3.061619
3.038393
3.010925
3.183170
3.376407
3.138225
3.150300
3.000920
3.203025
2.913210
3.160065
3.285255
2.956006
3.151305
3.128764
3.087481
3.001744
2.853981
3.316564
3.416376
3.271557
3.281002
2.982595
3.304792
3.227034
2.980320
3.149775
3.191846
3.199707
2.671122
3.200222
3.402568
3.104193
2.810739
3.058925
3.198459
3.185974
3.118008
3.168319
3.460364
3.084871
2.911695
3.256874
3.101689
3.395821
3.106898
3.003373
3.247644
3.178305
3.136283
3.222783
3.141526
3.222114
3.157988
3.060383
2.974529
3.205962
2.844583
3.040149
3.190515
3.049765
2.858837
3.079151
2.989441
3.386771
3.264969
3.145666
3.071497
3.090907
2.963727
3.089333
3.190323
3.344803
3.048373
3.066423
3.011123
2.974086
3.258018
3.320881
3.281732
2.995767
3.128493
3.162711
3.234556
2.925352
3.149186
3.169268
3.041926
3.071057
3.339466
2.985296
3.304868
3.105561
3.184021
3.148422
3.200941
3.287144
3.022474
3.226232
2.806258
3.212215
3.043386
3.135098
3.407424
3.240179
3.006745
2.912294
3.065786
3.128846
3.239137
3.173080
3.288944
3.070330
3.212944
3.238102
3.143187
3.311483
2.925982
2.924876
3.197895
3.102881
2.969512
3.116888
3.136124
3.327021
3.446646
3.168857
3.281677
2.970601
3.275929
3.212456
3.400853
3.009392
3.146706
3.190483
2.958359
3.101659
3.140504
3.208796
2.993536
3.188707
3.363145
2.974845
2.926567
3.395144
2.871210
3.180242
3.166371
3.302905
2.976171
2.977330
2.747647
3.022319
3.087922
3.031867
3.120721
3.057551
3.138902
3.282895
3.170982
3.343367
3.217412
3.031009
3.198853
3.178511
3.094278
2.890958
3.046172
3.117628
3.006750
3.052536
3.279283
2.968177
3.006367
3.029606
3.276675
3.054353
3.308934
3.093309
3.254970
3.204892
3.001763
2.625046
3.038780
3.273302
2.989030
3.081325
3.097168
3.332201
3.145860
3.099785
2.862588
3.239413
3.087892
3.246378
3.274926
3.080933
3.124173
2.929706
3.137281
3.130123
3.185639
2.899157
3.193804
3.373988
3.098471
3.016291
3.124221
2.775943
3.261606
3.245851
2.962685
3.115451
2.899909
2.967714
3.165411
3.316794
3.038968
3.370903
3.170989
3.032876
3.150862
3.054148
3.108214
3.177963
3.298261
3.036717
2.658566
3.167988
3.046591
3.250710
3.153616
3.218286
2.956600
3.381884
3.329142
3.135913
3.406344
3.022180
3.251702
3.227770
2.973814
3.160300
2.918808
3.102814
2.780375
3.147433
3.350418
3.367925
3.384905
3.033634
3.081673
2.961897
3.273863
2.998204
2.937183
3.134383
2.844977
3.044702
3.076604
3.329573
3.067642
3.137189
3.132602
3.316562
3.118522
3.234258
3.260188
3.177917
2.940728
3.121041
3.173962
3.168755
3.386530
3.205901
2.978837
3.235352
3.254512
3.245317
3.247670
3.076659
3.171294
2.912592
2.931075
3.233888
2.903330
3.199513
3.174252
3.264008
3.492647
3.061562
3.209866
3.328901
3.028493
3.054047
2.953320
3.054292
2.959192
2.986369
2.951417
3.188531
3.250751
3.155723
3.319984
3.086900
3.117756
3.243161
3.220576
3.159676
3.267559
3.279913
2.986954
2.988240
3.381101
2.949612
3.366631
3.112755
2.746346
2.846405
2.960994
3.154054
3.263754
3.146996
3.240218
3.195484
3.357882
2.900349
3.263639
3.086102
3.128356
3.084686
3.064358
3.057905
3.172850
3.095810
3.095986
2.969001
3.218311
3.040751
3.028721
3.124332
3.097299
3.087750
3.009323
3.231422
3.213935
3.179553
2.911529
3.068736
3.092497
3.099610
3.200760
3.227897
2.971852
3.261368
3.186180
3.128449
3.027008
3.175346
2.982172
3.029230
2.931226
3.183827
3.145060
3.030557
3.358328
3.434470
3.166442
3.306220
3.265869
3.261260
3.148490
3.073871
3.148732
3.168972
3.192898
3.116212
3.125209
3.144743
3.200952
3.108487
2.995286
3.214952
3.127864
3.281242
3.017104
3.378494
2.985308
3.007810
3.183834
3.044585
3.029210
3.227091
3.309886
3.033636
2.790967
3.221583
3.166334
3.161036
3.285127
3.000423
3.137817
3.056096
3.095663
3.081972
2.867617
3.253527
3.178230
3.104308
3.116346
3.129681
3.206455
3.310057
3.053376
3.102215
3.287961
2.945271
3.380798
3.137287
3.127584
3.062964
3.119363
2.957046
3.103406
2.785516
3.054772
3.056287
3.213533
3.172355
3.011659
3.334594
3.169217
3.224019
2.923565
3.216775
2.780966
3.373259
2.898219
3.120605
3.078519
3.376803
3.023088
3.038125
3.043823
3.157535
2.993494
2.916443
3.250009
3.252171
2.847114
2.956707
3.365322
3.200574
2.999472
3.280811
3.027881
3.291592
3.132489
3.064635
3.006793
3.178006
3.355662
3.123403
2.960922
3.095515
3.058937
3.046469
3.324038
3.337720
3.043340
2.901044
2.738764
3.178984
3.120985
3.347384
3.200679
3.059300
3.331537
3.176128
3.111769
2.868495
3.056630
3.169522
3.231248
3.207662
3.338909
3.077750
3.313238
2.893383
3.043065
2.999659
3.019588
3.274488
3.221223
3.040295
3.279382
3.057209
3.148195
3.059778
2.995753
3.104235
3.227887
3.075578
3.197293
3.276259
3.212858
3.040619
2.829654
3.031906
3.178324
3.149126
3.049486
3.080910
3.227010
2.976242
3.162479
3.187152
3.140750
2.930412
2.978603
2.834284
3.194698
2.896926
3.077256
2.908902
2.850419
3.191051
3.147078
2.909395
3.145240
2.886611
3.287109
2.980867
3.148610
2.995510
2.780036
3.108394
3.267265
3.050267
3.300203
3.083141
3.142883
2.856659
3.201905
3.082099
3.114255
3.074411
3.068140
3.244218
2.983028
2.931576
3.103803
3.227094
2.965981
3.187137
3.190124
3.114591
2.784846
3.215157
3.224204
3.168859
3.240329
2.809763
3.210614
3.292689
3.306155
3.107291
3.223473
3.025487
3.297238
2.960310
2.972695
3.001457
3.110396
3.213840
3.365246
2.985642
2.814204
3.375190
3.225032
3.188429
2.961056
3.145826
3.227929
3.147728
3.252889
3.066322
3.071360
3.000998
3.183377
3.112601
2.934393
3.146576
2.952055
3.316418
3.145269
3.039549
2.900057
3.332826
3.018871
2.967966
3.198870
3.177405
2.910182
3.318785
3.253478
3.266394
3.205598
2.948886
3.121336
3.192803
2.880144
3.218447
3.350564
3.009744
3.064570
3.370927
3.286041
3.057623
2.756112
3.137417
3.325967
3.083490
3.158706
2.959963
2.874069
2.995500
3.258506
3.051660
3.141941
3.081847
3.012764
2.903058
3.400891
3.141557
3.081538
2.884400
3.080920
2.889016
3.165085
2.979865
3.264780
3.120657
2.932849
2.885997
3.013698
3.061885
3.032770
3.026034
2.916612
3.122634
3.008553
3.310157
3.138225
2.949294
3.059439
2.831140
3.144094
3.167741
2.853671
2.823055
3.046997
3.349813
2.913724
3.187968
3.053248
3.168874
3.046958
3.114613
3.098153
2.917244
3.100780
3.173488
3.223395
2.930958
2.815139
3.220393
3.262400
3.020610
3.169103
3.044783
3.140636
3.303471
3.104209
3.137143
3.207446
3.038979
3.006116
3.218602
3.253414
3.212461
3.115989
3.135117
3.152535
3.162175
3.104625
3.300758
3.369396
3.071920
3.257511
2.873484
3.065788
3.227633
2.961702
3.010749
3.212617
3.033299
3.068491
3.042416
3.201441
3.045569
3.237559
3.338285
3.063607
3.109589
3.232686
3.315507
3.317712
3.207022
3.114662
3.066547
3.174248
3.111307
2.787598
3.186744
3.182302
3.247209
3.243071
3.109022
3.098052
3.270255
3.279637
3.033062
3.174102
3.080027
3.077098
3.259302
2.751009
3.144594
3.162205
3.156543
3.280357
2.958780
3.000374
3.051273
2.949729
2.811768
2.797405
3.289179
2.897841
3.268312
3.243008
3.160051
2.912818
3.267484
3.063383
3.050884
3.007008
3.054312
3.161112
3.009701
3.249437
2.908810
3.303642
2.899905
3.163122
3.242009
2.903268
2.857434
3.245410
2.976098
3.020205
3.085013
3.268071
3.116589
3.002786
3.140667
2.981794
3.001891
3.190939
3.059795
3.145561
3.090680
2.977935
2.921108
3.084072
3.248580
2.917385
3.070490
3.183175
3.205681
2.889134
3.123574
3.028021
2.927396
2.993173
3.090299
3.216877
2.844119
3.114268
3.352213
3.097799
2.991712
3.232215
3.157625
3.125515
2.808103
2.976793
3.223310
3.042036
2.967552
3.107855
3.330563
3.218536
3.330116
3.056019
3.260965
2.976900
3.074532
2.964790
3.275840
3.252433
2.941809
3.137224
3.076906
2.993114
3.039817
2.982853
3.270267
3.205315
2.975492
2.956120
2.875134
2.840318
3.284639
3.348045
2.972016
3.207835
3.307822
3.137141
3.175070
2.971691
3.210983
3.037423
3.096655
2.738855
2.947141
3.047099
3.037721
3.146854
3.000704
3.054942
3.247907
3.039016
3.069127
3.207607
3.200863
2.873483
3.238022
2.987078
3.062310
3.331998
3.061035
3.045552
3.179323
3.106017
3.315355
2.913907
2.963607
3.262396
3.050459
3.219269
3.084256
2.909287
3.201499
2.989807
3.178012
2.918662
2.813854
3.319354
3.026322
3.218306
2.924940
3.183499
3.246179
3.081181
3.275268
3.028772
3.062581
2.975986
3.233951
3.160432
3.196327
3.151369
3.304914
3.110926
3.231723
2.909882
3.437423
2.643236
2.984896
3.092153
3.168497
3.237904
2.999698
3.119453
2.956168
2.995697
3.387618
3.174042
3.073975
3.187765
2.906103
3.255702
3.191600
3.087103
3.089920
2.982029
3.246644
2.998231
3.186480
2.978625
3.339257
2.993398
3.236161
3.175444
3.352166
3.164215
3.033433
3.122554
2.985563
2.784118
3.143309
2.991625
3.028179
2.963115
3.132736
2.824884
3.054206
3.152642
3.073881
3.284859
2.950522
3.239005
3.177148
2.829429
3.011870
2.771412
3.127928
3.244851
3.225805
2.975424
3.283228
3.291451
3.117019
2.994368
3.136233
3.060240
2.924109
2.997084
3.139627
3.182769
3.218888
3.142308
3.368104
3.271970
3.156842
3.266808
3.154310
3.152267
2.856786
3.044082
2.780918
2.989064
3.061872
3.334926
2.816776
3.219792
3.266012
3.113375
3.042799
3.179409
3.201063
3.110739
3.088564
3.208710
3.032441
2.916532
3.350998
2.960541
3.343577
3.069037
3.113428
3.056441
3.300396
3.125380
2.892604
3.196388
3.141925
2.950582
3.177438
3.078740
2.901853
2.697841
3.327640
3.170869
2.875137
3.150573
3.082499
3.274320
3.075352
2.894749
3.145070
3.250581
2.928756
3.310912
2.964545
2.945052
3.137581
3.142746
3.172044
3.103234
2.910910
2.857902
3.071864
3.294790
3.039594
2.890495
3.046854
2.978298
2.896042
3.195421
3.426602
3.008394
3.256434
3.235200
2.682295
3.123278
3.129574
3.202643
3.104948
3.037229
2.962277
2.995640
3.038828
3.349269
3.240521
3.028039
3.268001
3.070078
3.077490
3.079420
3.223941
3.152239
3.187675
3.269461
3.287339
3.131775
2.966218
2.848540
3.205887
3.122771
3.317016
3.018346
3.115861
3.104544
3.077584
2.790000
3.501784
3.071642
3.231316
3.301878
2.907296
2.838240
3.180467
3.284236
2.934611
2.972542
3.077605
2.970021
3.127332
3.163218
3.138074
3.197984
3.044572
3.010813
3.208731
3.240358
3.134769
3.255667
3.029003
3.097115
3.112491
3.345978
3.004790
2.968636
2.986612
2.941826
3.029296
3.040766
3.125305
3.215842
3.075720
3.102190
3.185246
3.132301
2.955621
3.279742
3.075194
2.886248
3.146027
3.212220
3.137620
2.734676
3.004071
3.190811
2.990433
3.177970
3.055415
3.140127
2.913269
3.171853
3.003921
2.985754
3.239637
3.173066
2.933807
3.021827
3.459875
2.830965
3.113251
3.229021
2.982623
3.030794
2.944140
3.218231
2.935162
3.048381
3.146585
2.994483
2.943476
3.200886
3.143682
2.989098
3.129139
3.423872
3.463722
3.194690
2.932858
3.078064
3.226315
3.199901
3.048227
3.148897
3.003291
2.855891
3.103842
2.791788
3.176382
2.946134
3.221884
3.185632
3.151165
3.210349
3.074537
2.994953
3.104384
3.190235
3.055306
3.359156
2.927937
3.172241
2.999498
3.054674
2.952240
3.059433
3.020126
3.033693
3.185681
3.044250
2.988047
2.803492
3.006285
3.093419
3.155308
2.787005
3.089467
2.890711
3.309034
3.140422
3.132184
2.954928
3.302118
2.992872
3.113736
2.973161
3.051532
3.137825
3.205974
3.040749
2.982316
3.472686
3.006180
3.157241
3.194033
3.076002
3.111999
2.940200
3.044360
3.003991
3.255230
3.092946
3.195343
2.847900
3.214810
3.232759
3.121450
3.136824
2.877863
3.217012
3.274011
3.156618
2.991773
3.079602
3.108441
2.921451
3.275929
2.998634
2.864726
3.271702
3.112293
3.101583
3.260914
2.874606
3.177668
2.835451
3.018564
2.929987
3.228792
3.114531
2.990772
3.073552
3.051249
3.524706
3.170576
3.107613
2.959549
3.107725
3.015403
2.848476
3.260365
3.089741
3.109050
3.099229
3.123565
2.945194
3.126301
3.182175
2.980983
2.954955
2.822492
2.832153
3.041287
3.066859
3.292482
3.240852
3.031930
2.992128
3.121580
2.981591
3.310306
2.884297
3.270530
2.794482
2.927625
3.109170
3.264598
3.239241
3.338805
3.111161
2.970197
3.135670
2.801220
3.125207
3.027144
3.348899
3.125256
2.888364
3.074877
3.304950
3.089152
3.273650
3.125620
2.988437
3.242455
3.078086
3.151451
2.981757
3.051402
3.159053
3.112663
3.155636
3.186575
3.160783
3.321925
3.158096
3.093068
3.106110
3.178571
2.883549
2.948491
3.017511
3.211052
2.997894
3.281702
3.004628
3.028196
3.214012
3.059522
2.822858
3.146724
3.265656
3.101402
2.982888
3.004765
2.992792
2.882251
3.022421
3.180601
3.033766
3.002911
3.216284
3.159048
3.182677
2.991973
3.008489
3.191941
3.069324
3.157920
3.044514
2.870885
2.919533
2.976162
3.019169
3.047927
3.185039
2.966204
2.990484
3.119079
3.123399
3.035358
3.011053
3.333780
3.084320
3.156928
3.179736
3.033176
3.072228
2.867720
2.986884
2.975138
3.229971
3.102889
3.111443
3.039956
3.211978
3.215634
2.790513
3.006547
3.264695
3.183718
3.242332
3.238773
3.063058
3.201195
2.918783
3.123457
3.222941
3.044734
3.116361
3.100949
3.163056
2.941999
3.272068
3.125766
3.446054
3.062853
3.204414
3.205348
2.982389
3.299739
3.337826
3.122348
2.982550
2.929750
3.100976
2.835379
2.904335
3.133200
3.138833
3.350397
3.161251
3.210314
3.201325
3.152102
2.998188
2.922758
3.336309
3.067668
3.306363
3.163941
3.227106
2.847051
3.035477
3.140346
3.175037
3.052249
3.227016
3.092229
3.353199
3.046533
2.923037
3.074235
3.064807
3.225208
3.225695
2.990950
3.273952
3.165172
3.183014
3.137886
3.102704
3.050659
3.071282
3.054342
3.076840
3.028285
2.956607
3.014264
3.129777
3.159409
2.952872
3.114611
3.208764
3.035335
3.145651
3.161582
3.069860
3.124009
3.163746
3.080979
3.342814
3.080332
3.173663
3.189139
3.227351
2.949645
3.149210
2.873689
3.216483
3.183085
3.190740
3.086620
3.162067
3.101679
3.056802
3.339634
3.208337
3.098654
3.166842
3.204367
2.748023
3.179585
3.145705
3.255390
3.087506
3.239194
3.188665
3.050356
3.179693
3.002248
3.057715
3.062157
2.999524
3.232574
3.181619
2.900278
3.087051
2.954013
3.074349
3.065983
3.092968
3.145783
3.079525
3.237846
3.325679
2.859839
3.228858
3.178568
3.094712
3.065426
3.096067
3.092377
3.167428
3.031703
3.071003
3.123987
3.078527
3.447768
2.878684
3.021211
2.921766
3.118609
3.152741
3.303408
3.315855
3.097239
3.045681
3.220756
3.115346
3.300129
3.210109
2.963459
3.066603
2.979995
3.073849
3.112429
2.936836
3.138308
3.249131
2.820243
3.199440
2.946477
3.264935
3.318942
3.221757
3.177072
2.958403
3.048652
2.856518
3.278552
3.046434
3.251154
3.140340
2.975425
3.051385
2.930451
3.015804
3.074176
3.226661
3.217454
2.964338
3.217340
3.152440
3.186113
3.036114
3.299116
3.126906
3.013487
3.144188
2.974856
3.330065
3.043979
3.138584
3.109545
3.234143
3.049866
3.354444
3.266672
2.802158
3.120926
2.877986
3.153982
2.931852
3.054645
3.382126
2.889021
3.015463
3.208987
3.134145
3.007139
3.146104
3.046069
3.191177
3.104699
2.920751
3.224708
2.913834
3.345178
3.148767
3.028769
3.199703
2.997263
2.955801
3.341881
3.064721
3.086321
3.255920
2.938536
3.101127
3.187162
2.960737
3.191024
3.008111
3.326840
3.087214
3.237277
3.119865
3.075501
3.199595
2.998182
3.131175
2.873400
2.959292
3.163940
2.789791
3.303968
2.910071
3.214833
3.262087
3.335982
2.952329
2.889438
3.200127
3.112620
3.313629
3.262300
3.382035
3.250875
2.993762
3.208552
3.002191
3.012136
2.843778
3.155631
3.149035
2.869570
3.144702
3.380218
3.126028
3.066482
3.373996
2.857100
3.227064
3.246313
2.995809
3.267963
3.277810
3.171818
3.133901
3.186114
3.216895
2.998441
3.012427
3.194032
3.287657
3.400946
3.245082
2.965345
3.082582
3.346325
3.022149
2.927660
3.367262
3.225114
2.873221
3.135415
3.167101
3.179301
3.157025
3.249644
2.924817
2.787426
3.193799
2.976703
3.216744
2.825786
3.329085
3.073090
3.023124
3.113498
3.293513
3.074189
2.945863
3.023499
3.090992
3.216346
3.156332
2.730636
2.960395
3.168358
3.085295
3.069631
3.167841
3.161460
3.103075
3.344428
2.989705
3.083072
3.276207
3.039096
3.088154
3.237867
3.203122
3.326577
3.165207
3.265977
3.038885
3.159256
3.283432
3.012948
3.256015
3.305683
3.163808
3.095398
3.036167
2.906064
2.993137
3.347654
3.250784
3.021543
3.163457
2.985181
3.149443
3.336835
3.302719
3.277400
3.215846
3.208391
3.223537
3.083414
3.151178
3.210777
3.126933
2.802087
3.110827
3.019479
2.887354
3.007329
3.300319
3.118750
3.288106
3.312445
3.204886
2.994754
2.919479
3.230212
3.016983
3.166040
3.219771
3.219740
3.209059
3.271027
2.949486
3.018864
3.046897
3.094725
3.307919
3.124935
3.135062
3.246663
2.977281
3.325546
3.118002
2.859967
3.016727
3.180629
3.216515
3.172539
2.931032
3.021406
3.255046
3.299209
3.126307
2.995150
3.185681
3.142123
3.060040
3.049505
3.174779
3.075274
3.236604
3.096523
3.102565
3.095440
3.192362
3.003372
3.350728
3.116092
2.858450
3.153000
2.938209
3.167779
3.045513
3.307140
2.989803
3.173310
3.200264
2.983041
3.401222
2.871061
3.147517
3.292208
3.164963
3.181790
3.108477
2.935955
3.255325
3.168830
3.163449
3.431604
3.347923
3.130988
3.314135
3.278053
2.973099
2.999396
2.898789
2.923127
3.183122
3.138919
2.973608
3.236034
3.118791
3.204312
3.205654
3.101856
3.132591
3.128488
3.235177
3.082008
3.323356
3.286780
3.112673
3.172793
3.107422
3.113056
3.365163
3.094508
3.173390
3.105875
3.140762
2.927423
3.033968
3.011308
3.027321
3.156299
3.010931
3.268793
2.990265
3.289212
3.243966
3.164059
3.353482
3.156022
3.113385
3.224874
3.093687
2.998018
3.135531
3.034723
3.020775
3.284137
3.202257
3.492632
3.222171
3.257722
3.146807
3.153669
3.157388
3.058248
3.204034
3.147068
2.850958
3.222523
3.254885
3.027471
3.426742
3.189094
3.244765
3.203036
3.273900
3.087447
3.066588
3.214987
2.957594
2.928270
3.245411
3.178031
2.894187
3.136155
3.075168
3.022035
3.105325
3.062445
3.003346
3.338825
3.217671
3.142643
3.178735
3.342115
3.280349
3.308043
2.972590
3.194524
3.006452
3.434744
3.015497
3.106432
3.030724
3.071518
3.022534
3.129829
3.165587
3.447902
3.409647
3.236494
3.258269
3.157340
2.989033
3.332219
2.939283
3.282117
3.045988
3.073780
3.155727
3.186096
3.050454
3.068088
3.012241
3.103843
3.111341
2.878511
3.193966
3.125395
3.117627
2.979969
3.077818
3.200206
3.047584
3.073050
3.405900
3.066781
3.184972
3.197611
3.029429
3.126894
2.911431
3.243977
3.013844
2.966147
2.997840
3.096752
3.327203
3.287401
2.911367
3.112752
3.139377
3.176933
3.166396
3.121445
3.141557
3.171170
3.110930
3.113647
2.961068
2.913347
3.084414
3.383625
3.098074
3.160405
3.264130
3.021325
2.919956
2.978158
3.151174
3.169555
3.035913
3.291523
3.082421
3.149694
3.296651
3.251749
3.299604
3.316752
3.112104
2.933124
3.025158
2.884481
3.272304
2.841565
3.134991
3.039256
3.277772
2.939259
3.340257
3.123139
3.176108
2.894333
3.147775
3.018201
3.076972
3.204866
3.320084
3.095962
3.057076
3.137688
3.075658
3.173922
3.384402
3.075475
3.015094
3.260311
3.179788
2.986141
2.976364
3.011531
3.187395
3.271048
2.966181
3.281224
3.293715
3.178126
3.162501
3.099892
3.151483
3.112461
3.178081
3.084952
3.179995
2.886743
3.066452
3.271834
3.206629
2.982255
2.979379
3.252057
3.327309
3.258538
3.008945
3.077189
3.074042
3.028174
3.250269
3.101762
3.164364
2.897547
3.111053
3.025041
3.061697
3.047446
2.902767
3.023450
3.368633
3.063345
3.231314
3.122468
3.176226
3.109947
2.929781
3.052106
3.269019
3.233047
3.148919
3.013740
3.067238
3.045463
3.206942
3.031303
2.766957
2.788018
3.090647
3.083515
3.248764
3.281541
2.909922
3.081734
3.098762
3.315570
2.749286
3.019229
2.787211
3.034609
3.032114
3.237078
2.949993
3.172067
2.861337
3.026869
2.921854
3.440107
3.333448
3.204854
3.030059
3.134020
3.229797
2.941547
3.147671
2.746723
3.178912
2.977869
3.211091
3.153746
2.911483
3.220342
3.020960
3.085012
2.974171
3.232965
2.885922
3.196189
3.062332
2.921757
3.222166
3.199434
3.115400
3.075886
3.121994
3.216663
3.088120
3.380785
3.082196
3.111897
3.111859
3.355379
3.206135
3.129211
2.953262
3.048044
3.156710
3.350336
2.938528
3.237296
3.042567
3.300013
3.177914
2.977523
3.040877
3.395753
3.340965
3.178571
2.958339
3.133157
3.170193
2.992460
3.235636
3.237106
3.323440
2.968364
3.091945
3.218892
2.977852
3.114460
3.233367
2.854066
3.060743
3.160753
3.262861
3.331577
3.444692
3.103578
2.987951
3.087556
3.201039
3.134819
3.152833
3.097091
2.749608
3.419516
2.823524
3.323278
2.968717
3.154125
3.127192
3.192410
3.195474
3.233820
3.268513
3.164736
3.140230
3.010377
3.142576
3.161732
3.208114
3.334269
3.051263
3.302387
3.155466
3.276050
2.904195
3.157351
3.227220
3.173788
2.982757
3.215486
3.311428
3.189523
3.234018
2.927721
3.036522
2.808601
3.170702
3.200349
3.161208
3.210171
3.164205
2.776155
3.212722
2.892149
3.116798
3.036488
3.355907
3.126100
3.212004
3.305160
3.335659
2.829760
3.330482
3.147747
3.112727
3.145609
3.281757
2.945637
3.339042
3.125861
2.991927
3.323389
3.277195
2.972063
3.208456
3.341913
3.080699
3.009787
3.292554
3.087901
3.107634
3.174446
3.130688
2.968520
2.946581
2.955677
3.186978
3.136701
3.036052
3.277719
3.075011
3.269704
3.301508
3.314998
3.135772
3.050051
2.972220
3.084069
3.004500
2.988525
2.843959
3.095320
3.152758
2.968360
3.011711
3.013522
3.214912
3.403235
3.170238
3.000334
3.237583
3.015107
2.958827
3.271996
3.166754
3.193317
3.374036
2.883172
3.041445
2.942666
2.951645
3.089940
3.070058
2.968000
2.953480
2.888962
2.909437
3.092137
3.218503
3.207988
2.988562
3.146545
3.078972
3.212933
3.278370
3.004689
3.338350
3.369715
2.834257
3.331027
3.122118
3.095859
3.304255
3.234487
3.104987
3.086789
3.108679
2.987208
2.860791
2.918446
2.867765
3.159134
3.240485
3.089227
3.032788
3.141867
3.192579
3.167091
2.986842
3.236600
3.029068
3.176049
3.104365
3.343485
3.152855
3.114717
3.061098
3.254114
3.209037
3.177338
3.100763
3.019560
3.184445
3.135840
3.305649
3.040562
3.092699
3.093737
3.067489
3.026819
3.187137
3.157249
2.922217
3.122549
3.067739
3.106394
3.058313
3.117425
3.188658
3.009967
2.878518
3.243867
2.982563
3.136704
3.114653
3.012100
3.028985
3.190742
3.395997
3.018282
3.277204
3.117497
3.258784
3.036055
2.971423
3.327418
3.207695
3.203140
2.795567
3.015179
3.067028
3.163968
3.192240
3.139127
2.959673
3.057579
3.185578
2.970172
2.985396
3.210679
3.273368
2.993455
2.955792
3.088263
3.230541
2.971752
3.031606
3.143375
2.968276
3.318566
3.223944
3.115198
3.237445
3.020843
3.181925
3.132794
3.219131
3.398052
3.093881
3.011027
3.056821
3.189483
3.159162
3.145047
2.859499
3.250825
3.014385
3.115020
3.148459
3.000429
2.988379
3.325366
3.292047
3.071741
3.096202
3.340535
3.013574
3.161368
3.207351
2.986777
3.022360
3.327101
3.041047
2.957159
3.180531
3.160888
3.150988
3.186810
3.287318
2.985268
3.030964
2.936137
3.220150
2.996235
3.226942
2.938098
3.301237
2.883836
3.140161
3.163718
3.060755
3.248735
3.264169
2.985633
3.427752
3.043248
3.122704
2.722139
2.940873
3.006301
3.209087
2.962312
3.216742
3.223483
3.144957
3.064957
3.052873
3.254837
3.059789
3.278531
3.010728
3.351866
3.471709
2.834099
3.014674
3.320445
3.158820
3.252707
3.147016
3.124671
3.112941
3.087163
3.113763
3.047101
2.868956
2.979262
3.310111
2.881689
2.977453
3.340389
2.731309
3.125647
3.045572
3.490432
2.901902
3.238715
3.123929
2.906646
2.891276
3.066305
3.121616
3.158976
3.212176
3.177889
3.181933
2.799596
3.254018
3.079196
3.210812
3.248751
3.099176
3.259133
2.905722
2.967674
3.144110
3.134630
3.269308
3.023049
3.144230
2.782007
3.185654
3.023543
3.031600
3.190876
2.856537
3.097471
3.213810
3.110677
3.163632
3.135675
2.851500
3.357423
3.007044
3.039510
3.127506
3.125703
3.079791
3.091861
3.094305
3.030591
3.148599
3.346026
3.062206
3.145167
3.079875
3.346905
2.989393
3.149657
2.781902
3.160502
3.136948
3.196425
3.292015
3.248181
3.083042
3.091157
2.988130
3.201090
2.942159
3.022647
2.932294
3.059944
3.171714
3.147008
3.035356
3.167767
3.044674
3.217217
3.117621
3.158560
2.993783
2.885509
3.135821
3.170680
3.090103
3.052128
3.122457
3.323579
3.164179
3.226063
3.210311
2.872339
3.101919
3.329674
3.386751
2.888460
3.011038
3.056910
3.236913
3.187794
2.897746
3.159495
2.865678
2.841708
3.349580
3.114029
3.106641
3.242701
3.239420
3.159002
3.027846
3.035142
2.849192
3.158936
3.147494
3.077257
2.840653
3.153093
3.110043
3.008203
3.117650
3.120761
3.178894
3.044808
2.919139
3.102648
3.210060
2.896466
3.110529
3.318581
3.271639
2.958070
3.166874
3.170043
3.060921
2.759355
3.488726
3.220834
3.185029
2.775543
3.083504
3.036297
3.004497
3.028450
3.091220
3.400763
3.092744
3.231594
3.144019
3.184155
3.245404
3.063421
2.981645
3.027338
2.888947
2.920770
3.133283
3.087339
3.101160
2.994718
3.116066
3.099808
2.902870
3.251224
3.224727
3.146177
3.122262
3.325492
3.301576
3.402143
2.846466
2.942601
2.952427
3.024297
2.889412
3.174992
3.244535
2.941122
3.178304
3.293186
3.418324
3.296751
3.277323
3.340698
3.211424
2.807449
3.202744
3.035868
2.842295
3.185050
3.230038
3.376500
2.871019
2.960963
2.978237
3.117605
3.220422
3.178943
3.022418
3.192641
3.184522
2.907634
3.157063
2.974079
3.154429
3.279492
3.278085
3.071571
3.124637
3.177591
3.049954
3.240419
3.079383
3.389673
2.967520
2.986634
3.018113
2.879692
3.028685
3.074193
3.107133
3.203510
3.123110
3.025175
3.145958
3.146617
3.264021
3.096017
2.971079
3.114090
3.112987
3.038875
3.212113
3.454189
3.310990
3.227133
3.221897
3.021969
3.225942
3.059837
3.052159
3.174394
3.305876
3.141588
2.961221
3.011587
3.314408
3.141161
2.981005
2.809570
3.137487
3.470407
3.416316
3.499712
2.928748
3.152627
3.249177
2.967162
3.054618
3.192411
3.069507
3.278318
3.100729
3.012779
2.777836
2.963000
3.130876
3.023959
3.393264
2.954774
3.108213
3.277637
2.920786
3.204548
3.167760
3.174638
3.403739
3.396146
3.134764
3.142925
3.163175
3.123833
3.250519
2.927763
3.260069
3.063032
2.917784
3.187888
2.978896
3.003553
3.092775
3.285563
3.020830
3.075107
3.292736
3.069692
2.962127
3.160667
3.131034
2.946583
3.145746
3.219273
2.683482
3.315701
3.158119
3.257431
3.352977
3.154498
3.050585
3.014272
3.116682
2.869327
3.119558
3.208685
2.995634
3.066971
2.902958
2.996117
3.179178
3.427461
3.150053
3.125684
2.943726
3.239077
3.036657
3.088718
3.211986
2.841920
3.150396
3.089459
2.903238
3.213778
3.121539
3.099187
3.171495
3.028118
3.108245
2.951989
2.826103
2.942365
3.071805
3.131700
3.116390
3.179973
3.045164
3.136641
3.247262
3.086822
2.864413
2.990697
3.059256
2.925847
3.245572
3.053489
3.203346
3.075489
2.959832
3.152458
2.863495
3.172506
3.207170
3.352964
3.430897
3.083918
3.164106
3.181145
3.115848
3.179274
3.073144
2.742431
2.974486
3.050696
3.585358
3.052182
3.253182
3.143111
3.223580
3.041558
2.976240
2.972591
3.088478
3.071732
2.999748
2.883551
3.063272
2.994895
3.084312
3.114378
3.160207
3.026397
3.178404
3.233724
3.174067
2.859433
3.063511
3.123646
3.150300
3.112845
3.111824
3.144188
2.817360
3.099434
3.272277
3.080278
3.065186
3.135561
3.262307
3.059261
2.834608
3.113668
3.123738
3.168917
3.260723
2.885590
2.930883
3.412806
3.164310
2.984747
3.325434
2.985807
2.912249
3.223546
3.152589
3.031359
2.961244
3.196461
2.909710
3.031201
3.306663
3.110882
3.049782
2.959569
3.236562
3.064634
3.061600
3.278654
2.820392
3.221203
3.109711
3.018101
3.343628
3.237874
2.934247
3.058567
3.206278
2.951891
3.300167
3.285426
3.159820
3.033642
3.348372
3.174139
3.182612
2.785102
3.017412
3.223397
3.095865
3.115875
3.110500
3.182775
3.367535
3.241375
3.176561
3.233198
3.280571
3.164799
3.035421
3.078547
2.928501
3.311112
2.843070
3.205576
3.214486
2.950439
3.216969
3.251637
3.066445
3.200460
3.014127
2.963348
2.956606
3.140089
3.160380
2.850329
3.280541
3.018983
3.369243
2.835719
3.068510
3.065501
3.008332
3.031788
3.254059
2.977998
2.950999
2.956509
3.047674
3.258706
3.209919
3.231082
3.071360
3.037070
3.231309
3.290832
2.977845
3.205032
3.131454
3.277617
2.959082
3.160123
3.215602
2.669721
3.148813
2.994856
3.244490
2.933592
3.261187
3.127095
3.319638
3.043848
3.290085
3.272852
2.866137
3.345020
2.917983
3.138411
3.058519
3.266643
2.998098
3.193676
2.970220
3.112442
3.268719
3.049017
3.328478
2.968468
2.891616
3.059707
2.990746
3.140587
3.116202
3.176593
3.126119
3.164556
3.199956
3.125269
3.244097
3.240828
3.074332
3.149068
3.160742
2.984334
3.118075
2.913309
2.982409
2.974249
2.972579
3.161453
3.133061
3.236278
3.041304
3.206573
2.873038
3.336391
3.141319
3.129674
2.981636
3.224867
2.904102
2.935520
3.462981
3.206686
3.088689
2.903914
2.880701
3.028893
3.344429
3.184393
3.029893
2.944161
3.378962
2.896008
2.929504
3.278452
3.159664
3.009210
3.461464
3.003221
3.339267
3.139936
3.155384
3.073846
3.032266
3.052919
3.294576
3.363489
3.176385
3.133650
3.077131
3.090706
3.237593
2.817932
3.178392
3.284447
3.265135
3.096764
3.160297
3.087661
2.858474
3.143663
3.225293
3.122229
3.103571
3.096772
3.238668
3.208550
3.087459
3.136694
3.047839
3.117276
3.123767
2.989349
3.218368
3.064015
3.068778
2.772166
3.226748
3.380036
3.096240
3.080326
2.990717
3.001369
3.138069
2.938524
3.161835
3.321389
3.008688
3.056154
3.274827
3.181352
3.286805
3.376206
3.074760
3.201608
3.020235
3.095717
3.242640
3.053804
3.106784
3.038049
3.137764
3.459552
2.977658
3.274495
3.095869
3.064601
3.338318
3.149428
3.102755
3.002362
3.256856
3.181452
3.210857
3.057100
3.252333
3.111676
2.843878
2.856385
3.087873
3.017124
3.411869
3.159224
2.771677
2.968755
3.164503
3.160411
3.117442
2.963991
3.296735
3.161701
3.120468
2.980548
3.093349
2.878907
3.461829
3.141051
3.221906
3.029329
3.174556
3.061180
3.218847
3.126112
3.046481
3.051316
3.026203
3.061180
3.029504
3.176087
3.290225
3.068448
3.241414
3.102972
3.026793
3.117835
3.197196
3.007778
3.346317
3.223453
3.473994
2.890774
3.308681
3.219833
3.132813
3.189452
2.914236
3.136078
3.154593
2.813683
3.128444
3.221074
3.108006
2.913836
3.198241
3.104659
2.959518
3.110200
3.069427
3.307805
3.161149
3.031471
3.432290
3.234100
3.013396
3.002727
3.362161
3.088664
3.142848
2.906452
2.914338
3.205926
3.024634
2.997506
3.204291
3.517785
3.040367
2.915466
3.153874
3.104289
3.009700
3.387355
3.149328
3.150712
3.047608
3.173024
3.213846
3.097177
3.066176
3.127458
3.261474
3.145654
3.193605
3.167555
3.028383
2.928686
3.083420
3.084859
3.150992
3.122859
2.957031
3.221402
3.240640
3.049040
3.244622
3.060381
3.287133
3.175409
2.675989
3.120403
3.305487
2.882834
3.230061
3.144207
3.147845
3.164670
3.043594
3.199055
3.237648
3.087631
3.125110
3.201164
3.115659
3.167500
3.265174
3.291963
3.003282
2.921133
3.191053
3.290227
3.094944
3.316790
3.252473
3.129584
3.274917
3.184428
3.191760
3.035726
2.956344
2.973451
3.426612
3.209037
3.031744
3.065790
3.205402
3.223083
3.103267
3.314044
3.329147
3.252147
3.072499
2.891258
3.075913
3.127474
3.163033
3.038524
2.904285
3.268805
3.049924
3.127967
3.071805
3.251395
2.996882
3.005462
3.074565
3.101786
3.046463
3.099572
2.896463
3.046978
2.988483
3.010614
3.253264
3.097948
3.110521
3.124015
3.186527
2.892609
3.216587
3.044141
2.731912
3.003859
3.220761
3.159676
3.221538
3.120109
2.922980
3.249722
3.012553
3.152762
3.176698
3.170033
3.046652
3.048358
3.327241
3.020303
3.224346
3.066158
3.032632
2.933697
3.115679
2.981886
3.268573
2.905735
3.300999
3.118004
3.400031
3.282039
3.027564
3.005314
3.007717
3.036852
3.219547
3.014934
3.070907
3.043084
3.220469
3.281352
3.299667
3.203201
2.922952
3.269679
3.317780
3.153699
3.078795
3.111515
3.049349
3.215568
3.236247
3.092229
3.237282
3.078092
3.086396
3.137139
3.188198
3.079533
3.110416
3.085287
2.971481
2.826601
2.998892
2.957377
3.006457
3.371569
3.229831
3.069986
3.266738
3.136998
3.176762
3.254159
3.038891
3.225111
3.179623
3.036916
2.825654
2.994100
2.907515
3.102190
3.128087
3.385303
3.065412
2.809088
2.885265
3.125743
3.203906
3.201067
3.241868
3.235050
3.055576
3.332005
3.201444
3.147998
3.161120
3.200268
3.041985
2.924668
3.007557
2.930572
3.203874
3.104824
3.187503
3.176852
3.325234
2.933507
3.177507
3.336131
3.208990
3.011459
3.131263
3.168007
2.878438
3.280658
3.281383
3.008653
2.836491
3.245114
3.021680
3.146216
3.205474
3.152398
2.982207
3.136142
3.074694
3.325257
3.026536
2.985939
3.224779
3.180901
3.143856
3.050796
3.169356
3.230996
3.165824
3.131328
3.053089
3.206733
2.972563
3.138475
3.150767
3.133939
3.167353
3.204520
2.988354
3.126364
3.108845
3.105752
3.154689
3.257711
3.130402
3.365439
3.008549
3.173406
3.302697
3.400592
3.403520
3.215084
3.237485
3.249296
3.151345
2.907111
3.088382
3.076692
2.997874
3.270137
3.415295
3.125638
3.202464
2.971922
3.146001
3.275615
3.344208
3.095445
2.756522
2.878486
2.959988
3.111578
3.182902
2.904296
3.276943
3.124726
3.217819
3.063969
2.964893
3.272279
3.071093
3.042662
3.081195
3.069673
3.053870
3.206115
3.256781
3.037637
3.149984
2.975950
3.392363
3.106356
3.159874
2.986775
3.204828
3.141735
3.136395
3.056570
3.260745
3.052921
3.122796
3.250365
3.117104
3.082727
3.185013
3.050356
3.057612
3.248725
3.152120
3.230973
2.958196
3.435955
3.011523
3.308739
3.282168
3.145884
3.152611
3.299112
3.321395
3.134464
3.287604
3.196350
3.226748
3.255481
2.960628
2.993243
3.369586
3.096694
3.107388
3.360011
2.970271
2.926744
2.970232
3.079686
3.230647
3.119628
2.908954
2.865772
3.171421
3.233154
3.294144
3.111746
3.154677
2.957613
3.241862
3.219994
3.257204
3.156983
3.230410
2.772803
3.038396
3.070043
3.025893
3.082783
3.307366
3.083002
3.115389
3.043844
3.096677
3.368540
3.121896
3.210883
2.972022
3.231986
3.304643
2.955491
3.153074
3.281161
3.245811
2.928548
3.070379
3.330538
3.234949
3.067847
2.842396
3.166879
3.129648
2.936187
3.031132
2.969079
3.122221
2.899725
3.032959
3.037715
3.106571
3.001091
3.127126
2.937767
3.094042
3.311109
3.042810
2.977476
2.963131
3.181063
3.112422
2.988924
3.164099
3.114311
3.132447
3.091697
3.249897
3.034711
3.187661
3.098867
3.219696
3.279185
2.789000
3.311026
3.219639
3.190828
3.272341
2.984617
3.164419
3.202524
3.101831
3.231480
3.221424
2.905488
3.136763
3.379255
3.207592
3.351787
2.991059
3.049496
3.088930
3.139995
3.157715
3.067304
3.110512
3.188418
2.937755
3.144371
3.115050
2.874185
3.094689
3.232240
2.916744
3.225717
3.307852
3.065098
3.275054
3.046071
3.294455
3.146615
3.033101
3.315166
3.114407
3.228044
3.115897
3.322195
2.907431
3.216951
3.280483
3.126502
2.907674
3.081171
3.131838
3.114814
3.049662
3.348271
3.129757
3.070213
3.020103
3.345801
3.226641
3.160854
3.228974
3.237082
2.902026
2.855504
3.098388
3.069600
3.101927
3.111985
2.944471
3.314770
3.167806
3.200742
3.163117
3.280968
2.889507
3.293097
3.258374
2.814319
3.092849
2.788175
3.166278
3.251177
2.961215
3.068686
3.245028
3.261413
2.955054
2.837515
3.021222
3.132875
3.093301
3.098102
3.052605
3.137390
2.977929
3.197185
3.292717
2.838013
3.067546
3.109874
3.249818
2.926468
2.962977
3.083825
3.143633
3.287113
2.911693
3.175204
3.064597
3.240880
2.926480
3.141657
3.027920
3.111570
3.012598
3.250448
3.176251
3.175045
3.033548
3.020636
3.203233
2.920690
3.288263
3.254035
3.196571
3.298026
2.870301
2.925619
2.933480
3.078246
3.346731
3.250606
2.991792
2.936532
2.997613
3.236027
3.106200
2.876220
2.972483
2.930474
2.923259
3.369171
3.209800
3.112525
3.090508
3.310939
2.924327
3.265112
3.035933
3.016122
3.124195
3.091804
3.180652
3.081225
3.317390
3.076587
3.081924
3.205728
3.064683
2.869838
3.076760
3.062780
3.185971
2.873073
2.823200
3.012088
3.192800
3.194234
3.199417
2.894177
3.087763
3.111041
3.087225
3.262237
3.033015
3.163246
2.906972
3.165038
3.175837
3.072269
3.069051
3.097319
3.220587
3.329964
3.338766
3.463668
3.339128
2.864851
3.334857
3.161428
2.827009
3.015574
3.068833
2.987963
3.011429
3.068391
3.305440
3.033851
2.984967
3.270255
2.960683
3.130148
3.077052
3.179475
3.030341
2.990707
3.245752
3.017270
3.276479
2.923789
2.951233
2.872943
3.139282
2.940388
3.307762
3.060763
3.034091
3.118966
3.328597
2.848506
2.971466
3.114508
3.171570
3.163065
3.052534
3.253015
3.163492
3.082860
3.212006
3.293789
3.102900
3.203658
3.075380
3.063353
3.236149
3.163124
3.307331
3.092822
3.085381
3.138404
2.905895
3.183740
3.140086
3.051014
3.172768
3.135349
3.174871
3.200037
3.235757
2.918939
2.975894
3.415457
3.132769
3.162537
3.095833
3.080901
3.118484
3.015716
2.991063
2.858871
3.188152
2.995726
3.105460
3.344489
3.082669
3.191764
3.149292
3.218207
2.996736
2.983671
2.994826
3.052724
3.243561
2.776984
3.014218
2.951543
3.128067
3.072177
3.059983
2.840467
3.240749
3.235207
3.200072
2.970007
3.026439
3.116080
3.321479
3.191868
2.996631
3.195461
3.153694
3.129980
3.082542
3.018094
2.927951
3.003428
2.904590
3.021696
3.126679
3.228677
3.014218
3.085867
3.043299
2.888254
3.327955
3.119460
3.137902
3.113337
3.165821
3.134233
3.027527
3.064843
3.105576
3.083241
3.071381
3.160061
2.898383
3.187346
3.061675
2.971497
2.913571
3.318424
3.288555
3.004445
3.009411
3.413282
3.192969
3.058892
3.093056
3.166867
3.137535
2.941806
3.009100
3.061718
2.814740
3.027420
3.225110
2.941864
3.373201
3.099549
3.304338
3.119569
3.093471
2.836839
3.142319
3.014988
2.963109
3.172639
3.126976
3.258750
3.132721
3.015791
2.948134
3.294645
3.262107
3.396420
3.099684
2.952746
3.120030
3.297514
3.206453
3.105161
3.171717
3.142845
3.087134
2.990037
2.872744
3.284998
3.201572
3.208505
3.254187
3.073457
3.258861
3.201427
2.986291
2.971435
3.251605
2.711795
3.035247
2.965409
3.165244
2.919903
2.984586
3.267939
3.013877
2.857216
3.048217
3.386725
3.179364
3.267435
2.866379
3.225137
2.735860
3.332584
3.010756
3.062028
3.018250
3.281211
3.111401
3.095481
3.028838
3.166867
3.039661
3.234813
2.864804
3.118878
3.149844
2.925629
3.214312
3.216507
3.285942
2.882410
3.125890
2.943940
3.016614
2.897785
3.334446
2.879863
3.184029
3.154469
3.167724
3.233438
3.121142
2.960059
3.180501
3.247363
3.115755
3.185063
2.913652
3.078260
3.246533
3.039707
2.867812
3.145041
3.101157
3.230625
3.106270
3.032187
3.006647
2.919873
3.164775
2.795896
2.888424
3.170953
3.254497
3.144598
2.929478
3.024828
2.862837
2.994347
3.182428
3.077022
2.992898
2.941830
3.273357
2.992043
3.140851
3.212471
3.004437
3.184692
3.006798
3.276461
3.120620
2.971105
2.882830
2.995394
3.192542
3.347687
3.107139
3.137708
3.106380
3.172643
3.052856
3.070353
3.273440
3.045444
3.254908
3.358186
2.849729
3.100214
3.081603
2.993181
2.987771
2.991527
3.069809
3.221161
3.198173
2.876449
3.202752
3.020517
3.272868
2.798573
3.038849
2.933047
2.956904
3.052073
3.205631
3.304961
3.185595
3.085674
3.211352
2.915039
3.258246
3.221923
2.998506
3.132038
3.087926
3.352736
2.923210
3.211036
3.138513
3.077776
3.038559
2.994640
3.201761
3.316597
2.996546
3.032458
3.290918
3.093013
3.289659
2.935564
3.228062
3.029719
2.852265
3.008637
3.152660
3.033950
3.299965
3.429366
3.081423
3.249592
2.901087
3.008756
2.989330
2.868681
3.355210
3.046606
3.284605
3.033041
3.042617
3.191141
3.176635
3.016480
3.061291
3.088328
3.062206
2.914797
2.868957
3.093810
3.277072
3.268399
3.176808
3.028155
3.231788
3.148679
3.102679
3.036766
2.893500
3.106994
3.107579
3.252904
2.947613
2.984163
3.071015
3.051669
3.149980
3.079941
3.081888
3.301545
2.971625
3.198305
3.064433
3.271183
2.929161
3.023640
3.338784
2.896630
3.158181
2.971490
3.038985
3.251753
3.112784
2.879029
3.301637
3.054249
3.169961
2.888580
3.358858
2.802912
2.952822
2.984576
3.000171
3.224105
2.984213
3.281309
3.107031
3.139746
2.969263
2.927583
3.149611
3.261195
3.258093
3.217294
3.141359
3.127886
3.266663
3.039261
3.132401
2.808621
3.145339
3.115237
3.122280
3.127570
2.789175
3.115079
3.278425
2.977910
2.952680
3.142296
2.994155
3.008078
2.931017
3.274653
3.209757
2.940181
3.214880
2.923805
3.358476
3.067842
3.048898
2.961886
2.776494
3.074802
3.399505
3.145264
3.150454
3.202792
3.190635
3.137384
3.173854
3.083678
3.069630
3.334367
3.132507
3.281409
2.903504
3.033640
3.342625
3.100280
2.933720
3.098489
3.099938
3.259280
3.048748
3.100441
3.092977
3.019764
2.948578
3.321187
3.308564
3.148103
3.045797
3.004953
3.097235
3.123914
3.131246
3.201790
3.043309
3.153822
3.172245
3.126477
3.103531
2.938562
3.325096
3.050775
2.998297
3.259242
3.043145
2.938556
3.295317
2.892970
2.964352
3.096199
3.316813
3.124125
2.999391
2.925647
2.926822
3.099400
3.175043
3.186541
3.336102
3.219923
2.775809
2.957320
3.200036
3.107452
3.147923
3.019894
3.185386
3.303348
3.098909
2.896760
3.035673
3.138176
2.957980
3.058852
3.182842
3.307071
3.199527
3.246440
3.022006
3.140716
3.317605
3.160052
3.102885
3.016248
3.054861
3.062162
3.407675
3.292848
3.180292
3.301501
3.077297
3.287254
2.998858
2.945188
3.154843
3.259020
3.261910
2.914430
3.396557
2.860890
3.225679
3.145982
3.034484
2.942858
3.073971
3.159496
2.935138
3.075862
3.227092
3.151534
3.056968
3.254374
3.188981
2.735047
3.200542
3.034652
3.122954
3.095158
2.917568
2.896446
3.238260
3.206118
3.067741
3.239571
3.154316
3.389031
3.001516
3.017196
3.080936
2.873309
3.142631
2.841705
3.051625
2.699856
3.177574
3.082663
2.839216
3.194281
3.231642
3.222594
3.056983
3.003347
3.123483
3.399175
3.086689
3.003473
2.859393
3.044144
2.782135
3.225080
3.174053
3.220116
3.160857
3.336732
2.911696
3.107106
3.246387
3.318247
3.219477
3.030393
3.109368
3.039433
3.222403
3.300346
2.970166
3.275275
3.045638
3.029296
3.121173
3.301454
3.059198
2.963232
3.254174
3.147439
3.238312
3.422898
3.216441
3.165628
3.113448
3.021324
3.154231
3.006751
3.098189
3.173741
3.194263
2.965329
3.244808
2.954108
2.895046
2.896129
3.055817
3.029133
3.053733
2.992678
3.037066
3.380563
3.299249
3.123628
3.078347
3.119806
3.048753
3.162202
3.122616
2.994354
3.187027
3.090777
3.279339
3.080688
3.277271
3.080966
3.008124
3.351927
3.201089
3.200336
2.905849
3.033853
2.988487
3.160981
2.963920
2.961874
3.075649
3.017933
3.113219
3.088667
3.269550
3.236145
3.018523
3.058419
2.930435
3.126470
2.813128
3.043193
3.111026
3.278750
2.865229
3.080496
3.079475
3.460593
3.058662
2.913399
3.111035
2.818997
3.029582
3.183541
3.164616
3.366196
3.046352
3.018962
3.057724
3.366134
3.156719
3.066774
3.077428
3.090069
3.117038
3.050245
2.863168
3.114954
3.327339
3.096644
3.008772
2.896414
3.102536
2.961180
3.289897
3.007245
3.199093
3.153090
3.158413
3.258622
3.007582
3.286278
3.095476
3.007581
3.137482
3.215868
2.979039
3.286563
3.173886
3.209650
3.133867
3.252486
3.221138
2.981604
3.200662
3.227567
2.984353
3.119900
3.105033
3.102272
3.211158
3.119524
3.179482
3.317379
2.981626
3.120537
3.136452
3.239140
2.989187
3.180856
2.836310
3.166288
3.073530
3.335740
3.211894
3.261912
3.157875
3.140399
2.647295
3.008916
3.162799
3.121084
2.957100
2.967349
3.422499
3.053890
3.133090
3.063903
3.040350
2.901616
3.068400
2.921168
2.812878
2.922081
3.225799
2.917135
3.244822
3.179918
3.076383
2.917001
3.033017
2.793684
3.262469
2.983914
3.175615
3.460721
3.153092
3.079750
3.274661
3.095933
3.289748
3.087402
3.038668
3.091015
3.052918
3.060222
3.361008
3.409079
2.974410
3.313664
3.113161
3.164572
3.139445
2.891018
2.967997
3.267554
3.226714
3.137533
3.158273
3.135960
2.979507
2.842477
3.148425
3.179909
3.063194
3.163793
3.484782
3.172936
3.288166
3.124465
3.157304
3.046834
3.198716
3.329805
3.027722
3.143854
2.672851
3.113041
3.038556
2.959071
3.189976
3.259133
3.144059
3.203195
3.094750
3.311974
2.898645
2.991820
2.816263
3.079631
3.190369
3.132256
3.125662
3.260955
3.034861
2.947060
2.986035
3.382555
3.105746
2.917598
3.275794
3.065897
3.149472
3.121451
3.230458
2.941169
2.971030
3.488191
3.306537
3.010009
3.068386
3.106598
3.283051
3.058048
3.162854
3.148889
3.013102
3.071843
3.013232
3.183713
3.248756
3.179711
2.863747
3.163884
3.173501
3.333285
3.284068
3.236502
3.267918
3.293683
3.157338
3.105514
3.068479
3.296647
3.309310
3.357444
2.981719
3.089331
3.092055
3.291011
2.924410
2.906596
3.033340
3.467604
3.264984
3.190631
3.016104
2.710143
3.373837
3.190197
3.130978
2.905573
3.154021
3.159588
3.100050
3.141820
3.103602
3.149914
3.204515
3.175718
2.975519
2.946884
3.320913
2.979880
3.099975
2.961291
3.271506
3.081753
3.305391
3.128831
3.185235
3.377713
3.065543
3.390220
3.310644
2.956268
3.318354
3.309205
3.259384
3.300744
3.187437
2.774833
3.180305
3.149965
2.765286
3.053694
3.057149
2.831326
3.036152
3.304601
2.880441
3.124536
3.352918
3.150435
3.222415
3.210054
3.118269
3.096857
2.884553
3.118625
3.375613
2.922788
3.155860
3.407229
2.930361
3.256314
3.384398
2.977055
3.264343
3.210514
2.858928
3.000645
3.354310
2.993216
3.241987
3.297021
3.021367
2.986211
3.295768
2.766494
3.196007
3.043693
3.228824
3.063855
3.146782
3.098108
3.151225
3.070211
3.102859
3.201258
3.238182
3.172473
3.142433
2.902714
3.066043
3.171346
3.089787
3.165644
3.224411
3.242865
3.153179
3.320870
3.354858
3.032889
3.200226
3.254359
3.203820
2.766315
3.207425
3.131947
2.998501
3.045863
3.168835
3.001883
3.445856
3.061402
3.085183
3.156285
2.977184
2.799117
3.093291
3.260238
3.138468
3.145035
3.282275
3.131852
2.999035
3.232592
2.991292
3.228334
3.264168
3.012485
2.913857
2.912774
3.031052
2.973030
3.287158
3.083917
3.287773
3.030973
3.197317
3.224519
3.131992
3.282814
2.986166
3.103495
3.031976
3.110107
3.175524
3.416857
3.007492
3.244426
3.181520
3.033752
3.134729
3.535634
2.887694
3.250106
3.290695
3.247612
3.045913
3.099467
3.096992
3.381811
3.229202
3.237013
3.286051
3.068636
3.260579
3.135094
3.056363
3.021519
3.241342
2.866629
3.197175
3.118372
3.139703
3.029950
3.254008
3.220062
3.227732
3.142603
3.045276
2.724427
3.126344
3.151009
3.039782
3.004338
3.046243
3.163229
3.306486
3.175257
3.325846
3.109171
2.980451
3.364454
3.224147
3.269607
3.116980
3.079364
3.086816
3.295080
2.967469
2.905677
3.074603
3.158752
3.005445
3.323471
3.150558
3.034374
3.262705
3.244405
3.064551
3.401373
3.045865
3.268306
3.077150
3.302307
3.255946
3.191375
3.169004
3.247887
2.881393
3.111589
3.093699
3.244647
3.173800
3.262475
3.084210
3.033982
3.131106
3.186321
2.933052
3.171698
3.156917
3.114158
2.873413
3.074644
3.187245
3.215187
3.111505
3.236134
3.255097
3.226730
3.048819
2.875423
2.888836
3.004711
3.092808
3.282872
3.161430
2.882104
2.876151
3.317365
2.939947
3.141635
3.299814
3.186936
2.882143
3.439705
3.198436
3.055190
3.123820
3.088112
2.988742
3.103987
2.927202
2.907543
2.826029
3.162075
3.290351
2.908078
3.025817
3.262121
3.221254
3.254108
2.898908
2.975450
3.137988
3.034960
3.130237
3.073776
3.285688
3.137511
3.138700
3.149538
3.145684
3.221976
3.112940
3.289265
2.950131
3.009504
2.997151
3.206000
3.196616
3.311995
3.167713
3.377433
2.967512
3.004650
3.233139
3.525914
3.161779
3.018240
3.302179
3.317716
3.155913
3.078181
2.940903
3.058205
3.290278
2.992025
3.193068
3.097470
3.045518
3.302597
3.421765
2.909659
3.091160
3.285119
3.140947
2.874208
3.245861
3.042159
3.529042
2.983593
3.096949
2.960657
3.252455
3.002911
3.101101
3.183796
3.363080
3.393871
3.223359
3.412713
3.037837
3.252331
3.103836
3.032688
3.204977
3.239724
3.123221
3.141780
2.941566
3.234045
3.173280
3.101974
3.149558
3.330170
3.077894
3.362033
2.993427
3.242758
3.017580
2.977169
3.109401
3.069172
3.176454
3.105517
3.128348
3.292868
2.909230
2.884695
3.121511
3.213445
3.189149
3.137752
3.192083
2.971890
3.105568
2.993353
3.256799
3.154405
3.392109
2.884975
3.074094
3.136149
3.131962
3.170944
3.235592
3.077184
3.142012
3.148428
3.180378
2.839946
3.158721
2.997489
2.850705
3.237289
3.095546
3.004738
3.368587
3.168152
2.773012
3.283570
3.157511
3.279627
3.019071
3.018775
3.316767
3.320734
3.088189
3.099121
3.033113
3.048312
3.079414
3.003826
3.032467
3.155505
2.868289
3.297130
3.067096
2.982070
3.279946
2.988063
3.298113
3.235743
3.118565
3.165690
3.320549
3.036186
2.818431
3.163753
3.033411
3.144777
3.205799
3.002090
3.170205
3.195769
3.154032
3.070631
2.995078
3.154655
3.126954
3.204653
3.083465
3.047020
3.202919
3.094439
3.410364
3.080752
3.222895
2.865398
3.254247
3.284578
3.068526
3.150958
3.297920
2.943626
3.417188
3.038049
3.165619
3.217371
3.274148
2.827229
3.158665
2.790444
3.515659
3.235642
3.162760
3.265770
3.092308
3.179908
3.143016
3.148948
3.314900
2.957802
3.070505
3.099724
3.284325
3.340335
3.148974
3.048265
3.172720
3.169186
2.959132
2.848412
3.236034
3.177571
3.226677
3.081117
3.068666
3.298333
3.110892
2.916885
3.073808
2.665345
3.152850
3.096771
3.117077
3.206784
2.959678
3.220854
3.322437
3.361520
2.998967
3.113952
2.998124
3.115685
3.325110
3.130420
3.302927
3.350518
3.244303
3.057163
3.113814
3.304203
3.071745
3.217697
3.112579
2.890202
3.236270
3.149398
3.106843
3.216944
3.128866
2.963454
3.013106
3.264193
3.277947
3.016425
3.158428
3.148493
3.443829
3.121109
3.035817
2.940003
2.995762
3.316279
3.260098
2.996072
3.204030
3.129755
3.166523
3.048604
3.119134
3.195913
3.290973
2.842990
3.003216
3.041212
3.208285
3.104622
3.191737
3.070032
3.231154
3.276496
3.037026
3.071744
2.959652
3.177749
2.980260
2.944300
3.076234
2.902951
3.312586
3.307053
3.348984
3.138453
3.105673
2.857998
2.979419
3.370656
2.975508
2.978266
3.109376
3.053345
3.267105
3.014272
3.096003
3.202523
3.133343
3.171275
2.965551
2.951304
3.150484
3.184521
3.037727
3.241495
3.133303
3.214058
3.110235
2.889107
2.894692
3.206908
3.118893
2.772297
3.129814
2.865572
3.166713
3.130621
3.245559
3.182316
3.036028
3.078789
3.200985
3.140454
3.245238
3.211121
3.236098
3.046895
3.011883
3.020353
3.383810
3.204298
2.921905
3.300155
3.301812
2.774113
2.889376
3.052727
3.086004
2.996171
3.105052
3.195729
3.300163
3.044292
3.141849
2.745356
2.925770
3.381617
3.297782
3.033881
3.095899
2.933437
3.020565
3.242138
3.079033
3.005702
3.039981
3.185066
3.322862
3.197224
3.141190
3.249076
3.274584
3.082781
2.854912
2.983557
3.298330
3.094008
3.000351
2.982504
3.081232
3.222347
3.045690
3.140052
3.240682
2.904574
3.120197
3.244782
3.338510
3.241736
3.032910
3.197744
3.140037
3.123261
3.064429
3.102434
3.278222
3.034717
3.285621
3.155833
3.368272
3.328478
2.676084
3.036351
3.086144
3.241776
3.262136
2.948960
3.196437
3.113607
3.191698
3.192877
2.992483
3.279417
3.016236
2.873442
3.349493
3.072245
2.965981
2.936042
3.236154
3.104000
3.209882
3.078782
3.331478
2.776858
3.306860
3.185600
3.090536
3.206712
3.162140
3.317976
3.038190
3.145599
2.999791
3.031275
3.099754
3.110344
3.146497
3.154564
3.511333
2.886247
2.839483
2.951589
3.044616
3.141600
3.102682
3.065975
3.113472
2.944098
3.118228
3.106552
3.113158
3.240823
3.200946
3.082104
3.096015
3.183058
2.953597
2.865502
3.047424
3.286759
2.893077
3.192607
2.948781
3.059788
3.103197
3.273055
3.232481
3.088664
2.768677
3.021223
3.006580
3.013690
3.312364
2.777122
3.357903
2.931697
3.097989
3.057421
3.225239
3.178615
3.160700
3.013945
2.951851
2.999341
3.155662
3.150307
3.037829
3.118388
3.223340
3.081605
2.945858
3.089726
3.154331
3.248481
3.108087
3.084268
3.095357
3.017336
3.001134
2.994692
3.099265
3.084385
3.220757
3.065594
3.248687
3.169086
3.165202
3.080180
2.993736
3.141736
3.160876
3.107532
3.106476
3.272371
3.312886
3.092582
3.278224
3.103438
3.050307
3.137146
2.979735
3.228772
3.002028
3.357641
2.865302
3.115428
3.147773
2.980448
3.228927
3.289622
3.272907
2.942431
3.053922
3.032382
3.212604
2.902334
3.166549
3.154031
3.122186
3.074756
3.321628
2.880018
3.106049
3.147305
3.044431
2.882502
3.127026
3.065790
3.216528
2.885294
2.975239
3.162052
2.903371
3.248427
3.095253
3.236742
3.040822
3.129992
3.157904
3.249959
2.903768
3.347507
3.051777
3.449401
3.043478
2.895048
3.145360
3.024995
3.349882
3.111099
3.177274
3.069261
3.008025
3.001785
3.014137
3.089859
3.106768
3.177681
3.168610
3.086598
2.910901
3.177419
3.244769
2.871903
3.151412
2.963343
3.146458
3.132792
3.268000
3.307869
3.177170
3.093762
3.315889
3.201166
3.037634
3.034637
3.154287
3.251915
2.945515
3.050018
3.398296
3.032963
3.069930
2.725376
3.146920
3.192248
2.824943
3.070687
2.997790
3.262074
3.111693
3.121892
3.306960
3.120816
2.979550
2.970227
3.322577
3.084630
3.153840
3.074256
3.109298
3.095528
3.230913
2.745540
3.236983
3.078359
2.932353
3.000695
3.090193
3.362608
2.963976
3.011718
3.063288
3.142166
3.236702
3.293980
2.993135
2.935167
3.017958
3.028741
2.999996
3.180575
3.056713
2.953294
3.236951
2.770814
3.158940
3.083238
3.193798
2.934418
3.229990
3.324657
3.121696
3.106725
3.419086
3.164592
3.305610
3.093656
3.183574
2.996119
3.345563
3.009310
3.089142
3.078463
3.285310
2.774365
3.154324
3.108782
2.898354
3.096523
3.079428
3.163548
3.075809
3.247056
3.045032
2.970329
3.129952
3.020179
3.342384
2.867180
3.278574
2.845510
2.997340
3.277163
3.102423
3.361493
2.827854
3.369745
3.000827
3.192114
3.153041
3.160617
2.881081
3.177456
3.070914
2.938973
3.027630
3.049117
2.997082
3.075092
2.977255
2.872633
3.357432
3.064836
3.010472
2.953711
3.032846
3.227650
3.174740
3.068536
3.142701
3.119832
3.157356
3.055023
3.129159
2.998841
3.306016
3.154882
2.988887
3.556617
3.153274
3.230791
2.986665
3.155242
2.840466
3.261951
2.936427
3.347017
3.135485
2.945996
3.032615
3.036787
3.381660
3.121332
3.112608
3.199704
3.222743
3.076748
3.188034
3.139660
2.916383
2.890239
2.984578
3.141786
3.208349
3.344181
2.882840
3.113293
3.111699
3.074450
3.219694
2.974436
3.098548
3.220203
3.113095
2.982002
3.316835
2.814249
3.051514
3.301991
3.158276
3.091933
2.983908
3.101345
3.055723
2.863226
3.132034
3.136987
2.966854
3.066023
3.263525
3.114361
3.095568
3.022767
2.981041
3.144635
3.150372
3.321449
3.072162
2.907368
2.896183
3.339739
2.715834
3.264488
3.112466
3.198698
3.036325
3.182213
3.023261
3.336028
3.048995
3.376573
2.806084
3.035140
3.412011
3.111842
2.975851
3.129168
3.290018
3.220213
3.142315
3.039666
2.801412
3.335635
2.985533
2.850078
3.118864
3.053099
3.091436
3.158653
3.309396
3.130192
3.183648
2.993167
2.917658
3.097144
3.019889
2.809140
3.011581
3.122314
3.463909
3.332742
2.764003
3.152321
2.983674
3.120673
3.205992
3.079129
3.120929
2.820134
3.227708
3.238719
3.050018
3.054614
3.132321
2.880517
2.987708
3.406742
3.275282
3.171928
3.283504
3.226079
3.107521
3.238157
3.175505
2.875588
3.132038
3.147032
3.227581
3.012296
3.132053
3.169883
3.242607
2.927424
3.223764
3.242560
3.106810
2.749501
2.966613
3.260022
3.178287
2.885578
2.796578
3.243790
3.179597
3.056840
3.301643
3.121388
3.047898
3.271522
3.283570
3.018310
3.173356
3.128971
3.003165
3.138049
2.816538
3.029661
3.118546
3.047032
3.060382
3.181646
3.005137
3.204427
3.031904
3.228387
3.128894
3.029605
3.076175
3.098699
3.004717
3.431688
3.229686
3.065355
3.240278
3.100686
3.069895
3.372299
3.263268
3.032496
3.130681
2.953626
2.994777
3.169207
2.995140
2.989354
2.930971
3.242401
3.050871
3.170351
3.266872
3.124834
3.216397
3.220010
2.984085
3.267188
2.942935
3.126934
3.103676
3.283975
2.928706
3.051180
3.291062
3.008078
3.175963
2.956299
3.363497
3.082333
3.358528
3.094986
3.327143
3.021078
3.125507
3.129558
3.223160
2.911237
2.899983
3.179649
2.765548
3.177058
2.895145
3.121551
3.234432
3.103310
3.406372
2.901374
3.072969
3.046045
3.280937
2.928692
3.204352
2.892911
3.247769
2.949774
3.253437
2.942561
2.931084
3.109206
3.342827
3.014616
3.176432
2.942352
2.898029
3.158700
3.154460
3.049377
3.211956
2.753995
3.206389
3.117080
3.224580
3.220459
3.076492
3.337655
3.139024
3.102438
2.998567
3.140380
2.953196
3.272658
3.326458
3.017803
3.358874
3.138864
3.194830
2.955272
3.097995
2.724735
3.082835
3.093983
3.389962
3.098326
3.098307
3.031554
2.948504
3.075055
3.198987
3.113924
2.984494
3.212560
3.242707
3.111964
3.082029
3.077230
3.130278
3.261709
3.056925
3.183163
3.055008
3.042124
3.249761
3.235117
3.234826
3.098999
3.039205
3.008641
2.672604
3.018843
3.129892
3.276181
3.296229
3.154786
3.074537
2.955097
3.006785
2.994727
3.167182
3.153389
3.311965
3.035547
2.871495
2.944115
3.260015
3.182638
2.949738
3.001779
3.271866
2.951771
3.076324
3.178050
3.049055
3.265594
3.140294
2.992749
3.305225
3.386258
3.041439
2.913401
3.064757
3.156032
3.398135
3.274686
2.910791
3.148420
3.273978
3.031799
3.053537
3.158996
3.159626
3.107018
3.212849
3.067222
3.003551
3.173513
2.969949
3.164264
3.206519
3.238905
3.087512
3.107508
3.184602
3.086293
3.057377
2.973588
3.358815
3.224451
3.048915
2.918191
3.166459
3.035645
3.123992
3.225158
3.016076
3.241775
3.076320
3.253983
2.891787
3.126871
3.131945
3.232393
2.862573
3.129078
3.055240
3.027066
3.092447
3.004224
3.111589
3.179138
3.415285
3.010059
2.939737
3.322342
2.987653
3.365733
3.181964
2.897635
3.489649
3.186834
3.321583
3.150964
2.891451
3.345748
3.055034
2.799362
3.020743
3.030811
3.113106
3.062297
3.084726
3.262450
2.914850
3.139224
2.891358
3.175475
3.273756
3.293642
3.380636
2.910563
2.945109
2.982704
3.224761
3.237052
3.316352
3.257409
3.353139
3.117680
3.062144
2.998509
3.139003
2.899244
3.465784
3.185497
3.209809
3.298183
3.099875
3.080928
3.110994
3.191112
3.067836
2.953180
3.021226
2.892623
3.053808
3.296898
3.215634
3.147869
3.154454
3.294933
2.966695
3.108810
3.093117
3.270360
3.232001
3.121459
2.751933
2.905088
3.192438
3.139345
3.050984
3.309910
2.986452
3.104024
2.923916
3.090254
3.199038
3.275417
3.093282
3.027562
3.310109
3.324088
3.059697
3.065926
2.821413
3.120973
3.241952
2.981754
3.018118
2.875519
3.073413
3.344653
2.926860
3.052878
3.254719
3.224255
2.783055
2.946011
2.971065
3.142838
2.950394
3.157240
3.100867
2.869022
2.974454
3.358063
2.923356
3.196115
3.081965
3.140849
3.155206
3.042384
3.118901
3.118922
3.140750
3.183845
3.201413
3.051057
3.431009
3.042355
3.060555
3.249906
3.165873
3.063367
3.052434
2.944291
2.875691
2.943920
3.218894
3.260038
3.061827
3.192137
3.170142
3.158879
3.164442
3.096735
3.291416
3.217227
3.214238
3.131088
3.051381
3.288419
3.170283
2.775770
3.038186
3.147186
3.211068
3.096598
3.057590
2.887740
2.851836
2.829222
3.304891
3.317640
3.024765
3.095868
3.162974
3.215724
3.256769
2.649333
3.200778
3.188081
3.106767
3.227874
3.298958
2.916799
3.083448
3.145382
3.137826
3.072370
3.196082
3.353211
3.216858
3.099477
3.082364
3.308290
3.260610
3.324666
3.270589
3.094968
3.029287
3.255090
3.257341
3.080948
3.141996
3.471657
2.984071
3.138126
3.147696
3.120242
3.214424
3.033153
3.077406
3.118135
3.242804
3.177271
3.366794
3.122256
3.159630
3.152106
3.046027
3.022696
3.155244
2.990443
3.226526
3.187680
3.180535
3.073065
3.431664
3.361951
2.863062
3.256459
3.034360
3.067633
2.960196
3.165740
3.068686
3.164528
3.209242
3.025598
3.264640
3.040176
3.024671
2.921665
2.999817
2.725797
3.190328
3.162559
3.243381
2.870020
3.038412
2.842619
3.141419
3.071598
3.171846
3.218896
2.943917
3.379343
3.084106
3.117347
3.153638
3.136497
3.129888
3.345612
3.112634
3.358166
3.236760
3.167275
3.241686
3.040977
3.332571
3.141676
2.942199
3.385934
3.061178
2.868561
3.316273
3.165691
3.090603
3.201861
3.018114
3.161313
3.214025
3.302130
2.889999
3.202740
3.278231
3.043181
3.220330
3.016373
3.044658
3.268628
2.891659
3.207297
2.947422
3.470323
3.241419
2.974157
3.248138
3.093849
3.014508
3.136460
3.349598
3.089458
3.102059
3.202357
3.074253
3.103556
3.071110
3.114311
3.063238
3.021210
3.037455
3.107118
3.061287
2.835330
3.126204
3.311469
3.102781
3.169780
3.040025
3.336160
3.127480
3.089978
2.877618
3.034866
2.796645
3.310896
3.175904
3.148877
2.969776
3.094983
3.221447
3.200222
3.059316
2.997989
2.973933
2.890513
3.033929
3.163284
3.137605
3.041697
3.224022
2.999973
3.167719
3.004747
3.225736
3.321846
3.188451
3.136000
3.221855
3.328343
3.106948
2.999873
3.112858
3.339467
2.938912
3.044732
3.307032
3.068921
2.877785
3.177407
3.163226
3.206044
3.192620
3.074684
3.246118
2.987212
3.091302
3.302287
3.294916
3.293030
2.818829
3.049512
3.110193
3.030031
2.993180
3.265306
3.079732
3.071273
3.297520
3.100067
2.993037
3.112775
2.809652
3.362238
3.223424
3.159153
3.160539
3.531114
3.321977
3.217970
2.975987
3.058921
2.944371
3.016159
3.079094
2.852712
3.226752
3.254963
3.072541
2.946286
3.049893
2.804315
2.862033
2.911102
3.202599
2.965427
3.168251
3.145161
3.192382
2.821617
3.141737
3.228086
3.126784
3.196040
3.061447
2.938410
3.274254
3.030586
3.176831
3.216863
3.038030
3.163092
3.021711
2.959394
3.064042
3.064770
3.288797
3.126078
2.954507
2.999742
3.309969
2.998102
3.181804
2.936706
2.983329
3.300290
2.736396
3.411327
3.352964
3.159783
3.148085
3.130411
3.239772
2.975286
3.034472
2.969082
3.030535
3.023267
3.081977
3.204467
2.794895
3.001430
3.220795
3.060031
3.129263
3.175139
3.228237
3.119372
3.251983
2.992068
3.134077
2.987804
3.093760
2.905101
3.271862
3.213317
3.096170
2.980048
3.363742
3.204726
3.498831
3.220399
3.246252
3.410131
3.087659
3.197195
3.173901
3.030464
2.964433
3.073915
3.199468
3.073017
3.021183
3.049830
3.187781
3.105753
2.988291
2.932430
2.948705
3.347613
2.979118
3.104366
3.120964
3.067283
3.167659
3.157141
2.852159
3.050703
3.302163
3.061655
3.543188
2.977090
3.150229
3.064861
3.242733
2.994991
3.114787
2.999455
3.259250
3.091726
3.108185
3.010206
2.897285
2.927857
3.134592
3.065435
3.289710
3.299274
3.102171
3.150321
3.058567
3.353241
3.145646
2.952492
3.079608
3.166821
3.245410
2.991907
3.006934
2.979341
3.131129
3.184322
3.075417
3.134260
3.310361
3.224356
3.198519
3.216319
3.257050
2.666184
3.213027
3.325565
3.065799
3.020129
3.091669
3.207291
3.056378
3.076031
3.196732
3.255096
3.173154
2.893424
2.906039
3.085639
3.287090
3.073272
3.177917
3.105854
3.280442
3.031540
3.121372
2.983123
3.233639
2.967493
3.413301
3.291958
3.074676
3.368736
3.020310
2.952794
3.403784
3.102476
3.194805
3.060398
3.096794
3.095145
3.003063
3.056892
2.964785
3.040799
3.194054
3.240358
3.009885
3.141280
3.283153
3.163408
3.079972
2.991291
2.976177
3.114862
3.121025
3.159098
3.043275
3.187324
3.134638
3.061035
3.178340
3.349046
3.009121
3.159911
3.162132
3.148840
3.093912
3.161079
2.866601
3.043911
3.144892
3.272957
3.084563
3.069681
3.122799
2.853398
3.014312
3.051660
3.063891
3.138758
3.149014
3.191467
3.208453
3.082426
3.064655
2.960460
3.168938
3.088149
3.194759
3.132078
3.197524
3.175074
3.073662
2.828697
3.045557
3.272987
3.040398
3.380918
3.149512
3.308516
2.979144
3.237424
3.114437
2.875370
3.098806
3.144753
2.962791
3.008159
3.228558
3.251200
3.060181
2.915003
3.164051
3.083250
3.209428
2.917661
3.011656
3.252262
3.370740
3.245025
3.096037
3.147065
3.229556
3.092819
3.112414
2.875762
3.132062
3.108736
3.191829
3.263150
3.087586
2.959924
3.337303
3.095769
3.258452
3.079995
3.104318
3.264321
2.861192
2.962396
2.942474
3.167853
3.206486
3.001884
3.246389
3.202470
3.258528
3.012679
2.858782
3.041168
3.229367
3.250072
3.081125
2.864532
2.973592
2.992063
3.241757
3.107824
3.015515
3.127912
3.030987
3.099491
3.240851
3.256597
2.918090
3.043179
2.906895
3.215549
3.327974
3.104682
3.098791
3.258453
3.200988
2.828484
3.085551
3.285630
2.615217
3.175542
3.290499
2.960060
3.099371
3.170554
3.183927
3.164403
2.944482
3.310179
3.043840
3.231497
3.083320
3.021142
3.341367
3.021059
2.817538
3.109667
3.076838
3.180577
3.189207
3.286331
3.266020
3.072629
3.033773
3.233118
3.053612
3.122132
3.003227
2.962099
3.216652
3.029682
3.083541
3.207944
3.132104
3.129659
3.380294
3.061422
3.219450
3.074807
3.185563
3.159381
3.187998
2.843754
2.948487
3.160523
3.223452
3.255462
3.128434
2.853643
3.130747
2.980519
3.144410
3.257201
3.301243
3.235760
3.013704
2.786766
3.273542
3.259635
3.074533
3.130826
3.128460
3.280456
3.209502
2.926450
2.802194
3.108709
2.969758
3.149358
3.014735
3.257132
3.118101
3.133208
3.034228
2.857854
3.185907
3.205000
3.266384
3.126146
3.344085
3.247370
3.320922
2.862097
3.236491
2.975965
3.264960
3.302381
3.012570
3.336792
3.088929
3.110768
3.163998
3.192798
3.167271
3.268261
3.102885
3.186253
3.101092
3.240291
3.150747
3.175049
3.114677
3.188045
3.307706
3.199017
2.903478
3.407742
2.961007
3.143713
2.990815
2.985386
2.932172
3.084804
3.159416
3.201407
3.160562
2.996781
3.080812
3.170577
3.305675
3.298813
3.080296
3.187286
3.103893
3.339522
3.104890
3.191782
3.113925
3.186764
2.885481
3.147680
3.012205
3.153391
3.034437
3.171466
3.106917
3.046559
3.039177
3.073086
3.273010
2.799909
3.144071
3.111030
3.089293
2.990604
3.130539
3.476449
2.950830
2.950214
3.207766
3.185799
2.965108
3.159411
2.918138
3.109310
2.935078
3.091007
3.004280
3.269741
2.976627
3.319684
3.223172
3.236282
3.343239
3.100057
2.985826
3.225708
3.178654
2.949862
3.032549
2.990202
3.143622
3.086983
3.137929
2.889831
3.012181
3.051839
3.282038
3.256674
2.875221
3.050257
3.216498
3.361018
3.127686
3.414949
3.134632
3.230039
2.890897
3.251899
3.224022
3.416374
2.952877
2.828976
3.007622
2.980485
2.999066
3.093248
2.968751
3.177800
3.004210
3.362425
3.177957
3.026777
2.952117
3.123265
3.121330
3.080618
2.967228
3.292267
3.116035
3.029386
3.291865
3.045847
3.323834
3.220366
3.205483
3.188805
3.028463
3.356256
3.166720
3.533955
3.036712
3.038253
3.019085
2.962752
3.308520
2.891814
2.783325
3.258532
2.924812
3.009234
3.099267
3.087772
3.078642
3.236531
3.310220
3.085277
3.253828
3.193701
3.255369
2.870267
3.328574
2.977467
3.004207
3.269042
3.126080
3.162902
3.182296
3.203430
3.350473
3.015151
2.897258
3.058441
3.084074
3.144881
2.998437
3.134620
2.978366
3.191861
3.096724
3.134489
3.232221
3.015655
3.148946
3.195736
2.860705
3.119991
3.055197
3.102753
3.205961
3.002717
3.427605
3.070041
3.248183
3.091270
3.202000
2.989697
3.176079
3.147594
3.096436
3.254389
2.809122
3.233897
3.215278
3.145300
3.096624
3.176305
3.296970
3.154141
3.217206
2.980384
3.010799
2.895939
3.267765
3.263792
2.906880
3.276116
3.310400
2.757183
3.141207
3.097443
3.072257
3.190084
3.064925
3.318866
3.141882
3.287594
3.059715
3.165067
3.105243
3.308900
3.236311
3.213558
3.242459
3.133079
2.929031
3.144285
3.266226
2.791516
3.214124
3.245251
2.905112
3.412421
3.290815
3.147587
3.109199
3.208224
3.270026
3.090870
3.107087
3.060428
3.097324
3.222675
3.117367
3.275431
3.118641
2.957275
2.889162
3.211075
3.326316
3.151090
3.180742
3.037248
3.156554
3.004501
3.086200
3.112627
3.168556
3.004718
3.049938
3.060840
3.266061
2.903805
3.050897
3.202918
3.119633
3.173744
2.800121
3.124362
2.947675
3.232625
3.022477
3.298388
2.863244
2.994346
3.288223
2.982263
3.081436
3.063266
2.975723
3.184460
3.227185
3.171575
3.153145
2.889893
3.237077
2.967547
3.110266
3.221375
3.285031
3.269423
3.045308
2.964621
3.142304
2.889439
2.953724
3.183984
2.910716
3.426205
3.158163
2.972038
3.346910
3.099068
3.106231
3.052498
3.133092
2.844323
3.128795
3.115455
3.048829
3.121354
3.205377
3.196527
3.073652
3.398102
3.138771
3.287515
3.271393
3.138039
3.150675
3.305704
2.923521
2.854498
3.240623
3.230129
3.260938
2.941695
3.186410
2.943556
3.105761
3.332376
3.174749
3.230154
3.120059
3.345004
3.042305
3.191299
3.159033
3.152585
2.973985
2.993729
3.105022
3.142931
3.367545
3.112812
3.205023
3.301968
2.856657
3.028732
3.125719
3.207832
3.158358
3.369266
3.163712
3.234413
3.106974
3.142057
3.036693
3.066164
3.230988
2.782189
3.142648
3.039992
3.132833
3.004129
2.915283
2.765732
3.132223
2.684382
3.220064
2.930655
3.278672
3.261356
2.997599
3.113201
3.119354
3.430916
3.057292
3.092328
3.158691
2.849914
2.922000
3.281071
3.193801
3.368489
3.042899
3.294957
3.085000
3.206020
3.085623
3.200219
3.172684
3.242458
3.127208
3.198967
3.182839
3.326741
2.831286
3.154178
2.942154
2.999611
2.905465
3.206454
3.120606
3.145069
2.945605
3.278590
3.137636
3.419059
3.075716
3.316102
3.100343
3.134910
3.127332
3.050060
3.016081
2.997708
3.226288
3.046160
2.823290
3.468793
3.175573
3.067219
3.397443
3.227931
3.065433
3.086983
3.118966
3.329201
3.073820
3.035445
3.121340
3.269128
3.188316
2.988461
3.035389
3.102200
2.979921
3.051545
3.191841
3.166368
3.133022
3.061124
3.223525
3.459290
3.074623
3.278440
3.172646
3.099760
3.136333
3.194604
3.120306
2.980524
2.938536
3.161676
3.281777
3.185656
3.056842
2.846543
3.069685
2.988448
2.912880
3.133907
3.062933
3.120405
3.125230
3.264884
3.309355
3.005220
3.148220
2.973525
3.001584
3.013089
2.910091
3.276793
3.250328
2.906852
3.152198
3.127449
3.355998
3.185145
3.146628
3.082197
3.061759
3.061014
2.906459
3.088634
3.091594
3.137615
2.984673
3.248795
3.095170
3.053579
3.003191
2.906761
3.064594
3.131934
3.088226
3.364083
3.339816
3.059157
3.054387
2.874673
3.171871
3.298247
3.017339
3.327624
2.996251
2.914160
3.106041
3.141504
3.183335
3.097661
3.090002
3.205755
3.310712
3.222260
3.131499
3.052360
2.922106
3.145525
2.906061
3.160998
2.996060
3.226170
3.082735
2.847096
3.053656
3.260758
3.252093
3.199296
3.242199
3.094423
3.080190
3.032698
3.198716
3.079739
3.175328
3.106150
3.114040
3.118837
3.277346
3.223683
3.084252
3.288400
3.084231
3.191635
2.971267
2.987870
3.074906
2.970748
2.605297
2.951987
3.249389
3.119595
2.977241
3.340502
3.212113
3.395116
2.944402
3.182358
3.069236
2.983958
3.015868
3.045485
2.932206
3.006314
3.282593
3.159118
3.011591
3.058649
2.899278
3.175359
3.028014
2.940326
3.085974
2.932956
3.271246
3.295257
3.154856
3.162135
2.864582
3.171776
3.256939
3.164730
3.141934
3.295011
2.974631
3.230534
3.176444
3.312401
2.903977
3.057014
3.210714
3.145607
2.898207
3.035579
3.215054
3.100303
3.119360
2.921810
2.943847
3.162512
3.059348
2.903800
3.014742
3.104796
3.120203
3.138307
3.063461
3.007516
2.970803
2.853733
3.127368
3.148091
3.233054
3.117175
3.117261
3.247158
2.995223
3.095177
3.197596
3.184502
2.967201
3.164639
3.235681
3.161971
3.044921
3.169485
3.180339
3.061963
3.026288
3.123109
3.328671
3.227146
3.232605
3.128073
3.149542
3.178807
2.994925
3.103701
3.297314
3.141874
2.886802
3.132128
3.094620
3.310058
3.331909
2.851426
3.155992
3.209536
3.095743
3.230290
2.965343
3.254352
2.851545
3.133263
3.124574
3.019435
3.090620
3.203345
2.931558
2.910995
3.199482
3.021382
2.877764
3.139126
3.236934
3.371358
2.894955
3.155934
3.121777
2.885800
3.192855
3.327900
3.009853
3.201172
3.241609
3.178609
3.172662
2.861714
3.230361
3.069476
3.074891
2.827583
3.161200
3.000354
3.292546
3.224454
3.109782
3.052437
3.209186
3.150968
2.961144
2.954876
3.034702
3.168577
3.320342
3.263714
3.286105
3.177807
3.329502
3.382827
3.300006
3.114932
3.210308
3.142476
3.102982
3.101283
2.976976
3.308653
3.184844
2.971916
2.779443
3.243130
3.128037
3.053004
3.285431
3.258112
2.912013
3.083086
3.034423
3.020683
3.335036
3.305511
3.101159
3.148064
3.433142
3.125762
2.585250
3.246494
2.805226
3.149590
3.211330
2.810316
2.879660
3.208899
3.023536
3.143362
3.129581
2.927607
3.108334
3.297583
3.084712
3.126285
2.985610
3.110934
3.112543
3.056797
3.008867
3.336931
3.092036
3.289680
3.222451
3.255285
3.088685
2.979610
3.254317
2.904547
3.192388
3.268571
3.219113
3.242836
2.855148
3.220948
3.100743
3.059471
3.403604
3.046127
2.905696
3.168731
3.043508
3.126068
3.283890
3.151751
3.038218
2.788423
3.253727
3.068547
3.268370
3.128180
2.911441
3.170951
3.279471
3.059759
3.280896
3.237800
3.362251
2.971626
3.279337
3.231820
3.077638
3.337589
3.100111
3.115458
2.953232
2.998766
3.071912
3.328552
2.970892
2.964610
3.210879
3.293979
3.131263
3.021854
3.185367
3.154471
3.140634
3.136785
3.065658
3.149795
3.267672
3.003525
3.162915
3.115267
3.013090
3.017545
3.343283
3.284797
3.306889
3.154385
3.251481
3.339998
3.185133
3.003667
3.520550
3.268415
3.005473
3.338175
3.113185
3.495859
3.254372
3.157430
2.867758
3.213498
3.012542
3.195520
3.122719
3.191877
3.164097
3.409373
3.136269
3.034062
2.876310
3.154263
3.000062
2.855129
3.083745
3.260314
3.267463
3.229347
3.299043
2.928566
2.849858
3.339522
3.192768
3.041535
3.004396
3.042193
3.225580
3.013693
3.101115
2.970571
3.291133
2.984362
2.783935
3.239713
3.028376
3.247405
3.330115
3.367362
3.255466
2.912206
3.131425
2.990337
3.222394
3.214495
3.174896
2.971920
3.143136
2.953921
3.214198
3.226303
3.153358
3.093705
3.164684
3.131054
3.304491
3.227420
3.209574
2.836999
3.039764
3.014791
2.729972
3.028928
3.326561
2.893570
3.143377
3.322844
3.115253
2.843003
3.089782
3.247421
2.855523
2.897287
3.170706
3.316693
3.218181
2.651577
3.128636
3.193564
3.097505
3.219092
3.177416
3.163876
3.150114
3.259942
3.299227
3.080788
3.210554
2.940547
3.233751
3.230767
2.888617
3.159969
3.191903
3.092296
3.074725
2.886697
3.285621
3.113478
2.994175
3.298725
3.104411
3.297717
3.253837
3.095127
3.008767
3.279096
3.196550
3.264677
2.949369
3.220411
3.298333
3.480447
3.150439
3.098651
2.796812
3.410860
3.022561
3.145239
2.712302
3.117679
3.236330
3.134489
3.238583
3.140936
3.314942
3.222709
3.099013
3.002088
3.093234
2.737186
3.173383
3.229968
2.972100
3.206365
2.946289
3.039298
2.925339
3.352177
3.370598
2.959378
3.004697
3.034928
3.095541
3.339593
3.128929
2.926116
3.014729
3.029826
3.052059
3.318163
3.226852
3.035874
3.094048
3.206999
3.294709
2.888488
3.145777
3.168693
3.052187
3.200133
3.138308
3.071855
3.154883
3.091587
3.069547
3.094624
2.765173
2.797526
3.113757
3.024255
3.083431
3.448626
3.048236
2.880101
3.200833
2.890189
2.984798
3.164028
3.246634
3.028990
3.078415
2.909066
3.250929
3.097834
3.030142
3.087477
2.943860
3.101251
3.132853
3.060379
3.129368
3.111074
3.006232
3.105688
3.202890
3.169123
2.842032
3.133293
3.126740
2.951974
3.020695
2.921310
3.405211
3.139209
3.130471
2.923360
3.149518
3.069053
3.076550
3.161747
2.912253
3.025324
3.200219
3.048975
2.855660
3.127496
3.210005
3.117919
3.211783
3.221555
3.187638
3.104210
3.161723
3.268694
3.122487
3.127066
3.256811
3.053395
3.457579
3.306347
3.195015
2.954326
3.030542
2.823346
2.950921
2.985000
3.189624
3.015532
3.286967
3.141859
3.070341
2.846282
3.131857
3.217744
3.276882
3.354583
3.035475
2.744001
3.193586
3.003356
3.030160
3.080214
3.044770
2.975223
3.073031
3.183046
2.951840
3.175288
3.063490
3.346926
2.920531
3.068210
3.036356
3.055623
3.240269
2.829477
2.958999
3.017636
2.974771
3.011463
3.304198
3.249735
3.073562
3.293217
3.103190
3.024148
3.187616
3.212253
3.068503
3.170726
3.108832
3.151013
3.056500
2.918413
2.943463
3.507690
3.127774
3.243269
3.103268
3.120738
3.180960
3.245168
3.101803
3.334262
3.118715
2.959774
2.921751
3.025033
3.184446
3.043243
2.960360
3.179131
2.837447
2.915428
3.018243
3.141840
2.994423
3.071173
2.929337
3.109625
3.199344
3.290955
3.129378
3.231184
3.197812
3.003698
3.107289
3.377500
3.139839
3.140273
3.034437
3.185070
3.190935
3.027011
3.175789
3.205436
3.261580
3.225476
3.190042
2.999580
2.896286
3.128194
3.102428
3.363786
3.142732
3.101575
2.794391
3.011211
3.238108
2.915059
3.346842
3.113874
2.941613
3.408026
3.210024
3.130174
3.244367
3.213671
3.081861
2.878318
3.190924
2.872784
3.299522
3.285911
3.171014
3.174058
3.054189
3.136126
2.873653
3.337211
2.985108
3.226441
3.246544
3.152139
3.247662
3.035075
2.909901
3.225800
3.462237
2.907021
2.976823
3.313261
2.908350
3.104740
3.081934
3.090836
3.152061
2.987923
3.179403
3.173658
3.138137
3.191964
3.196331
3.326229
3.034932
2.946217
2.969218
3.138119
2.945474
3.297922
3.201371
2.864241
3.247279
2.806485
3.161357
2.957223
3.155361
3.077628
3.238000
2.990287
2.932957
3.171123
3.259686
3.140490
3.484027
2.875974
3.164373
3.301938
3.208949
2.941471
2.944551
2.960702
3.147158
3.213025
3.022906
3.106269
2.865585
3.333433
3.397865
2.997176
3.274508
3.238682
3.222046
3.056998
3.208989
3.090894
3.232074
3.155767
3.164889
2.812154
2.958503
2.925683
3.000105
3.086120
3.183765
3.097688
2.972902
3.043222
3.109543
3.043664
2.997920
3.145547
3.003576
3.267129
3.210269
3.074123
3.202631
3.058917
3.113130
3.212040
3.135231
3.229668
3.027474
3.203775
3.096595
2.961674
3.175270
3.135406
3.202609
3.324089
3.095392
3.136222
2.895241
3.217539
3.154609
3.256152
3.129683
3.079012
3.026267
3.221339
3.320137
3.265472
3.481456
3.070167
3.244148
3.106500
2.931073
3.286174
3.087429
3.085736
2.838648
3.298122
3.119933
2.961598
2.786159
3.069994
3.092050
3.027903
3.042205
3.316595
2.787643
3.095197
2.955554
2.734751
2.892994
3.166912
3.443287
3.390217
3.116817
2.815895
3.074822
3.182970
3.241418
3.036771
3.194193
3.225999
3.188046
3.146433
3.124380
3.011410
3.179365
2.929260
3.255995
3.279360
3.236589
3.201249
3.212873
2.891397
3.038350
3.144651
2.769475
3.207401
3.193631
3.334864
3.172197
3.188093
3.046542
3.107788
3.174223
3.193832
2.972325
3.254334
2.940344
3.157181
2.916867
3.188807
3.075311
3.013732
3.374555
2.925231
3.123638
3.124422
3.174297
2.984516
3.006340
3.174686
3.083782
3.139177
3.170861
3.338939
3.174250
3.131381
3.006665
3.146445
3.098491
2.939604
3.013706
2.962259
3.162296
3.186859
3.107361
3.121965
3.168978
3.136206
3.361412
2.976256
3.269850
2.999172
3.127109
2.915889
2.976261
3.232368
3.144671
3.206027
3.049349
3.120788
2.977852
3.060240
3.343440
3.067690
3.020400
2.934943
2.876897
2.932968
3.157663
3.165688
3.191973
3.208911
3.257437
3.266379
3.150548
3.310543
3.355219
2.918250
3.194369
2.880836
3.055296
3.045296
3.286316
3.074299
2.949619
3.247335
3.347567
3.195447
3.188547
3.181202
3.248735
3.255659
2.921735
2.962246
3.142636
3.229949
3.083732
3.045312
3.086998
3.170846
3.272732
2.994411
2.922903
3.153827
3.041313
3.030948
3.189634
3.055432
3.263555
3.184233
3.063169
3.127306
3.103541
3.266279
3.159330
3.126935
3.240919
2.997564
3.097521
3.140069
3.027572
3.023173
2.954581
3.300012
3.186873
3.035094
3.199217
3.054882
3.263530
2.943735
3.090883
3.087173
3.108230
3.246636
3.043955
3.046071
3.185703
3.233474
3.125107
3.238242
3.292410
3.064721
2.983586
3.269920
3.205088
3.008462
3.113035
3.028693
3.143298
3.185525
3.001943
3.222393
2.940002
2.912742
3.075106
3.124543
3.262581
3.217045
3.060035
2.776633
3.157605
3.103012
3.230179
3.076530
3.100888
3.280446
3.094885
2.972964
2.992945
3.224850
3.022962
3.013820
3.222162
3.137249
3.237784
3.123599
3.121307
3.093127
3.158889
3.095488
3.213948
2.819464
3.157928
2.985353
3.086074
3.138220
3.094953
3.027354
3.046294
3.347273
3.101754
3.101083
3.097641
3.088940
3.261860
3.279093
3.117824
2.977436
2.888308
2.971096
3.260605
3.160534
3.117060
3.029663
2.982041
2.959403
2.950187
3.225763
3.138993
2.989012
3.063793
3.191516
3.157602
3.113988
3.158216
2.950910
3.313157
2.816849
3.196203
3.145755
3.255898
2.993826
2.983555
2.995154
3.112679
3.155020
3.313645
3.119426
3.327585
3.002630
3.282218
3.475580
2.921432
3.280871
3.247495
3.202857
3.022011
3.078445
3.182138
3.113962
2.968345
3.273817
3.295026
2.852532
3.203771
2.900045
3.150761
2.953920
3.382410
3.157630
3.075013
3.272441
3.224770
3.295204
3.191525
2.997160
3.115132
2.965827
2.961893
3.207984
3.022983
3.150409
3.249529
3.287745
3.004699
3.367928
3.071603
3.211768
3.113531
2.993122
3.114321
3.325948
3.027373
3.169457
3.103553
3.161301
3.022771
3.070229
3.245774
3.122401
3.027797
2.793756
3.134814
3.023256
3.055364
3.079777
3.242182
3.144056
3.077631
3.067996
3.149393
3.071759
3.149333
3.120864
3.222395
3.242204
3.060372
3.124205
3.217511
3.084849
3.298021
2.979290
2.955542
3.088808
2.925143
3.116590
3.095905
3.154210
3.016754
3.136470
3.109899
3.218490
3.204195
2.910763
2.964814
3.110414
3.076541
3.109564
3.223852
3.203083
3.130207
3.329485
3.278346
2.868622
2.818434
3.246594
3.130836
3.050578
3.042307
2.854896
3.335121
3.381702
3.068143
3.376694
3.211192
3.126658
3.334499
3.107739
2.912653
3.322923
2.927562
2.954303
3.132173
3.164693
3.115790
3.033105
2.952189
3.237834
3.152546
3.199870
3.355720
2.920889
3.287403
3.154304
2.906650
3.096672
3.150007
3.074396
2.834753
3.207675
3.009016
3.175935
2.817938
3.070292
3.179228
3.241501
3.223654
2.950282
3.276030
3.331835
3.082337
3.029795
3.294733
3.066141
3.153238
3.050197
3.300576
2.970766
3.140437
3.171730
3.254118
3.138660
3.189232
3.069121
3.135514
3.101664
2.869725
3.041225
3.037075
3.108533
3.170805
3.250116
3.329211
2.858656
3.042859
3.147027
3.082206
3.139918
3.089959
3.075519
3.077336
3.078253
3.216050
3.247355
3.001309
3.043121
3.286643
3.250954
3.092589
3.120328
3.247729
3.017031
3.072712
3.026654
3.162713
3.228621
3.074186
3.268612
3.143546
3.119740
2.948553
2.910581
3.251764
3.237333
3.218457
3.067570
3.179932
2.986858
2.999107
3.234859
3.007404
3.058559
3.564663
3.252171
2.850923
3.220804
3.076924
2.841752
2.942624
3.036871
3.135798
2.921697
3.038807
3.032972
2.972478
3.277481
3.046303
3.174721
3.208123
3.197127
2.690637
3.279760
2.908579
3.061878
3.236840
3.228995
3.156221
3.150883
3.346347
3.132199
3.257690
2.977395
3.064902
3.041662
2.875621
2.951116
2.872716
3.272889
3.032854
3.171719
3.106010
3.355652
3.011617
3.295435
3.144346
3.392732
3.021901
3.099303
2.891833
3.177667
3.266136
2.794802
3.034975
2.947892
3.016001
3.178517
3.281774
3.247816
3.196083
3.041938
3.117418
3.196411
3.062622
3.058139
2.956483
3.251213
3.202012
3.079382
3.163282
3.207152
3.200320
3.566413
3.299216
3.129782
3.281102
3.022616
3.157380
3.040725
3.280705
3.033736
2.831714
3.030307
3.079293
3.193042
3.286118
3.255947
3.097610
3.046760
3.088999
3.206143
2.942925
3.027274
3.197876
3.331142
3.151777
3.215524
3.178396
3.138998
3.300506
3.222569
3.211269
3.121543
3.048386
3.207886
3.038487
2.912713
2.830646
3.117358
3.055572
3.245453
2.974391
2.904424
3.223113
2.933935
3.234860
3.010062
3.312482
3.084096
3.194599
2.862005
2.873904
2.850613
2.996963
3.240282
3.152361
2.974961
3.134429
2.968929
3.264864
3.401406
2.872224
3.188981
3.409710
3.201374
2.830361
3.101617
3.116740
3.122317
3.066828
3.182103
3.044079
3.041624
2.968682
3.345329
2.958072
3.132849
3.151460
3.203465
3.236447
3.145332
3.133732
3.204726
3.385153
3.311687
3.092923
2.654738
3.408775
3.088868
3.199102
3.233012
3.185645
3.142552
3.233416
3.122010
3.135602
3.049378
3.091351
3.193632
3.083872
2.931427
3.372753
3.224323
3.187630
3.015844
3.054039
3.145925
3.141054
2.672925
3.152430
3.047218
3.076247
3.073326
3.112362
3.153207
2.932809
3.194729
3.004371
3.208640
3.039370
3.083812
2.790010
3.209244
3.156755
3.147676
3.111257
3.263487
3.125510
2.875930
3.388613
3.319181
3.266249
2.956118
3.038338
3.240690
3.127128
3.085925
3.182713
3.125055
2.887114
3.280889
3.270402
3.217217
3.101750
3.212454
3.409304
2.861949
3.207866
3.279798
3.220428
3.100444
2.918607
3.028769
3.095925
3.049737
3.119867
3.068720
3.092020
3.412104
3.134321
3.025425
3.123454
3.201274
3.329385
3.086764
3.034067
3.213513
2.964390
3.106144
3.125945
3.197252
3.023958
3.300744
3.048479
3.059386
3.046362
2.879184
3.381699
3.334047
3.263557
3.052359
2.904698
3.288982
3.291282
3.139008
3.198798
2.942288
3.084314
3.154274
3.057700
3.158943
3.189854
3.088544
2.744606
3.189380
3.388764
3.287303
3.236492
2.923736
3.083416
3.043435
2.901927
2.987818
2.862586
3.126067
3.169095
3.398867
3.176791
3.177257
2.998044
3.211421
3.051038
3.023261
3.131173
3.284038
3.231602
3.203860
3.070224
3.130433
3.147711
3.158861
3.000895
2.952504
3.125899
3.047656
3.368216
3.223445
3.233630
3.278220
2.940950
3.172258
3.298165
3.155449
2.890227
2.927727
3.343733
2.998556
3.037566
3.096661
3.305090
2.911312
3.273063
3.194553
3.029312
3.171592
3.273069
3.172628
3.121668
3.464359
2.863480
3.009850
3.076283
3.228362
3.301164
3.131026
3.168766
2.893069
3.256835
3.285149
2.960294
2.999365
3.159663
3.039661
2.971530
3.192786
2.862444
3.253999
3.156980
3.008171
2.938126
3.036864
3.198112
3.154231
3.223167
3.082833
3.267484
2.910598
3.338958
3.427799
2.957597
3.212715
3.171529
3.228445
2.981097
3.165448
3.059096
2.940794
2.903093
3.402211
3.214247
2.912591
3.084583
3.056285
3.152432
3.232239
3.110565
3.055284
3.207764
2.956321
2.944970
3.157316
3.253491
2.677708
3.066185
3.127273
3.487233
3.090230
2.977431
3.065067
3.321790
2.919782
3.148415
3.195208
2.960701
2.982973
3.088417
3.293265
2.957226
3.034523
2.893036
3.236838
3.105952
3.140398
3.224948
3.044752
3.198169
3.203354
2.976367
3.069502
3.348716
3.197542
3.244220
3.206395
3.097055
3.178972
3.119506
3.174146
3.212347
3.158815
2.769451
3.151370
3.272653
2.901362
3.122591
2.979477
3.172873
3.257971
3.113414
2.805159
3.079403
3.260308
3.111382
3.138782
3.236419
3.077406
3.192689
3.044239
3.310468
2.984618
2.930462
2.810175
3.251621
3.340682
3.017873
3.127054
3.082119
2.883542
3.223678
2.911331
3.181788
3.244546
3.450810
2.963793
3.003339
3.150855
3.030202
3.147353
3.203235
2.862087
3.236173
3.149922
3.369969
3.331387
3.405371
3.029737
3.211544
3.038838
3.217583
3.201827
3.211595
3.059812
2.892647
3.081402
3.479379
2.914028
3.274075
3.308756
3.021437
3.299854
3.180704
3.052800
3.249886
3.127526
3.255289
3.109729
2.928522
2.955501
3.326838
3.075420
3.295800
2.945138
3.113207
3.423416
3.090708
3.134514
3.026408
3.286805
3.081926
3.200260
3.266416
3.137980
3.166028
3.180320
3.258018
3.190920
3.155772
2.789635
3.001728
3.218888
3.094106
2.910027
3.116123
3.103711
3.142891
3.013764
2.991267
3.122917
3.045726
3.149162
3.025112
3.308246
3.056031
3.152011
3.076100
3.149208
3.183165
3.174127
3.201813
3.270973
3.038266
2.964508
3.241280
3.045089
3.092122
3.120182
2.833156
3.140574
3.184923
3.021513
3.096884
3.344453
3.030149
3.283853
3.254985
3.074045
3.159981
3.126485
3.180706
3.008050
3.009012
2.872432
3.024393
3.260727
3.216451
2.970780
3.075772
3.149340
3.173455
3.201703
3.105705
3.225781
3.030724
3.223814
3.144333
3.183873
3.088266
3.294740
3.123988
3.124406
3.212781
3.245248
3.038794
2.889768
3.106700
3.076273
3.092454
3.012040
3.238714
3.202117
2.993153
2.898110
3.071374
3.146585
3.115925
3.236998
3.004921
3.069378
3.032313
3.066096
3.217057
3.198612
3.062112
2.881650
3.005032
2.967345
3.020144
3.077451
2.785108
3.342390
3.194479
3.329001
3.153230
2.944575
3.097545
3.101451
2.821468
3.169760
3.062783
3.290571
3.265652
2.809820
3.265439
3.034860
2.958927
3.195048
3.082702
3.268210
3.362920
2.955563
3.241814
3.027378
3.172078
2.994812
3.025834
3.213537
3.272924
3.404987
3.043556
3.303209
3.020526
3.260455
3.198304
3.232960
3.069721
2.937042
2.935248
2.717897
3.088500
3.188354
2.926923
3.096820
3.158161
3.104515
3.291365
3.020939
3.217013
3.187837
3.063003
3.317672
3.305119
3.153864
2.934165
2.898015
3.090383
3.227244
3.050111
2.794387
3.034357
3.291490
3.119854
3.182886
3.094253
3.117438
3.231535
3.070073
3.188389
3.075793
3.193688
3.106371
2.899493
3.214250
3.191704
3.091561
3.250057
3.191350
2.821571
3.228607
3.254321
3.083648
3.093746
2.823365
3.174618
3.151254
3.109106
3.111898
2.920509
3.011454
3.134535
3.157886
3.093245
3.044984
2.948372
3.198258
3.076297
3.056244
3.088846
3.440682
2.961029
3.195580
2.861682
3.267785
3.330887
3.027862
3.067306
3.054947
3.203800
3.527060
3.058767
3.427800
2.993770
3.178450
2.929104
2.975195
3.213085
3.013753
2.993112
3.037598
3.078943
3.203575
3.136200
2.889327
2.975557
3.148543
3.232806
2.944157
3.081533
3.286789
3.115589
3.102236
3.087552
3.144274
3.254167
3.345047
3.087687
3.053989
3.051432
3.179681
3.064325
3.069726
3.157104
3.027162
3.148019
3.177451
3.012572
3.170811
3.034444
3.020843
3.053033
3.267232
3.059730
2.996408
3.125363
3.172101
3.099546
2.818203
3.214720
3.163865
3.102141
2.830453
3.154879
3.071315
3.063285
2.984772
3.228562
3.305442
2.728893
3.184392
3.276849
3.281190
2.800846
2.915956
3.181509
3.283718
3.248862
3.244994
2.979924
3.053797
3.150156
3.103425
3.017185
3.099792
2.999699
3.015130
3.294545
2.915970
3.064159
3.153331
2.978802
3.253835
3.179876
3.180542
3.240197
3.095272
3.184555
2.855544
3.007680
3.069696
3.202659
3.200189
3.130477
2.978843
3.035005
3.029261
3.122896
3.018257
3.173981
3.193982
3.439569
2.975732
3.067919
3.147534
3.197641
3.167973
3.239837
3.233072
3.123033
2.977572
2.880637
3.132609
2.722629
3.285796
3.124925
3.148259
3.174012
3.388212
3.099056
3.229621
3.075160
3.337893
3.086344
3.052135
3.133988
3.104905
2.978386
3.059431
3.017284
3.160257
2.956247
3.057724
2.944704
2.912212
3.029168
2.826059
3.067443
3.203039
2.972460
3.186540
3.108597
3.006413
3.027025
2.890292
3.319016
3.071886
3.180294
3.307477
3.156849
3.125012
2.992375
3.236108
3.118604
3.252770
3.117565
3.016925
3.093032
3.050747
2.943235
3.212478
3.128788
3.218098
3.143861
3.211934
3.184025
3.056686
3.103318
3.113989
3.092918
2.812792
3.108426
3.169834
2.936932
3.027052
3.216964
2.942502
3.258046
3.140084
3.172306
2.981180
3.185346
3.118447
2.956301
3.159854
3.318005
3.196009
3.225482
3.323836
3.157386
3.204936
3.094274
3.100392
3.168289
2.825935
3.218167
3.004719
3.449883
2.987356
3.061346
3.220136
2.989024
2.953469
3.235496
3.024366
2.621924
3.167931
3.147089
3.145918
3.061296
3.070225
3.265429
3.251605
2.963270
2.881934
3.141722
3.145171
3.202362
3.073721
3.086216
3.107505
3.151118
2.858199
3.029166
3.236779
3.001797
2.816393
3.140282
3.120361
3.286464
2.737099
3.051605
3.273195
2.919744
3.364426
3.166696
3.036928
2.980275
3.141888
3.161992
3.084201
3.161523
3.287936
3.285785
3.018130
3.000440
3.080112
2.915656
3.189155
3.570242
3.210991
2.925448
3.269118
3.053997
2.988895
3.103317
3.195459
2.850760
3.189700
2.974489
3.230460
3.250305
2.964918
3.079610
3.135689
2.956185
3.208114
3.069075
2.903943
3.219900
3.140972
2.825508
3.080999
3.108202
2.971154
3.475949
3.224390
3.049324
3.371536
3.101765
3.033076
3.324944
3.183327
2.938467
2.968740
3.330722
3.169633
3.319589
2.969275
3.342946
3.096708
3.135124
3.001988
3.195459
3.007868
2.974541
3.235697
3.090765
3.007341
3.015372
3.046634
3.254893
3.069390
3.281910
3.204511
3.004770
3.153684
3.187030
3.052596
3.213615
3.132826
3.123079
3.083877
2.998368
2.894772
3.103150
3.196601
2.954895
3.125758
3.179142
3.157450
3.169405
2.976220
3.343014
3.103480
3.051432
3.034944
3.380254
2.960963
3.061312
3.049279
3.052047
3.234759
3.011259
3.247480
3.035355
3.171614
2.982583
3.087043
3.278194
3.303390
3.045353
3.164272
3.196410
3.248750
3.167273
2.907172
3.249615
3.089698
3.258472
3.316216
2.953393
3.202619
3.171890
3.277366
2.923559
3.304315
3.215304
3.047809
3.352388
3.242828
3.277206
3.062690
2.996043
2.937774
2.950206
3.202360
3.037545
3.089392
3.110067
3.373572
3.036050
2.939598
3.154709
3.212013
2.842708
2.814342
3.145489
3.210005
2.955290
3.364497
3.019289
3.204498
2.915928
3.075151
3.049965
3.147898
3.017057
3.154163
3.048711
3.143774
3.234523
3.220364
2.867178
3.240984
3.053908
3.228876
3.316215
2.981914
2.806156
3.326843
3.201220
2.738877
3.014573
3.199113
3.078519
3.196551
2.750606
3.053605
3.090777
2.947033
3.143170
3.100941
2.928554
3.234438
2.998994
3.134007
3.024410
3.130570
3.295671
3.093081
3.468621
3.067581
3.066421
3.184780
3.148332
3.016580
3.173437
3.027764
3.211871
3.076171
3.121384
2.804243
3.164542
3.028430
3.130475
2.941506
3.108902
3.070648
3.264476
3.155600
2.887014
3.118822
3.155439
3.253414
2.971316
3.207483
3.231485
3.046454
3.166990
3.010434
3.172493
2.732312
3.151480
3.064985
3.128424
3.170080
3.157213
3.209771
2.935912
3.046537
3.005061
2.937380
2.886666
3.022094
3.268131
3.174996
2.838589
2.943282
3.077924
3.043739
3.183639
3.229935
3.399692
3.213881
3.014767
3.011756
2.893643
3.191530
2.983303
3.010823
3.122041
3.210088
3.271866
3.196935
3.240675
3.145238
2.675290
3.072418
3.196137
3.204780
3.035623
3.188536
3.101266
2.950573
3.070296
2.996319
3.058000
3.382465
3.217796
3.171343
3.092764
